0.0401541, 0, 0, 0.0736828, 0, 0, 
-0.00245375, 0, 0, 0.045403, 0, 0, 0.0662461, 0, 0, 0.0583509, 0, 0, 0.0272293, 0, 0, 0.0132942, 0, 0, 
0.079375, 0, 0, 0.113486, 0, 0, 0.135653, 0, 0, 0.116088, 0, 0, 0.096241, 0, 0, 0.0751859, 0, 0, 0.0547993, 0, 0, 0.0340495, 0, 0, 0.0166795, 0, 0, 0.00643777, 0, 0, 
0.164236, 0, 0, 0.202922, 0, 0, 0.223936, 0, 0, 0.20325, 0, 0, 0.180866, 0, 0, 0.15906, 0, 0, 0.136659, 0, 0, 0.113878, 0, 0, 0.0931094, 0, 0, 0.0742536, 0, 0, 0.0571506, 0, 0, 0.0379511, 0, 0, 0.0197386, 0, 0, 
0.244023, 0, 0, 0.279465, 0, 0, 0.300362, 0, 0, 0.279759, 0, 0, 0.258051, 0, 0, 0.238278, 0, 0, 0.219142, 0, 0, 0.199104, 0, 0, 0.180121, 0, 0, 0.158056, 0, 0, 0.136779, 0, 0, 0.116462, 0, 0, 0.0952997, 0, 0, 0.0739341, 0, 0, 0.053698, 0, 0, 0.0319265, 0, 0, 0.0128811, 0, 0, 
0.310826, 0, 0, 0.344665, 0, 0, 0.364788, 0, 0, 0.34611, 0, 0, 0.32618, 0, 0, 0.305654, 0, 0, 0.284674, 0, 0, 0.264854, 0, 0, 0.244456, 0, 0, 0.223928, 0, 0, 0.203727, 0, 0, 0.182705, 0, 0, 0.163513, 0, 0, 0.14399, 0, 0, 0.12374, 0, 0, 0.104218, 0, 0, 0.0851104, 0, 0, 0.0653771, 0, 0, 0.0461734, 0, 0, 0.0260828, 0, 0, 0.00603866, 0, 0, 
0.385601, 0, 0, 0.420061, 0, 0, 0.440449, 0, 0, 0.420291, 0, 0, 0.400205, 0, 0, 0.379931, 0, 0, 0.36012, 0, 0, 0.339753, 0, 0, 0.319632, 0, 0, 0.299221, 0, 0, 0.279069, 0, 0, 0.258409, 0, 0, 0.237837, 0, 0, 0.217905, 0, 0, 0.198884, 0, 0, 0.179094, 0, 0, 0.159288, 0, 0, 0.139268, 0, 0, 0.118866, 0, 0, 0.098858, 0, 0, 0.0790637, 0, 0, 0.0596065, 0, 0, 0.0393833, 0, 0, 0.019327, 0, 0, 
0.45956, 0, 0, 0.492486, 0, 0, 0.512411, 0, 0, 0.492498, 0, 0, 0.472407, 0, 0, 0.452676, 0, 0, 0.432725, 0, 0, 0.412598, 0, 0, 0.392619, 0, 0, 0.372807, 0, 0, 0.352434, 0, 0, 0.332655, 0, 0, 0.312686, 0, 0, 0.292465, 0, 0, 0.272631, 0, 0, 0.252379, 0, 0, 0.232657, 0, 0, 0.212733, 0, 0, 0.192823, 0, 0, 0.172779, 0, 0, 0.152913, 0, 0, 0.132715, 0, 0, 0.112743, 0, 0, 0.0926386, 0, 0, 0.0725505, 0, 0, 0.0522611, 0, 0, 0.0322683, 0, 0, 0.0124817, 0, 0, 
0.533099, 0, 0, 0.566518, 0, 0, 0.586602, 0, 0, 0.566516, 0, 0, 0.546647, 0, 0, 0.526729, 0, 0, 0.506724, 0, 0, 0.486575, 0, 0, 0.466268, 0, 0, 0.446318, 0, 0, 0.426398, 0, 0, 0.406382, 0, 0, 0.386447, 0, 0, 0.366424, 0, 0, 0.346149, 0, 0, 0.326543, 0, 0, 0.306634, 0, 0, 0.286671, 0, 0, 0.266477, 0, 0, 0.246322, 0, 0, 0.226145, 0, 0, 0.206268, 0, 0, 0.186227, 0, 0, 0.166173, 0, 0, 0.146307, 0, 0, 0.126403, 0, 0, 0.106323, 0, 0, 0.0861963, 0, 0, 0.0660779, 0, 0, 0.0459907, 0, 0, 0.0257445, 0, 0, 0.00563677, 0, 0, 
0.607033, 0, 0, 0.640446, 0, 0, 0.660598, 0, 0, 0.640641, 0, 0, 0.620639, 0, 0, 0.600656, 0, 0, 0.580527, 0, 0, 0.56046, 0, 0, 0.540301, 0, 0, 0.520302, 0, 0, 0.500194, 0, 0, 0.480176, 0, 0, 0.460049, 0, 0, 0.440176, 0, 0, 0.420019, 0, 0, 0.400181, 0, 0, 0.380138, 0, 0, 0.360115, 0, 0, 0.34015, 0, 0, 0.320139, 0, 0, 0.300031, 0, 0, 0.280069, 0, 0, 0.259999, 0, 0, 0.239766, 0, 0, 0.219666, 0, 0, 0.199536, 0, 0, 0.179473, 0, 0, 0.159444, 0, 0, 0.139355, 0, 0, 0.119352, 0, 0, 0.0992562, 0, 0, 0.0792902, 0, 0, 0.0593129, 0, 0, 0.0391552, 0, 0, 0.0189236, 0, 0, 
0.681368, 0, 0, 0.714968, 0, 0, 0.735103, 0, 0, 0.714995, 0, 0, 0.69493, 0, 0, 0.674821, 0, 0, 0.654721, 0, 0, 0.634692, 0, 0, 0.614557, 0, 0, 0.594418, 0, 0, 0.574289, 0, 0, 0.554271, 0, 0, 0.534213, 0, 0, 0.514231, 0, 0, 0.494071, 0, 0, 0.47408, 0, 0, 0.453867, 0, 0, 0.43373, 0, 0, 0.413551, 0, 0, 0.393448, 0, 0, 0.373279, 0, 0, 0.353257, 0, 0, 0.333236, 0, 0, 0.313194, 0, 0, 0.29307, 0, 0, 0.273002, 0, 0, 0.252943, 0, 0, 0.23291, 0, 0, 0.212868, 0, 0, 0.192737, 0, 0, 0.172659, 0, 0, 0.152571, 0, 0, 0.132534, 0, 0, 0.112423, 0, 0, 0.0923658, 0, 0, 0.0722418, 0, 0, 0.0520826, 0, 0, 0.0320721, 0, 0, 0.0120788, 0, 0, 
0.754553, 0, 0, 0.788137, 0, 0, 0.808226, 0, 0, 0.788142, 0, 0, 0.768064, 0, 0, 0.747975, 0, 0, 0.727874, 0, 0, 0.707805, 0, 0, 0.68775, 0, 0, 0.667611, 0, 0, 0.647498, 0, 0, 0.627425, 0, 0, 0.607376, 0, 0, 0.58732, 0, 0, 0.567214, 0, 0, 0.547146, 0, 0, 0.527062, 0, 0, 0.507035, 0, 0, 0.486907, 0, 0, 0.466835, 0, 0, 0.446737, 0, 0, 0.426733, 0, 0, 0.406696, 0, 0, 0.386629, 0, 0, 0.366527, 0, 0, 0.346499, 0, 0, 0.326382, 0, 0, 0.306296, 0, 0, 0.286253, 0, 0, 0.266179, 0, 0, 0.246066, 0, 0, 0.226001, 0, 0, 0.205931, 0, 0, 0.185803, 0, 0, 0.165731, 0, 0, 0.145689, 0, 0, 0.125648, 0, 0, 0.105678, 0, 0, 0.0856245, 0, 0, 0.065526, 0, 0, 0.0454512, 0, 0, 0.025332, 0, 0, 0.00523422, 0, 0, 
0.828069, 0, 0, 0.861665, 0, 0, 0.881737, 0, 0, 0.861664, 0, 0, 0.841593, 0, 0, 0.82151, 0, 0, 0.801433, 0, 0, 0.78134, 0, 0, 0.761269, 0, 0, 0.741159, 0, 0, 0.721072, 0, 0, 0.700988, 0, 0, 0.680926, 0, 0, 0.660845, 0, 0, 0.640767, 0, 0, 0.620687, 0, 0, 0.60062, 0, 0, 0.580572, 0, 0, 0.560495, 0, 0, 0.540423, 0, 0, 0.520306, 0, 0, 0.500199, 0, 0, 0.480141, 0, 0, 0.460085, 0, 0, 0.440055, 0, 0, 0.41998, 0, 0, 0.399878, 0, 0, 0.379811, 0, 0, 0.359729, 0, 0, 0.339658, 0, 0, 0.319595, 0, 0, 0.299508, 0, 0, 0.279425, 0, 0, 0.259336, 0, 0, 0.239239, 0, 0, 0.219208, 0, 0, 0.199158, 0, 0, 0.179077, 0, 0, 0.158983, 0, 0, 0.138915, 0, 0, 0.118836, 0, 0, 0.0987911, 0, 0, 0.0787271, 0, 0, 0.058634, 0, 0, 0.038543, 0, 0, 0.018521, 0, 0, 
0.901641, 0, 0, 0.935134, 0, 0, 0.95524, 0, 0, 0.935192, 0, 0, 0.915124, 0, 0, 0.895018, 0, 0, 0.874941, 0, 0, 0.854876, 0, 0, 0.83482, 0, 0, 0.814734, 0, 0, 0.794652, 0, 0, 0.774581, 0, 0, 0.754536, 0, 0, 0.734465, 0, 0, 0.714421, 0, 0, 0.694359, 0, 0, 0.674267, 0, 0, 0.654181, 0, 0, 0.63409, 0, 0, 0.613987, 0, 0, 0.593891, 0, 0, 0.57381, 0, 0, 0.553736, 0, 0, 0.533671, 0, 0, 0.513609, 0, 0, 0.493513, 0, 0, 0.473432, 0, 0, 0.453368, 0, 0, 0.433313, 0, 0, 0.41324, 0, 0, 0.393173, 0, 0, 0.373108, 0, 0, 0.353052, 0, 0, 0.332975, 0, 0, 0.312896, 0, 0, 0.292808, 0, 0, 0.272742, 0, 0, 0.252651, 0, 0, 0.232597, 0, 0, 0.212508, 0, 0, 0.192421, 0, 0, 0.17234, 0, 0, 0.152261, 0, 0, 0.132175, 0, 0, 0.112073, 0, 0, 0.0919828, 0, 0, 0.0719148, 0, 0, 0.0518496, 0, 0, 0.0317682, 0, 0, 0.0116761, 0, 0, 
0.975036, 0, 0, 1.00859, 0, 0, 1.02865, 0, 0, 1.00857, 0, 0, 0.988507, 0, 0, 0.968439, 0, 0, 0.948369, 0, 0, 0.928294, 0, 0, 0.908201, 0, 0, 0.888118, 0, 0, 0.868038, 0, 0, 0.847966, 0, 0, 0.827903, 0, 0, 0.807839, 0, 0, 0.787765, 0, 0, 0.767688, 0, 0, 0.747614, 0, 0, 0.727561, 0, 0, 0.707513, 0, 0, 0.687437, 0, 0, 0.667346, 0, 0, 0.647266, 0, 0, 0.627196, 0, 0, 0.607112, 0, 0, 0.587015, 0, 0, 0.566932, 0, 0, 0.546856, 0, 0, 0.526765, 0, 0, 0.506699, 0, 0, 0.486612, 0, 0, 0.466552, 0, 0, 0.446468, 0, 0, 0.426375, 0, 0, 0.406274, 0, 0, 0.386195, 0, 0, 0.366106, 0, 0, 0.346046, 0, 0, 0.325972, 0, 0, 0.305923, 0, 0, 0.285856, 0, 0, 0.265791, 0, 0, 0.245712, 0, 0, 0.225639, 0, 0, 0.205576, 0, 0, 0.185518, 0, 0, 0.165438, 0, 0, 0.145362, 0, 0, 0.125293, 0, 0, 0.105228, 0, 0, 0.0851353, 0, 0, 0.065051, 0, 0, 0.0449643, 0, 0, 0.0248892, 0, 0, 0.0048314, 0, 0, 
1.04869, 0, 0, 1.08221, 0, 0, 1.10229, 0, 0, 1.08222, 0, 0, 1.06214, 0, 0, 1.04204, 0, 0, 1.02195, 0, 0, 1.00187, 0, 0, 0.981756, 0, 0, 0.961653, 0, 0, 0.941573, 0, 0, 0.921503, 0, 0, 0.901431, 0, 0, 0.881351, 0, 0, 0.861283, 0, 0, 0.841207, 0, 0, 0.821139, 0, 0, 0.801062, 0, 0, 0.780995, 0, 0, 0.760942, 0, 0, 0.740869, 0, 0, 0.720781, 0, 0, 0.700692, 0, 0, 0.680608, 0, 0, 0.660529, 0, 0, 0.640434, 0, 0, 0.620333, 0, 0, 0.600258, 0, 0, 0.58018, 0, 0, 0.560106, 0, 0, 0.540039, 0, 0, 0.51995, 0, 0, 0.49987, 0, 0, 0.479801, 0, 0, 0.45972, 0, 0, 0.439635, 0, 0, 0.419548, 0, 0, 0.399467, 0, 0, 0.379388, 0, 0, 0.359311, 0, 0, 0.33925, 0, 0, 0.319183, 0, 0, 0.299121, 0, 0, 0.279056, 0, 0, 0.258975, 0, 0, 0.238912, 0, 0, 0.218846, 0, 0, 0.198784, 0, 0, 0.178696, 0, 0, 0.158612, 0, 0, 0.13854, 0, 0, 0.118473, 0, 0, 0.0984011, 0, 0, 0.0783158, 0, 0, 0.0582297, 0, 0, 0.0381552, 0, 0, 0.0181182, 0, 0, 
1.12196, 0, 0, 1.15548, 0, 0, 1.17557, 0, 0, 1.1555, 0, 0, 1.13543, 0, 0, 1.11535, 0, 0, 1.09528, 0, 0, 1.07522, 0, 0, 1.05516, 0, 0, 1.03509, 0, 0, 1.01502, 0, 0, 0.994956, 0, 0, 0.97488, 0, 0, 0.954793, 0, 0, 0.934711, 0, 0, 0.914636, 0, 0, 0.894556, 0, 0, 0.874458, 0, 0, 0.854396, 0, 0, 0.834352, 0, 0, 0.814291, 0, 0, 0.794217, 0, 0, 0.774151, 0, 0, 0.754094, 0, 0, 0.734013, 0, 0, 0.713956, 0, 0, 0.693881, 0, 0, 0.673796, 0, 0, 0.653711, 0, 0, 0.633613, 0, 0, 0.613535, 0, 0, 0.593473, 0, 0, 0.573407, 0, 0, 0.55335, 0, 0, 0.533273, 0, 0, 0.513191, 0, 0, 0.493106, 0, 0, 0.47302, 0, 0, 0.452929, 0, 0, 0.432857, 0, 0, 0.412776, 0, 0, 0.392703, 0, 0, 0.372616, 0, 0, 0.352537, 0, 0, 0.332463, 0, 0, 0.312406, 0, 0, 0.292334, 0, 0, 0.272268, 0, 0, 0.252206, 0, 0, 0.232124, 0, 0, 0.21203, 0, 0, 0.191956, 0, 0, 0.171883, 0, 0, 0.151806, 0, 0, 0.131721, 0, 0, 0.111642, 0, 0, 0.0915701, 0, 0, 0.0714892, 0, 0, 0.0514259, 0, 0, 0.0313516, 0, 0, 0.0112734, 0, 0, 
