0.0403742, 0, 0, 0.0294731, 0, 0, 
0.00441383, -0.00952297, -0.0360106, 0.0128817, -0.0101142, -0.0382398, 0.00898931, -0.00538208, -0.0203492, 0.0091472, 0, 0, 
0.036324, 0.00242611, -0.0112623, 0.0303898, 0.00241103, -0.00119577, 0.0151297, 0.0102999, 0.00774506, -0.00230444, -0.000238522, 0.00422668, 0.0182933, 0, 0, 
0.0393045, -0.0161193, 0.028609, 0.0411767, -0.0230058, 0.0203683, 0.0331893, -0.0332061, 0.00569532, 0.0171887, -0.0343371, -0.00673195, 0.00666967, -0.0262076, -0.0214389, 0.00452098, -0.00608794, -0.0186358, 0.00711427, 0, 0, 
0.0451746, -0.101035, -0.00640924, 0.039037, -0.0967302, 0.00135699, 0.0275615, -0.0867155, 0.0143425, 0.0165845, -0.0705964, 0.0201036, 0.00921739, -0.0515385, 0.0180671, 0.0104093, -0.0316993, 0.0163372, 0.00825839, -0.0119966, 0.0141536, 0.0162612, 0, 0, 
0.0506426, -0.149474, 0.0286075, 0.044899, -0.140862, 0.0253188, 0.035591, -0.123482, 0.0209638, 0.0281162, -0.10516, 0.0166216, 0.0198744, -0.0877523, 0.0104411, 0.0232601, -0.0682782, 0.00604004, 0.0325671, -0.0504903, 0.00727421, 0.0294332, -0.0305502, 0.0068974, 0.0195157, -0.0128841, 0.00591288, 0.00508144, 0, 0, 
0.0463976, -0.176883, 0.0215317, 0.04811, -0.166142, 0.0231538, 0.0498347, -0.146042, 0.0245301, 0.0495518, -0.125978, 0.0227685, 0.0344706, -0.1127, 0.0218841, 0.0213497, -0.0975124, 0.0189193, 0.0190557, -0.0780396, 0.0144376, 0.0144465, -0.0585101, 0.0121759, 0.0118566, -0.0386672, 0.00935929, 0.0101084, -0.0191834, 0.00467572, 0.0142284, 0, 0, 
0.0120629, -0.179919, 0.0313022, 0.0208101, -0.17345, 0.0308555, 0.0369226, -0.161337, 0.0303059, 0.0497501, -0.145974, 0.0275975, 0.0603709, -0.129974, 0.0214221, 0.0644532, -0.111225, 0.0156008, 0.0612087, -0.0919611, 0.0101602, 0.0498297, -0.0756219, 0.00680933, 0.0388422, -0.0587891, 0.00416178, 0.0387644, -0.0387796, 0.00107192, 0.037434, -0.0186936, -0.00021098, 0.022631, -0.00498727, 2.02896e-05, 0.00304891, 0, 0, 
0.0667298, -0.226112, 0.0346765, 0.06205, -0.21632, 0.0341917, 0.0530823, -0.198273, 0.0330529, 0.0452882, -0.179806, 0.0314475, 0.0433806, -0.160021, 0.0282358, 0.0494523, -0.141134, 0.0242082, 0.0576789, -0.12309, 0.0205156, 0.0618634, -0.103747, 0.0162377, 0.0608718, -0.084098, 0.0118029, 0.0571903, -0.06474, 0.00749731, 0.051304, -0.0457697, 0.00382277, 0.0396025, -0.0294211, 0.00182822, 0.0269567, -0.0137641, 0.000470031, 0.0121957, 0, 0, 
0.0598823, -0.259928, 0.0426992, 0.0613037, -0.249236, 0.0411481, 0.0641571, -0.229428, 0.0382636, 0.0669376, -0.209762, 0.0348993, 0.0655831, -0.190011, 0.0310238, 0.0646083, -0.170256, 0.027164, 0.065682, -0.150402, 0.0238003, 0.0670876, -0.130519, 0.0206733, 0.0637241, -0.110767, 0.017984, 0.0538685, -0.0933607, 0.0153535, 0.0428454, -0.0766167, 0.0128021, 0.0348912, -0.0582378, 0.0102578, 0.0288337, -0.0391461, 0.00742857, 0.026208, -0.0194492, 0.0038141, 0.0211813, -0.000279172, 0.000147473, 0.00101615, 0, 0, 
0.0712112, -0.288892, 0.0457877, 0.0719137, -0.27805, 0.0446707, 0.0734224, -0.257981, 0.0424733, 0.0743154, -0.237972, 0.0396484, 0.0764754, -0.21815, 0.0362391, 0.0761379, -0.198276, 0.0328021, 0.0690379, -0.179637, 0.0298698, 0.059154, -0.162273, 0.0269815, 0.0577239, -0.142458, 0.0235677, 0.0641485, -0.123605, 0.0204155, 0.0663725, -0.103824, 0.0171636, 0.0623143, -0.0843394, 0.0140496, 0.0532561, -0.066486, 0.0113713, 0.0418527, -0.0500607, 0.00843189, 0.0326806, -0.0323354, 0.00521314, 0.0242014, -0.0142801, 0.00214251, 0.0101631, 0, 0, 
0.0841606, -0.316764, 0.0515315, 0.0815025, -0.306309, 0.0499574, 0.0773199, -0.28684, 0.0470129, 0.076853, -0.266922, 0.0438501, 0.0761936, -0.246987, 0.040552, 0.075502, -0.227007, 0.0372936, 0.077657, -0.207134, 0.0342589, 0.0813407, -0.187558, 0.0311399, 0.0805815, -0.167711, 0.0277413, 0.0759782, -0.148356, 0.0244462, 0.0720479, -0.128824, 0.0213608, 0.0669212, -0.10955, 0.0183398, 0.0590097, -0.0911994, 0.0153944, 0.0496167, -0.0734972, 0.0125974, 0.0399621, -0.0559912, 0.00972228, 0.0317423, -0.0378295, 0.00660479, 0.0260358, -0.0187393, 0.00335102, 0.0193099, 0, 0, 
0.0906933, -0.341458, 0.0556919, 0.0872705, -0.331236, 0.0540429, 0.0816316, -0.312072, 0.0509627, 0.0795788, -0.292213, 0.0478531, 0.0794766, -0.272276, 0.0446896, 0.0802291, -0.25236, 0.0414911, 0.0839578, -0.232789, 0.0383754, 0.0870777, -0.213112, 0.0352703, 0.0892671, -0.193292, 0.0321173, 0.0899354, -0.173361, 0.0288552, 0.0827226, -0.154771, 0.0257695, 0.0717524, -0.138081, 0.0230262, 0.0681967, -0.118482, 0.0198529, 0.0700897, -0.098668, 0.0165972, 0.0683117, -0.0788137, 0.0133575, 0.0605764, -0.0603725, 0.0103881, 0.0483412, -0.0445149, 0.00763754, 0.0343249, -0.0301474, 0.00507745, 0.0204102, -0.0157271, 0.00259447, 0.00813043, 0, 0, 
0.0782984, -0.367129, 0.0597905, 0.0806346, -0.35662, 0.0581478, 0.0847631, -0.337137, 0.0550892, 0.0882604, -0.317515, 0.051907, 0.0919888, -0.297926, 0.0487814, 0.0936753, -0.278047, 0.0457055, 0.0910031, -0.258295, 0.0425357, 0.0875317, -0.238658, 0.0393607, 0.0860907, -0.21876, 0.0361714, 0.0885467, -0.198958, 0.0330538, 0.0915276, -0.179235, 0.0299341, 0.0928958, -0.159362, 0.0266867, 0.0909599, -0.139561, 0.0233859, 0.0862383, -0.120203, 0.0201781, 0.0796736, -0.101387, 0.017037, 0.0703014, -0.083772, 0.0140901, 0.0618263, -0.0656774, 0.0111479, 0.0525756, -0.0479654, 0.00824818, 0.0397416, -0.032638, 0.00556575, 0.0263329, -0.0177993, 0.00292838, 0.0172773, 0, 0, 
0.0769267, -0.388603, 0.0632597, 0.0805654, -0.378446, 0.0616662, 0.087098, -0.359526, 0.0586851, 0.0920684, -0.340146, 0.0556065, 0.0946238, -0.320357, 0.0524971, 0.0932493, -0.300499, 0.049276, 0.0909366, -0.280731, 0.046083, 0.0910073, -0.260821, 0.0429829, 0.0941826, -0.241138, 0.0399034, 0.0978105, -0.221542, 0.0367397, 0.100551, -0.201799, 0.0335094, 0.101717, -0.181881, 0.030275, 0.101662, -0.161939, 0.027058, 0.101245, -0.142012, 0.0238747, 0.0960984, -0.122747, 0.0207309, 0.0855528, -0.105764, 0.0178424, 0.0780954, -0.0872562, 0.0147165, 0.076349, -0.0674209, 0.0114378, 0.069069, -0.0488475, 0.0083955, 0.0556195, -0.0339802, 0.00592338, 0.0404016, -0.0208716, 0.00368729, 0.0231095, -0.0106219, 0.00188247, 0.0060978, 0, 0, 
0.0810875, -0.411908, 0.0671019, 0.0822992, -0.401217, 0.0653775, 0.084486, -0.381432, 0.0621928, 0.0870004, -0.361664, 0.059041, 0.0894291, -0.34187, 0.0559061, 0.0923617, -0.322122, 0.052791, 0.0955378, -0.302424, 0.049658, 0.100779, -0.2832, 0.0465676, 0.107723, -0.264479, 0.0436106, 0.109555, -0.24463, 0.0405016, 0.106794, -0.224915, 0.0373019, 0.105938, -0.205013, 0.0340633, 0.107636, -0.185153, 0.0309328, 0.111132, -0.165512, 0.0278059, 0.112517, -0.145599, 0.0245371, 0.108661, -0.126047, 0.0212502, 0.103008, -0.106953, 0.0180924, 0.0955997, -0.0884457, 0.0151216, 0.0846199, -0.0717251, 0.012358, 0.0718311, -0.0562836, 0.00972069, 0.0592271, -0.0407139, 0.00703086, 0.0461251, -0.0255796, 0.00444765, 0.0309338, -0.0125257, 0.00218699, 0.0152447, 0, 0, 
0.0762206, -0.432484, 0.0704504, 0.0773269, -0.421778, 0.0686848, 0.0797213, -0.401969, 0.0654324, 0.0842852, -0.382512, 0.0623366, 0.0908201, -0.363628, 0.0593974, 0.0966977, -0.344574, 0.0564296, 0.0995919, -0.32491, 0.0533325, 0.102887, -0.305301, 0.0501988, 0.1073, -0.285832, 0.0470967, 0.110831, -0.266168, 0.0439605, 0.115023, -0.24664, 0.0408341, 0.119291, -0.227156, 0.0377258, 0.122187, -0.207423, 0.0345532, 0.12361, -0.187543, 0.0313697, 0.123078, -0.167661, 0.0281801, 0.121005, -0.147858, 0.0249758, 0.117353, -0.128257, 0.021798, 0.111265, -0.109239, 0.0186953, 0.102431, -0.0912903, 0.0157526, 0.0909593, -0.0748906, 0.0129889, 0.0796933, -0.0583693, 0.0101245, 0.0711071, -0.0403455, 0.00701466, 0.0593388, -0.0241624, 0.00430784, 0.0411658, -0.0155566, 0.0027685, 0.0226234, -0.00782119, 0.00134925, 0.00406515, 0, 0, 
0.0660802, -0.448359, 0.0728255, 0.0701415, -0.438362, 0.0712605, 0.0776176, -0.419821, 0.0683593, 0.0847728, -0.401173, 0.0654139, 0.0915238, -0.382369, 0.0624029, 0.0962906, -0.36294, 0.0593145, 0.0993675, -0.343196, 0.0561995, 0.10287, -0.323573, 0.0531119, 0.108094, -0.304324, 0.0500929, 0.114914, -0.285589, 0.0471679, 0.120186, -0.266356, 0.0440927, 0.12423, -0.246814, 0.0409115, 0.130285, -0.227774, 0.0378927, 0.134068, -0.208172, 0.0348406, 0.131861, -0.188376, 0.0316885, 0.129252, -0.168616, 0.0284501, 0.127644, -0.148739, 0.0251921, 0.125421, -0.128917, 0.0219583, 0.123213, -0.109117, 0.0187179, 0.118122, -0.0898593, 0.0155363, 0.108141, -0.0725825, 0.0126432, 0.0951924, -0.0573359, 0.010083, 0.0805249, -0.0436199, 0.00775166, 0.0646173, -0.0313433, 0.00559085, 0.0476506, -0.020605, 0.00364957, 0.0307085, -0.009819, 0.00173162, 0.013212, 0, 0, 
0.0647877, -0.465409, 0.0755395, 0.0678324, -0.45507, 0.0738983, 0.0737023, -0.435989, 0.0708732, 0.0805588, -0.41724, 0.0679424, 0.0862068, -0.398097, 0.0649726, 0.090797, -0.378694, 0.0618969, 0.0974699, -0.359932, 0.0588909, 0.10586, -0.341817, 0.0560354, 0.112558, -0.322982, 0.053079, 0.117696, -0.303687, 0.0500539, 0.122241, -0.284278, 0.0470177, 0.126936, -0.264911, 0.0439427, 0.133013, -0.245912, 0.040907, 0.137876, -0.226553, 0.0378237, 0.141029, -0.206862, 0.0346767, 0.143958, -0.187109, 0.0315127, 0.145057, -0.167137, 0.0282797, 0.143853, -0.147213, 0.0250581, 0.14088, -0.127519, 0.0218822, 0.135443, -0.108377, 0.0187372, 0.127188, -0.0902412, 0.0157246, 0.117222, -0.0729672, 0.0128445, 0.10483, -0.0572756, 0.0102065, 0.0900539, -0.0437554, 0.00787509, 0.0740472, -0.0316664, 0.00572303, 0.0583719, -0.0191653, 0.00347143, 0.0416037, -0.00815432, 0.00152824, 0.0218614, -0.00395111, 0.000755226, 0.00203258, 0, 0, 
0.0607847, -0.479583, 0.0777742, 0.0635747, -0.46917, 0.0761316, 0.0687882, -0.449882, 0.0730895, 0.0747844, -0.43081, 0.0700893, 0.0820266, -0.412215, 0.0671775, 0.0903297, -0.394065, 0.064318, 0.0981462, -0.375672, 0.0614156, 0.104326, -0.356688, 0.058443, 0.11098, -0.337892, 0.0555108, 0.118231, -0.319334, 0.0525961, 0.124996, -0.300576, 0.0496314, 0.131178, -0.281579, 0.046632, 0.136706, -0.262401, 0.0435956, 0.142472, -0.243311, 0.0405769, 0.147698, -0.224055, 0.037519, 0.152116, -0.204593, 0.034402, 0.156222, -0.185068, 0.0312799, 0.157711, -0.165191, 0.0281165, 0.154946, -0.145405, 0.024946, 0.151052, -0.125824, 0.021726, 0.14693, -0.106349, 0.0184962, 0.14, -0.0876372, 0.0153949, 0.130397, -0.070137, 0.0124559, 0.117699, -0.0546952, 0.00985339, 0.102163, -0.0419796, 0.00769956, 0.0852301, -0.03117, 0.00580651, 0.0673038, -0.0220348, 0.00414639, 0.0491781, -0.0133254, 0.00256523, 0.0304207, -0.00600496, 0.00119003, 0.0111794, 0, 0, 
0.0525393, -0.490835, 0.0795426, 0.0566542, -0.480859, 0.0779657, 0.0644346, -0.46242, 0.0750583, 0.0725379, -0.444112, 0.0721903, 0.0801777, -0.425666, 0.0692946, 0.0873894, -0.407072, 0.0663866, 0.0944662, -0.38839, 0.0634559, 0.10207, -0.369901, 0.0605695, 0.109768, -0.351455, 0.0577035, 0.11727, -0.332956, 0.0548041, 0.125577, -0.314809, 0.051914, 0.134522, -0.296939, 0.0490775, 0.141867, -0.278363, 0.0461681, 0.147458, -0.259178, 0.0431581, 0.153726, -0.240178, 0.0401882, 0.158933, -0.220887, 0.0371409, 0.162674, -0.201306, 0.0340069, 0.165936, -0.181644, 0.030867, 0.167929, -0.161827, 0.0276754, 0.168152, -0.1419, 0.0244502, 0.165568, -0.122109, 0.0212219, 0.160062, -0.102936, 0.0180792, 0.151311, -0.0850183, 0.0151207, 0.139939, -0.0685885, 0.0123775, 0.126908, -0.0534018, 0.00982138, 0.112013, -0.039995, 0.00751748, 0.0952468, -0.0289497, 0.00555212, 0.0773903, -0.0196764, 0.00385433, 0.0587379, -0.0120347, 0.00241559, 0.0395488, -0.00592573, 0.00119424, 0.0203262, 0, 0, 
0.0460828, -0.500712, 0.0810813, 0.0511633, -0.491179, 0.0795705, 0.0602264, -0.473321, 0.0767504, 0.0678315, -0.454844, 0.073884, 0.0755684, -0.436442, 0.0710331, 0.0839107, -0.418295, 0.0681841, 0.092509, -0.400252, 0.0653507, 0.100923, -0.382121, 0.0624998, 0.109529, -0.364058, 0.0596639, 0.117809, -0.345887, 0.0568257, 0.126228, -0.327768, 0.0539982, 0.134662, -0.309611, 0.0511782, 0.142631, -0.291288, 0.0483118, 0.15049, -0.272905, 0.0454291, 0.157911, -0.254364, 0.0425052, 0.16431, -0.235503, 0.0395143, 0.170049, -0.216419, 0.0364875, 0.174743, -0.197046, 0.0334157, 0.178157, -0.177395, 0.0302837, 0.179469, -0.157472, 0.0270881, 0.179308, -0.13757, 0.0238678, 0.176697, -0.117867, 0.0206785, 0.169973, -0.0990474, 0.0176422, 0.161366, -0.0809713, 0.0146624, 0.151581, -0.0635492, 0.011674, 0.138714, -0.0481878, 0.00904008, 0.123289, -0.0353082, 0.00681653, 0.10615, -0.0247654, 0.004959, 0.0877965, -0.0164682, 0.00346298, 0.0686779, -0.0101122, 0.0022497, 0.0490515, -0.00553623, 0.00131521, 0.0291901, -0.00219926, 0.000569181, 0.0091467, 0, 0, 
0.0415261, -0.509812, 0.0824517, 0.0461447, -0.500055, 0.0809349, 0.0546947, -0.481989, 0.0781302, 0.063265, -0.463917, 0.0753294, 0.0721054, -0.445963, 0.0725161, 0.0811108, -0.428114, 0.0697291, 0.0903595, -0.410366, 0.0669423, 0.0994931, -0.392593, 0.0641538, 0.108347, -0.374716, 0.0613668, 0.117071, -0.356742, 0.0585765, 0.126297, -0.339037, 0.0558296, 0.135133, -0.32111, 0.053014, 0.14362, -0.302996, 0.0501903, 0.151871, -0.284805, 0.0473743, 0.160038, -0.266556, 0.0445126, 0.16825, -0.248339, 0.0416098, 0.175525, -0.229764, 0.0386528, 0.181475, -0.210703, 0.0356744, 0.185932, -0.19125, 0.0326066, 0.189076, -0.171593, 0.0295036, 0.190252, -0.151708, 0.0263232, 0.189801, -0.131772, 0.0230932, 0.18713, -0.111977, 0.0198713, 0.181684, -0.0927554, 0.0166815, 0.173669, -0.0744941, 0.0136613, 0.162745, -0.0577478, 0.0108353, 0.149341, -0.0428371, 0.00830428, 0.13374, -0.0302438, 0.00613233, 0.116356, -0.0201275, 0.00432025, 0.0978375, -0.0122126, 0.00287053, 0.0783856, -0.00690174, 0.00178837, 0.0584615, -0.00377525, 0.00108624, 0.0383953, -0.0017396, 0.000528382, 0.0182935, 0, 0, 
0.0357727, -0.516997, 0.0836019, 0.0409253, -0.5075, 0.0821136, 0.0504102, -0.489853, 0.0793469, 0.0595926, -0.472056, 0.0765644, 0.0688672, -0.454288, 0.0738287, 0.0780729, -0.436523, 0.0710214, 0.0877221, -0.41899, 0.0682895, 0.0971306, -0.401347, 0.0655715, 0.106661, -0.383772, 0.0628382, 0.116195, -0.366229, 0.060125, 0.125673, -0.348651, 0.0573484, 0.134959, -0.330941, 0.0545998, 0.144302, -0.313244, 0.0518162, 0.153241, -0.295346, 0.0490461, 0.162375, -0.277543, 0.046284, 0.17074, -0.259346, 0.0434341, 0.178972, -0.241156, 0.0406158, 0.185895, -0.222465, 0.0376419, 0.192026, -0.203441, 0.0346788, 0.197059, -0.184141, 0.0315726, 0.200455, -0.164507, 0.0284427, 0.201929, -0.144627, 0.0252431, 0.201196, -0.124697, 0.0220151, 0.198236, -0.104972, 0.0188457, 0.192624, -0.0858502, 0.015664, 0.184286, -0.0677014, 0.0127088, 0.173319, -0.0510023, 0.0098743, 0.159872, -0.0361506, 0.00741221, 0.143865, -0.0239782, 0.0052234, 0.126124, -0.0145104, 0.00344719, 0.107188, -0.00769538, 0.0021684, 0.087542, -0.00330679, 0.00126619, 0.0676148, -0.000342264, 0.000634489, 0.0474379, 0.000708502, 0.000251789, 0.0272792, 0.000770856, 7.71271e-05, 0.00711412, 0, 0, 
0.0314141, -0.523307, 0.0845863, 0.0366321, -0.513852, 0.0830946, 0.046231, -0.496303, 0.0803335, 0.0557272, -0.4787, 0.0775891, 0.0656406, -0.46136, 0.0748974, 0.0752729, -0.443854, 0.0722207, 0.0852, -0.42649, 0.0694975, 0.0950876, -0.409114, 0.0667953, 0.104866, -0.391656, 0.0641008, 0.114819, -0.374298, 0.0613784, 0.124649, -0.356895, 0.0586839, 0.134458, -0.339473, 0.0559608, 0.14451, -0.322183, 0.0532702, 0.154048, -0.304623, 0.0505565, 0.163659, -0.287113, 0.0478287, 0.172857, -0.269339, 0.0450714, 0.181512, -0.251253, 0.0422519, 0.189896, -0.233071, 0.0394184, 0.19723, -0.214486, 0.0365068, 0.203149, -0.195443, 0.0334543, 0.207914, -0.176098, 0.0303436, 0.211243, -0.156416, 0.0272412, 0.213189, -0.136565, 0.0240853, 0.212587, -0.116647, 0.0208992, 0.209401, -0.0970037, 0.0176994, 0.203532, -0.0779744, 0.0145325, 0.194683, -0.0600307, 0.0115362, 0.183143, -0.043679, 0.00874257, 0.16925, -0.0292392, 0.00629888, 0.153205, -0.0171389, 0.00415893, 0.135496, -0.00758481, 0.0024389, 0.116488, -0.0008985, 0.00119239, 0.0966973, 0.00310366, 0.000338353, 0.0765639, 0.0047708, -0.000104714, 0.0563715, 0.00420448, -0.000241607, 0.0362699, 0.00253494, -0.000176202, 0.0162609, 0, 0, 
0.0267337, -0.528629, 0.0853274, 0.0322039, -0.519306, 0.0838971, 0.0423712, -0.502054, 0.081245, 0.0525934, -0.484832, 0.078578, 0.0626147, -0.467505, 0.0758966, 0.072686, -0.450195, 0.0731909, 0.0826515, -0.432824, 0.0704727, 0.092759, -0.41554, 0.0677912, 0.103192, -0.398448, 0.0651613, 0.113485, -0.381267, 0.0624891, 0.123546, -0.364007, 0.0597974, 0.133868, -0.346899, 0.0571599, 0.144494, -0.329922, 0.0545678, 0.154897, -0.312855, 0.0519238, 0.164827, -0.295517, 0.0492071, 0.174316, -0.277892, 0.0464662, 0.183367, -0.260033, 0.0436463, 0.192204, -0.24208, 0.040849, 0.20069, -0.223969, 0.0380586, 0.208224, -0.205417, 0.0351352, 0.214666, -0.186455, 0.0321665, 0.219591, -0.167115, 0.0290901, 0.222648, -0.147442, 0.0259304, 0.223692, -0.127563, 0.0227151, 0.222551, -0.107684, 0.0194844, 0.219006, -0.0880804, 0.0162779, 0.212847, -0.0691296, 0.0131657, 0.204103, -0.0511844, 0.0101914, 0.192604, -0.0348093, 0.00744006, 0.17868, -0.0204185, 0.00498731, 0.162536, -0.00848815, 0.0029042, 0.144785, 0.000957649, 0.00123891, 0.125523, 0.00692679, 6.52746e-05, 0.105381, 0.00864364, -0.000496372, 0.0851997, 0.00847751, -0.00070449, 0.06505, 0.00826574, -0.000829194, 0.0449698, 0.00645321, -0.000679019, 0.0249931, 0.00349877, -0.000381583, 0.00508151, 0, 0, 
0.0232576, -0.533318, 0.0860989, 0.0285442, -0.5239, 0.0846187, 0.0385486, -0.506575, 0.081907, 0.0494496, -0.489767, 0.0793281, 0.0600119, -0.472767, 0.0767119, 0.0702436, -0.455557, 0.0740217, 0.0803784, -0.438286, 0.0713345, 0.0907044, -0.421159, 0.0686801, 0.101374, -0.404245, 0.066071, 0.11209, -0.387332, 0.063469, 0.123077, -0.37059, 0.0608955, 0.133807, -0.353693, 0.0582719, 0.14434, -0.336668, 0.0556381, 0.154811, -0.319624, 0.0529949, 0.164912, -0.302356, 0.0503044, 0.17499, -0.285037, 0.0476166, 0.184918, -0.267654, 0.0449092, 0.194467, -0.250091, 0.0421755, 0.203738, -0.232377, 0.0394336, 0.212054, -0.21421, 0.0365823, 0.219334, -0.195617, 0.033677, 0.225326, -0.176598, 0.0306591, 0.23009, -0.157247, 0.027577, 0.232886, -0.137503, 0.0244331, 0.232689, -0.117581, 0.0211628, 0.231261, -0.0976805, 0.0179564, 0.228974, -0.0778511, 0.0147855, 0.223371, -0.0587441, 0.0116436, 0.213992, -0.0411206, 0.00871009, 0.201896, -0.0251913, 0.00597629, 0.186912, -0.0118492, 0.00365724, 0.17027, -0.000587702, 0.0016696, 0.152025, 0.0078034, 0.000103831, 0.13284, 0.0138901, -0.00102038, 0.112919, 0.0171159, -0.00175684, 0.0927023, 0.0176546, -0.00202279, 0.0725778, 0.0157631, -0.00190803, 0.0528226, 0.011592, -0.00146486, 0.0333723, 0.00627751, -0.000791113, 0.0142283, 0, 0, 
0.01999, -0.537377, 0.086731, 0.025427, -0.528043, 0.0852605, 0.0355514, -0.510787, 0.0825552, 0.0459768, -0.493704, 0.0799145, 0.0567482, -0.47681, 0.0772844, 0.0677762, -0.460067, 0.0747385, 0.0787693, -0.44333, 0.0721659, 0.0894057, -0.426381, 0.0695272, 0.100315, -0.409597, 0.0669486, 0.111427, -0.392966, 0.0643709, 0.122013, -0.375988, 0.0617422, 0.13247, -0.358916, 0.0590826, 0.143354, -0.34211, 0.0564717, 0.154497, -0.325454, 0.0539269, 0.165326, -0.308645, 0.0513195, 0.175491, -0.291442, 0.0486351, 0.18622, -0.274505, 0.0460683, 0.197253, -0.257792, 0.0434934, 0.206723, -0.240174, 0.0407371, 0.214544, -0.221733, 0.0378182, 0.222028, -0.203173, 0.0348675, 0.228921, -0.184415, 0.0319302, 0.234832, -0.165352, 0.0289238, 0.24001, -0.146104, 0.0258946, 0.243061, -0.126444, 0.0227691, 0.243913, -0.106555, 0.0195536, 0.242283, -0.0867092, 0.0163404, 0.237808, -0.0673194, 0.0131443, 0.230863, -0.0486127, 0.0100381, 0.220818, -0.0313149, 0.00714329, 0.208729, -0.0153824, 0.00443521, 0.194387, -0.00140149, 0.00205476, 0.178019, 0.0102471, 2.48046e-05, 0.159839, 0.0189021, -0.00154314, 0.140493, 0.0244935, -0.00262812, 0.12048, 0.0271072, -0.00325333, 0.100281, 0.0264468, -0.00335204, 0.0807023, 0.0215481, -0.00281872, 0.061794, 0.0145229, -0.0019303, 0.0419515, 0.0107206, -0.00143977, 0.0222405, 0.00625526, -0.000841948, 0.00304889, 0, 0, 
0.0162956, -0.540118, 0.0870974, 0.0221072, -0.531007, 0.0856857, 0.0329137, -0.514175, 0.0830858, 0.0439343, -0.497463, 0.0805274, 0.0549089, -0.480733, 0.0779257, 0.0656356, -0.463863, 0.075319, 0.0763441, -0.446953, 0.0726929, 0.0877908, -0.430534, 0.0701662, 0.099644, -0.414415, 0.0677281, 0.110359, -0.397553, 0.0650913, 0.120492, -0.380327, 0.0624046, 0.131445, -0.363541, 0.0598204, 0.142923, -0.3471, 0.0572847, 0.154573, -0.330794, 0.0548055, 0.166353, -0.314575, 0.0523205, 0.177094, -0.297685, 0.049697, 0.18697, -0.28031, 0.0469902, 0.197172, -0.263134, 0.0442971, 0.206934, -0.245673, 0.0415924, 0.216387, -0.228045, 0.0388573, 0.225214, -0.210124, 0.0360544, 0.233193, -0.191786, 0.0331952, 0.240374, -0.173147, 0.0302479, 0.245767, -0.153924, 0.0272109, 0.249799, -0.134386, 0.0240991, 0.251844, -0.114558, 0.0209041, 0.251898, -0.0946156, 0.0177056, 0.249775, -0.0747964, 0.0144641, 0.244056, -0.0556794, 0.0112981, 0.23596, -0.0374133, 0.0082668, 0.227809, -0.0191748, 0.00528206, 0.218009, -0.00178925, 0.00243931, 0.202957, 0.0114295, 0.000121345, 0.185449, 0.0212568, -0.00167277, 0.166543, 0.0281286, -0.00299405, 0.146709, 0.0319383, -0.00383717, 0.126617, 0.0342821, -0.00439284, 0.106418, 0.0334725, -0.0044607, 0.0864359, 0.0306345, -0.00418554, 0.0669868, 0.0252268, -0.003496, 0.0480727, 0.0182075, -0.00256237, 0.0299355, 0.00948865, -0.00133615, 0.0121957, 0, 0, 
0.013279, -0.542757, 0.0874785, 0.0191294, -0.533665, 0.0860788, 0.0300504, -0.516876, 0.0834945, 0.0415852, -0.50049, 0.0809784, 0.0534879, -0.484385, 0.0785164, 0.0648237, -0.467862, 0.0759756, 0.0752961, -0.450801, 0.0733144, 0.0856777, -0.433711, 0.070647, 0.0968058, -0.417093, 0.0680843, 0.10838, -0.400767, 0.0655767, 0.120224, -0.384587, 0.0631091, 0.13231, -0.368596, 0.0606692, 0.143867, -0.352282, 0.0581632, 0.15503, -0.335721, 0.0556094, 0.165892, -0.31893, 0.0529923, 0.176295, -0.301787, 0.0503271, 0.186928, -0.284764, 0.0476844, 0.197842, -0.267963, 0.0450903, 0.208662, -0.251158, 0.0425153, 0.218151, -0.233586, 0.0397584, 0.226706, -0.215499, 0.0369309, 0.236153, -0.197848, 0.034216, 0.245267, -0.180069, 0.0314489, 0.251131, -0.16096, 0.0284079, 0.25386, -0.141165, 0.0252001, 0.256428, -0.121415, 0.022031, 0.258321, -0.101588, 0.018859, 0.259387, -0.0816695, 0.015679, 0.258619, -0.0617576, 0.0125001, 0.25419, -0.04231, 0.00931567, 0.246976, -0.0236928, 0.00623805, 0.236355, -0.00678226, 0.00338486, 0.222866, 0.00801741, 0.000827222, 0.207424, 0.0208172, -0.00139938, 0.190044, 0.030907, -0.00322309, 0.171484, 0.0387109, -0.00466767, 0.151809, 0.0430896, -0.00556336, 0.131674, 0.0446198, -0.00601959, 0.111541, 0.0430185, -0.00595432, 0.0918247, 0.0386773, -0.0054563, 0.073092, 0.0312604, -0.00446442, 0.0552264, 0.0219621, -0.00315014, 0.0387676, 0.0103451, -0.00149628, 0.0211489, 0.000616536, -7.06658e-05, 0.00101619, 0, 0, 
0.0101197, -0.544817, 0.0877929, 0.016443, -0.536039, 0.0864429, 0.0281956, -0.519805, 0.083948, 0.0399423, -0.503565, 0.081455, 0.0512211, -0.487023, 0.0789033, 0.0622837, -0.470343, 0.0763317, 0.0733044, -0.453654, 0.0737464, 0.0846071, -0.437138, 0.0712037, 0.0964178, -0.420904, 0.0687196, 0.108625, -0.404969, 0.0662792, 0.120183, -0.38863, 0.0637699, 0.130818, -0.371696, 0.0611344, 0.142734, -0.355613, 0.0586684, 0.155191, -0.339922, 0.0562813, 0.165746, -0.322905, 0.0536232, 0.175622, -0.305475, 0.0509003, 0.186777, -0.288835, 0.0483423, 0.198475, -0.272623, 0.0458634, 0.209698, -0.256069, 0.0433229, 0.220483, -0.239204, 0.0407197, 0.229856, -0.221543, 0.0379558, 0.237937, -0.203266, 0.0350761, 0.245646, -0.184817, 0.0321745, 0.252341, -0.166004, 0.0292073, 0.258668, -0.147078, 0.0262307, 0.264217, -0.127892, 0.0232077, 0.268137, -0.10835, 0.0201059, 0.270265, -0.0885558, 0.0169401, 0.269678, -0.0686399, 0.0137187, 0.266596, -0.0489541, 0.0104995, 0.260681, -0.0298878, 0.00734673, 0.25281, -0.011518, 0.00429626, 0.24194, 0.00524698, 0.00145485, 0.22762, 0.019264, -0.00097398, 0.212575, 0.032561, -0.0032625, 0.19737, 0.0456837, -0.00549118, 0.178978, 0.0538768, -0.00701709, 0.158788, 0.0540931, -0.00732887, 0.1386, 0.0536606, -0.00747756, 0.118712, 0.0501671, -0.00713632, 0.0989762, 0.0458829, -0.00662304, 0.0797002, 0.039981, -0.00583358, 0.0610907, 0.0322602, -0.00474739, 0.0432996, 0.022801, -0.00337019, 0.0264223, 0.0118595, -0.00176153, 0.0101631, 0, 0, 
0.00967345, -0.547866, 0.0883006, 0.0152205, -0.53859, 0.0868532, 0.0257304, -0.521531, 0.084198, 0.0373965, -0.50524, 0.0816927, 0.0492418, -0.489113, 0.0792114, 0.0602173, -0.472387, 0.0766189, 0.071953, -0.456129, 0.0741341, 0.0847969, -0.440692, 0.0718036, 0.0969899, -0.424754, 0.0693682, 0.108325, -0.408228, 0.0668105, 0.119141, -0.391402, 0.064191, 0.129774, -0.374471, 0.0615516, 0.141196, -0.358027, 0.0590145, 0.153351, -0.342076, 0.0565856, 0.165422, -0.326057, 0.0541374, 0.177387, -0.309967, 0.0516778, 0.188816, -0.293512, 0.0491451, 0.199614, -0.276686, 0.0465329, 0.210381, -0.25985, 0.0439298, 0.220164, -0.242423, 0.0412122, 0.229402, -0.22469, 0.038445, 0.239053, -0.207167, 0.0357225, 0.248516, -0.18955, 0.0329912, 0.257087, -0.171498, 0.0301812, 0.263499, -0.152602, 0.0271903, 0.269431, -0.133544, 0.0241924, 0.275556, -0.11454, 0.0212114, 0.278102, -0.0947579, 0.0180278, 0.275832, -0.0749384, 0.0147533, 0.272284, -0.0553065, 0.0115197, 0.269688, -0.0355472, 0.00832082, 0.265125, -0.0161462, 0.0051605, 0.25845, 0.00263138, 0.00208701, 0.248435, 0.0199107, -0.00080274, 0.234532, 0.0343403, -0.00330085, 0.218424, 0.0462934, -0.00542063, 0.200076, 0.054539, -0.00697783, 0.180856, 0.0606237, -0.008172, 0.160872, 0.0635224, -0.00885553, 0.14067, 0.0641458, -0.00915563, 0.120562, 0.0621185, -0.00902351, 0.101032, 0.0570302, -0.00838855, 0.0825447, 0.0490468, -0.00727327, 0.0650759, 0.0390894, -0.00582864, 0.0488563, 0.0271911, -0.00407296, 0.0337243, 0.0139591, -0.00209853, 0.0193098, 0, 0, 
0.00744386, -0.549453, 0.0885265, 0.0132455, -0.540331, 0.0871089, 0.0240182, -0.523445, 0.0844868, 0.0352999, -0.506885, 0.0819331, 0.0479591, -0.491341, 0.0795687, 0.0606508, -0.475829, 0.0772159, 0.0719247, -0.459283, 0.0746596, 0.0829057, -0.442534, 0.072054, 0.0944229, -0.42612, 0.0695154, 0.106228, -0.409897, 0.0670254, 0.118105, -0.393767, 0.0645573, 0.129754, -0.377498, 0.0620562, 0.141866, -0.361539, 0.0596195, 0.154085, -0.345666, 0.0571923, 0.165636, -0.329317, 0.0546707, 0.176991, -0.312816, 0.0521212, 0.188497, -0.29642, 0.0495994, 0.200681, -0.280527, 0.047181, 0.211502, -0.263681, 0.0445647, 0.219939, -0.245557, 0.0417018, 0.229566, -0.228014, 0.0389782, 0.240968, -0.211505, 0.0364646, 0.251554, -0.194491, 0.0338472, 0.260426, -0.176587, 0.0310513, 0.267815, -0.158046, 0.0281293, 0.272577, -0.138684, 0.025034, 0.276718, -0.119199, 0.0219236, 0.280355, -0.0996241, 0.0187979, 0.282391, -0.0798023, 0.0156243, 0.283414, -0.0598803, 0.0124327, 0.28263, -0.0399654, 0.00921557, 0.279518, -0.0202861, 0.00600637, 0.273377, -0.00130745, 0.00286432, 0.263782, 0.0162104, -8.32886e-05, 0.252196, 0.0324865, -0.0028489, 0.23771, 0.0463321, -0.00525982, 0.221535, 0.0582519, -0.00736601, 0.203326, 0.0668394, -0.00896502, 0.184155, 0.0730618, -0.0101737, 0.164877, 0.078904, -0.0112844, 0.145109, 0.0827866, -0.0120766, 0.125715, 0.0772219, -0.0114253, 0.108762, 0.066345, -0.0099007, 0.0911127, 0.0566664, -0.00852635, 0.0741723, 0.0457793, -0.00693355, 0.0567187, 0.035694, -0.00542984, 0.0400848, 0.0243841, -0.00372184, 0.0239878, 0.0123492, -0.00188503, 0.0081304, 0, 0, 
0.00347438, -0.548956, 0.0883717, 0.01054, -0.540747, 0.0871311, 0.0235171, -0.525452, 0.0848167, 0.0359935, -0.509768, 0.0824292, 0.0479247, -0.49367, 0.0799586, 0.058949, -0.476949, 0.0773636, 0.0695468, -0.459966, 0.0747189, 0.0812434, -0.443722, 0.0722186, 0.0939331, -0.428226, 0.0698626, 0.106169, -0.412355, 0.0674292, 0.117465, -0.395819, 0.0648742, 0.129436, -0.379728, 0.0624207, 0.142545, -0.364537, 0.0601238, 0.155243, -0.349049, 0.0577581, 0.16657, -0.332538, 0.0552056, 0.17665, -0.315235, 0.0525023, 0.186857, -0.298023, 0.0498171, 0.198527, -0.281759, 0.0473242, 0.210888, -0.266001, 0.0449338, 0.222598, -0.249757, 0.0424509, 0.233626, -0.233022, 0.039875, 0.243691, -0.21571, 0.0371831, 0.252193, -0.197633, 0.0343442, 0.260114, -0.179315, 0.0314644, 0.267452, -0.160739, 0.0285362, 0.274274, -0.141971, 0.025582, 0.280823, -0.123109, 0.0226147, 0.286003, -0.10382, 0.0195632, 0.289304, -0.0841237, 0.0164209, 0.290723, -0.0642402, 0.0132216, 0.291766, -0.0443599, 0.0100373, 0.290718, -0.0244601, 0.00681133, 0.283171, -0.00598258, 0.00369083, 0.272257, 0.0107694, 0.000819295, 0.262998, 0.0284778, -0.00212585, 0.254219, 0.0464386, -0.00508825, 0.241459, 0.0618646, -0.00771318, 0.225887, 0.0745264, -0.00992639, 0.207477, 0.0827205, -0.0114686, 0.187737, 0.08674, -0.012358, 0.167618, 0.087628, -0.0127486, 0.147589, 0.0853736, -0.012612, 0.127667, 0.0821789, -0.0122909, 0.108489, 0.0759275, -0.0114639, 0.0899888, 0.0679558, -0.0103384, 0.0729079, 0.0573243, -0.00876899, 0.0568782, 0.0451688, -0.00693744, 0.0426088, 0.0310401, -0.00478159, 0.0293557, 0.0159806, -0.00246493, 0.0172772, 0, 0, 
