0.0133744, 0, 0.00668719, 0, 
0.0398689, 0.0107077, 0.0334502, 0.0088767, 0.0268869, 0.00775946, 0.020259, 0.00697007, 0.013944, 0.00474613, 0.00763021, 0.00244019, 0.00134135, 0, 
0.0642473, 0.0249428, 0.0581227, 0.0221023, 0.0515491, 0.0204319, 0.0456292, 0.0171227, 0.0405465, 0.0126572, 0.0342233, 0.0103566, 0.0276294, 0.00901676, 0.0210371, 0.0077983, 0.0146874, 0.00568166, 0.00837767, 0.00345151, 0.00268063, 0, 
0.0860721, 0.0419596, 0.0807603, 0.0375956, 0.0756063, 0.0331064, 0.06945, 0.0302133, 0.0643704, 0.0256304, 0.0580481, 0.0229515, 0.051694, 0.0208539, 0.0451659, 0.0196929, 0.0400997, 0.0155134, 0.0344367, 0.0120886, 0.0289312, 0.00821455, 0.0230586, 0.00478207, 0.0170154, 0.00215027, 0.0107844, 4.13191e-06, 0.00401921, 0, 
0.110781, 0.0384965, 0.104418, 0.0404527, 0.0978809, 0.0397347, 0.0913178, 0.0385938, 0.0861941, 0.0345975, 0.080659, 0.031118, 0.0746756, 0.0281121, 0.0691022, 0.0246022, 0.0636024, 0.0208395, 0.0571682, 0.0193239, 0.0506154, 0.0176908, 0.043799, 0.0164297, 0.0369389, 0.0171009, 0.0301458, 0.0180482, 0.0233404, 0.0172335, 0.0167862, 0.0156088, 0.0115642, 0.0113155, 0.00732567, 0.00628091, 0.00536482, 0, 
0.129127, 0.0614291, 0.126579, 0.055221, 0.123779, 0.0489169, 0.118036, 0.0453887, 0.112601, 0.0417276, 0.106107, 0.0414953, 0.0995593, 0.0405092, 0.0940648, 0.0368641, 0.0889009, 0.0323816, 0.0834684, 0.0284592, 0.0780731, 0.0246321, 0.0718653, 0.0222964, 0.0655502, 0.0198787, 0.0590135, 0.0185704, 0.0530048, 0.015446, 0.0462997, 0.0150474, 0.0396695, 0.0146193, 0.0329899, 0.0148074, 0.0264996, 0.0153711, 0.0199089, 0.0144568, 0.0145277, 0.0106657, 0.00964123, 0.00604793, 0.00670037, 0, 
0.152684, 0.07431, 0.149376, 0.068411, 0.146416, 0.0622738, 0.143037, 0.0565645, 0.139197, 0.0512335, 0.134919, 0.0462173, 0.131243, 0.0408139, 0.126202, 0.0365409, 0.120508, 0.0332092, 0.114103, 0.0311376, 0.107739, 0.0289121, 0.101955, 0.0257291, 0.0960098, 0.0230326, 0.0899288, 0.0210826, 0.0835878, 0.0196791, 0.0772784, 0.0180842, 0.0711919, 0.0155211, 0.0647082, 0.0140939, 0.058982, 0.0104224, 0.0534687, 0.00654379, 0.0471701, 0.00445021, 0.0407013, 0.00282456, 0.0344735, 0.000331436, 0.0280748, -0.00169819, 0.0211508, -0.00180315, 0.0145282, -0.000314327, 0.00794685, 0.000742094, 0.00133807, 0, 
0.197463, 0.0496452, 0.190798, 0.0498212, 0.184285, 0.051366, 0.177627, 0.0521782, 0.171162, 0.0527431, 0.164526, 0.0519542, 0.158388, 0.0493753, 0.152262, 0.0468324, 0.146716, 0.043093, 0.14086, 0.039629, 0.134648, 0.0375812, 0.128375, 0.0354745, 0.121843, 0.0337548, 0.114983, 0.0336051, 0.108264, 0.0339186, 0.101488, 0.033479, 0.0965147, 0.0291304, 0.0921214, 0.0243832, 0.0868222, 0.020194, 0.0804671, 0.0175202, 0.0744303, 0.0144124, 0.068491, 0.0115868, 0.0621758, 0.00945119, 0.0560242, 0.00662114, 0.0496063, 0.00424237, 0.0427846, 0.00460355, 0.0361766, 0.00396164, 0.0294786, 0.00306403, 0.0226311, 0.0022869, 0.0157844, 0.00212304, 0.00937387, 0.00032063, 0.00267784, 0, 
0.227965, 0.0535468, 0.222184, 0.0503882, 0.215898, 0.0482697, 0.209323, 0.0464091, 0.202894, 0.0447683, 0.1964, 0.0430513, 0.190061, 0.0408345, 0.183375, 0.0406218, 0.176766, 0.0396801, 0.170058, 0.039638, 0.163649, 0.0379525, 0.156993, 0.0393592, 0.15022, 0.0394353, 0.143662, 0.0376591, 0.137453, 0.0350229, 0.131242, 0.0324631, 0.124571, 0.031257, 0.117848, 0.0303698, 0.111239, 0.0298844, 0.104563, 0.0301425, 0.0981754, 0.0302307, 0.0914449, 0.0294611, 0.0845976, 0.0289973, 0.0784183, 0.0264019, 0.0722444, 0.0242867, 0.0656824, 0.0222532, 0.0589601, 0.0214833, 0.0526409, 0.0194778, 0.0460909, 0.0180054, 0.0396, 0.0162146, 0.0340198, 0.0124079, 0.0287141, 0.00856642, 0.0230434, 0.00505674, 0.0172478, 0.0018401, 0.0106286, 0.000814607, 0.00402299, 0, 
0.258649, 0.0411457, 0.252159, 0.0429206, 0.245452, 0.0421488, 0.238669, 0.0420884, 0.231996, 0.0418479, 0.225242, 0.0418914, 0.218595, 0.0413141, 0.2119, 0.0409834, 0.205135, 0.0412066, 0.198508, 0.0406548, 0.192034, 0.0419128, 0.185413, 0.0408334, 0.178596, 0.0403131, 0.171885, 0.0393329, 0.165315, 0.0392044, 0.158679, 0.0395223, 0.152368, 0.0373612, 0.145826, 0.0357717, 0.139131, 0.03498, 0.132429, 0.033507, 0.125603, 0.0332659, 0.118649, 0.033517, 0.112079, 0.0328442, 0.105476, 0.0318782, 0.0988183, 0.0316935, 0.0922281, 0.0309931, 0.0859089, 0.0287013, 0.0795872, 0.0265267, 0.0739581, 0.0235184, 0.0683629, 0.0198985, 0.0621584, 0.0170496, 0.055894, 0.0148496, 0.0496131, 0.0127848, 0.0431153, 0.011384, 0.0367047, 0.00959658, 0.0307702, 0.00667732, 0.0243666, 0.0047646, 0.0178123, 0.00338055, 0.0118254, 0.000367183, 0.00536334, 0, 
0.285732, 0.0462189, 0.279207, 0.0446133, 0.272713, 0.0430733, 0.266189, 0.0420368, 0.259675, 0.0408917, 0.253007, 0.0408058, 0.24647, 0.0403055, 0.239794, 0.0402803, 0.233107, 0.0393868, 0.226304, 0.0397636, 0.219606, 0.0394591, 0.212875, 0.0402111, 0.206317, 0.0409995, 0.200055, 0.043495, 0.193474, 0.0443903, 0.186751, 0.0439067, 0.180748, 0.0407581, 0.174825, 0.0371992, 0.169029, 0.0336999, 0.162828, 0.0311498, 0.156267, 0.0295091, 0.149525, 0.0286109, 0.142845, 0.028026, 0.13645, 0.0258578, 0.12975, 0.0246338, 0.123342, 0.0228583, 0.116817, 0.0215242, 0.110154, 0.0202428, 0.103484, 0.0185596, 0.0971928, 0.0165528, 0.0906301, 0.0156671, 0.0840219, 0.0156423, 0.0773037, 0.0163632, 0.0706463, 0.0167074, 0.064257, 0.0152383, 0.0577041, 0.0137711, 0.0513422, 0.0117797, 0.0448277, 0.0100679, 0.038059, 0.00927642, 0.0314638, 0.00914075, 0.0252095, 0.00684534, 0.0191196, 0.00407022, 0.0132594, 0.00135752, 0.00670346, 0, 
0.314416, 0.0549675, 0.307828, 0.0536605, 0.301417, 0.0522742, 0.295487, 0.0493286, 0.289175, 0.0472269, 0.282749, 0.0459532, 0.276256, 0.0441784, 0.270022, 0.0416718, 0.263979, 0.0392658, 0.257967, 0.0361089, 0.251295, 0.0347099, 0.244636, 0.0327902, 0.237992, 0.0308552, 0.231551, 0.0288754, 0.225162, 0.0270374, 0.218438, 0.0266924, 0.211688, 0.0261316, 0.205038, 0.0252965, 0.198431, 0.0256714, 0.191797, 0.0257693, 0.18499, 0.0260641, 0.178278, 0.0265499, 0.171539, 0.0268249, 0.164868, 0.0260303, 0.158062, 0.0254474, 0.15126, 0.0257114, 0.144738, 0.0268705, 0.137912, 0.0274015, 0.131275, 0.0257647, 0.124637, 0.0243598, 0.118435, 0.0216087, 0.112059, 0.0194619, 0.105411, 0.0182315, 0.0986913, 0.0174172, 0.0920355, 0.0168733, 0.0853592, 0.0171085, 0.078741, 0.0154713, 0.0724661, 0.0134462, 0.0666153, 0.0102248, 0.0601804, 0.00814428, 0.053605, 0.00738905, 0.0470934, 0.00650341, 0.0407884, 0.00453761, 0.0342789, 0.00391306, 0.0277022, 0.00307737, 0.0213002, 0.00120666, 0.0146949, 2.94472e-05, 0.00797416, -0.000341593, 0.0013393, 0, 
0.34244, 0.0466694, 0.335792, 0.0450157, 0.329287, 0.043633, 0.322684, 0.043419, 0.315969, 0.043372, 0.309387, 0.04427, 0.302727, 0.0435973, 0.296048, 0.0430576, 0.289503, 0.0419916, 0.282728, 0.0408634, 0.276057, 0.0409063, 0.269572, 0.0399002, 0.263282, 0.0376768, 0.256929, 0.0358793, 0.25083, 0.0330162, 0.244868, 0.0297341, 0.238655, 0.0272838, 0.232041, 0.02623, 0.225615, 0.0241313, 0.219079, 0.0224863, 0.212846, 0.0201463, 0.206222, 0.0200047, 0.199524, 0.0197958, 0.193026, 0.0190379, 0.186421, 0.0191469, 0.179854, 0.0196175, 0.173379, 0.0205547, 0.166768, 0.0211035, 0.160305, 0.0194937, 0.153671, 0.0186446, 0.147184, 0.0170972, 0.140877, 0.0153919, 0.134566, 0.0137641, 0.128076, 0.0130909, 0.121284, 0.0126147, 0.114704, 0.0118985, 0.108078, 0.0126611, 0.101405, 0.0132811, 0.0946538, 0.0132159, 0.0880334, 0.0134705, 0.0814797, 0.0132178, 0.0749566, 0.011917, 0.0681724, 0.0108083, 0.0618319, 0.00855354, 0.055177, 0.00781208, 0.0485608, 0.00727871, 0.0421875, 0.00548539, 0.0355821, 0.0050387, 0.0289089, 0.00352617, 0.0224737, 0.00158041, 0.0159335, 0.00067701, 0.00923302, 0.0010043, 0.00267807, 0, 
0.371283, 0.0492897, 0.364795, 0.047437, 0.358572, 0.0447151, 0.352123, 0.0426623, 0.345563, 0.0410522, 0.339032, 0.0402253, 0.332489, 0.0398956, 0.325944, 0.0384153, 0.319926, 0.0356156, 0.313223, 0.0343297, 0.306721, 0.0326575, 0.300023, 0.0315675, 0.293265, 0.0312941, 0.2868, 0.0298606, 0.280348, 0.028236, 0.273707, 0.0275076, 0.267063, 0.0280887, 0.26026, 0.0287061, 0.253573, 0.0294062, 0.246961, 0.0300183, 0.240314, 0.0301169, 0.233735, 0.029982, 0.227041, 0.0295762, 0.220542, 0.0278785, 0.214077, 0.0256936, 0.207744, 0.0235458, 0.201444, 0.0209834, 0.195259, 0.0182683, 0.189107, 0.0158856, 0.182908, 0.013797, 0.176413, 0.0124914, 0.169811, 0.0121832, 0.163083, 0.0113509, 0.156395, 0.0100685, 0.149734, 0.00893804, 0.143288, 0.00754506, 0.136572, 0.00719374, 0.13001, 0.00756481, 0.123472, 0.00753016, 0.117055, 0.00618266, 0.110513, 0.00520701, 0.103867, 0.00557066, 0.097093, 0.0057794, 0.0905158, 0.00657059, 0.0839342, 0.00546799, 0.0775477, 0.00349015, 0.070939, 0.00263105, 0.0642372, 0.00174039, 0.0576575, 0.000529462, 0.0509428, 0.000112696, 0.0443211, 0.000646678, 0.0376415, 0.000439698, 0.0308828, 0.000962247, 0.0241509, 0.00101244, 0.0173918, 0.000241724, 0.0107668, -0.00029497, 0.00402, 0, 
0.40235, 0.0386854, 0.395589, 0.0382429, 0.388972, 0.038093, 0.38234, 0.0387018, 0.375562, 0.0391601, 0.368933, 0.0389458, 0.36229, 0.0381104, 0.355651, 0.0369165, 0.349159, 0.0356268, 0.342371, 0.0359051, 0.335601, 0.0364535, 0.329006, 0.0353416, 0.32251, 0.0334219, 0.316038, 0.0317977, 0.309443, 0.0311093, 0.302852, 0.0307185, 0.296214, 0.0303132, 0.289596, 0.0291363, 0.28306, 0.0277491, 0.276302, 0.0267242, 0.269544, 0.0260968, 0.262986, 0.0251191, 0.256739, 0.0228838, 0.250329, 0.0213398, 0.243828, 0.0198422, 0.237776, 0.0169088, 0.231236, 0.0160661, 0.224627, 0.0148008, 0.217999, 0.0144247, 0.211338, 0.0147246, 0.204545, 0.0146366, 0.197916, 0.0136391, 0.191433, 0.0119753, 0.184733, 0.0115074, 0.177962, 0.0109958, 0.171386, 0.00992608, 0.164842, 0.00929758, 0.15839, 0.00748866, 0.151701, 0.0066814, 0.144915, 0.00612292, 0.138255, 0.00606945, 0.131461, 0.00589571, 0.124814, 0.00588777, 0.1181, 0.00519117, 0.111546, 0.00392369, 0.104965, 0.00320893, 0.0982807, 0.00286333, 0.0915082, 0.00247036, 0.08465, 0.00186791, 0.07796, 0.000719016, 0.0714883, -0.000730532, 0.0649948, -0.00227455, 0.0584354, -0.00343173, 0.051772, -0.00385966, 0.0450594, -0.00399633, 0.0384324, -0.0040373, 0.0317173, -0.00429675, 0.0250306, -0.00375328, 0.0183961, -0.00329062, 0.0119072, -0.00150064, 0.00536352, 0, 
0.429605, 0.0409934, 0.423034, 0.0397806, 0.41644, 0.0389527, 0.409784, 0.037842, 0.403155, 0.036458, 0.396654, 0.035229, 0.389892, 0.0343434, 0.383216, 0.0334755, 0.376569, 0.0333693, 0.369891, 0.0333212, 0.363596, 0.0311388, 0.357103, 0.029506, 0.350522, 0.0281402, 0.343889, 0.0274025, 0.337159, 0.0269853, 0.330465, 0.0264355, 0.32386, 0.0251532, 0.317353, 0.0239305, 0.310958, 0.0222533, 0.304328, 0.0212903, 0.297672, 0.0209668, 0.291117, 0.0201384, 0.28434, 0.0197286, 0.277668, 0.0194028, 0.270928, 0.0190758, 0.264363, 0.0179857, 0.257743, 0.0182702, 0.251023, 0.0180479, 0.244368, 0.018473, 0.23767, 0.0188027, 0.231036, 0.0177007, 0.224478, 0.0162246, 0.218122, 0.0140845, 0.211756, 0.0121117, 0.205224, 0.010617, 0.198613, 0.00942704, 0.19232, 0.007209, 0.186135, 0.00492672, 0.179578, 0.00407833, 0.172724, 0.00405525, 0.165926, 0.00379803, 0.159284, 0.00412684, 0.152651, 0.00409961, 0.145918, 0.00476558, 0.139195, 0.00485055, 0.132386, 0.00528623, 0.125724, 0.00547926, 0.119048, 0.00608207, 0.112366, 0.00650912, 0.105733, 0.00683973, 0.0989694, 0.00703383, 0.0923196, 0.00654547, 0.0855986, 0.00600198, 0.0789684, 0.0057254, 0.072372, 0.00641358, 0.0656863, 0.00716643, 0.0591344, 0.00741525, 0.0525088, 0.00818067, 0.0458388, 0.00806701, 0.0393893, 0.00640496, 0.0329483, 0.00447567, 0.0264364, 0.00290026, 0.0197953, 0.0026397, 0.0131844, 0.00161239, 0.00670077, 0, 
0.459114, 0.0353328, 0.452429, 0.0356506, 0.445788, 0.0350095, 0.439041, 0.0345759, 0.43236, 0.0344754, 0.425703, 0.0344813, 0.419087, 0.0342045, 0.412428, 0.0337513, 0.405841, 0.0329694, 0.39939, 0.0314114, 0.392903, 0.0295857, 0.386285, 0.0284583, 0.379784, 0.0270929, 0.373308, 0.0255686, 0.366838, 0.0243151, 0.360122, 0.0230604, 0.353508, 0.0219962, 0.347033, 0.0204663, 0.340853, 0.017912, 0.33431, 0.0168307, 0.327617, 0.0166583, 0.321013, 0.0169765, 0.314423, 0.0163934, 0.307789, 0.0155093, 0.301262, 0.014471, 0.294544, 0.0139502, 0.287764, 0.0138011, 0.281069, 0.0136096, 0.274392, 0.0126873, 0.267726, 0.0122775, 0.260993, 0.0118387, 0.254247, 0.0124407, 0.247593, 0.0129886, 0.240895, 0.0129004, 0.234072, 0.0131528, 0.227424, 0.0141825, 0.220585, 0.0143551, 0.213818, 0.0147586, 0.207236, 0.0154981, 0.200646, 0.0155314, 0.19403, 0.0149048, 0.187353, 0.014283, 0.180813, 0.0135821, 0.17428, 0.0123344, 0.167749, 0.0111897, 0.161133, 0.0109075, 0.154361, 0.0110148, 0.147754, 0.0109707, 0.141069, 0.0104219, 0.13438, 0.0101438, 0.127649, 0.00990101, 0.121114, 0.00861945, 0.114458, 0.00776874, 0.107786, 0.00686195, 0.101239, 0.00574264, 0.0944834, 0.00583052, 0.0877855, 0.0047769, 0.0811696, 0.00393299, 0.0744688, 0.00278818, 0.067941, 0.00137464, 0.0614378, 4.72483e-05, 0.0547485, -4.07927e-06, 0.0481306, 0.000251601, 0.041435, -0.000242537, 0.034828, -0.000746711, 0.028156, -0.00103856, 0.0214096, -0.000742177, 0.0147322, -0.000480183, 0.00797499, -0.000593614, 0.00133944, 0, 
0.485424, 0.0414984, 0.479299, 0.0387859, 0.473522, 0.0353756, 0.467501, 0.0326102, 0.461123, 0.0303988, 0.454715, 0.0283246, 0.448311, 0.0265711, 0.441721, 0.0256116, 0.435054, 0.0246293, 0.428455, 0.0237455, 0.421862, 0.0226927, 0.41519, 0.0221384, 0.408587, 0.0209605, 0.401982, 0.0201623, 0.395243, 0.0199795, 0.388574, 0.0194588, 0.38197, 0.0190391, 0.375321, 0.0183295, 0.368648, 0.0181208, 0.362051, 0.0186182, 0.355322, 0.0185743, 0.348707, 0.0178455, 0.342136, 0.0175326, 0.335507, 0.0180452, 0.328999, 0.0184434, 0.322444, 0.019448, 0.315712, 0.0190655, 0.30905, 0.0184981, 0.302502, 0.0171021, 0.295926, 0.0163914, 0.289231, 0.0162435, 0.282562, 0.0159525, 0.275888, 0.0156231, 0.269144, 0.0157702, 0.262478, 0.0154128, 0.255715, 0.0150275, 0.249065, 0.0143311, 0.242394, 0.0134573, 0.235715, 0.0130294, 0.228961, 0.0130302, 0.222268, 0.0133229, 0.215626, 0.0128681, 0.208885, 0.0124893, 0.202254, 0.012136, 0.195609, 0.0120909, 0.188998, 0.011409, 0.182421, 0.0107574, 0.175715, 0.0102717, 0.169075, 0.0101653, 0.162436, 0.00936336, 0.155793, 0.00849103, 0.149165, 0.00809409, 0.142466, 0.0079056, 0.13589, 0.00752413, 0.129331, 0.00676606, 0.122546, 0.00629388, 0.115847, 0.0062032, 0.109169, 0.00547677, 0.102548, 0.00468015, 0.095883, 0.00436341, 0.0891763, 0.00428603, 0.0825017, 0.00435329, 0.0757486, 0.00400587, 0.0690831, 0.00397326, 0.0625165, 0.00340348, 0.0558105, 0.0030137, 0.0492654, 0.00174247, 0.0426088, 0.000305098, 0.0359641, -0.000697676, 0.0293476, -0.00134016, 0.0227045, -0.00184507, 0.0160752, -0.00179443, 0.00936977, -0.000873694, 0.00267872, 0, 
0.516374, 0.0266512, 0.509897, 0.024895, 0.503169, 0.0240158, 0.496404, 0.0240433, 0.489742, 0.0246654, 0.483077, 0.0249036, 0.476427, 0.0253926, 0.469715, 0.0251397, 0.463014, 0.0245987, 0.456291, 0.0249901, 0.449555, 0.0251495, 0.442795, 0.0249042, 0.436286, 0.0240941, 0.429701, 0.0231735, 0.42304, 0.0221261, 0.416368, 0.0218919, 0.40969, 0.0218986, 0.402997, 0.0217556, 0.396448, 0.0213944, 0.389861, 0.0205866, 0.383134, 0.0202605, 0.376434, 0.0200561, 0.369701, 0.0197202, 0.363133, 0.0183228, 0.356603, 0.0169406, 0.349935, 0.0166559, 0.343346, 0.0165862, 0.336662, 0.0164478, 0.330072, 0.0157235, 0.323416, 0.0150707, 0.316707, 0.0149653, 0.309988, 0.0145258, 0.303226, 0.0144262, 0.296539, 0.0147498, 0.289883, 0.0151919, 0.283224, 0.0151246, 0.27658, 0.0147291, 0.269849, 0.0136968, 0.263175, 0.0134441, 0.256469, 0.0136206, 0.249741, 0.0131294, 0.243204, 0.0122447, 0.236578, 0.0112721, 0.230023, 0.0107522, 0.223409, 0.0099802, 0.216855, 0.0088141, 0.210185, 0.00822763, 0.203458, 0.00804618, 0.196777, 0.0081041, 0.190122, 0.0088629, 0.183437, 0.00922913, 0.176766, 0.00921786, 0.170092, 0.00962468, 0.163489, 0.00922289, 0.156859, 0.00855623, 0.150214, 0.00801481, 0.143533, 0.00719295, 0.136831, 0.00622472, 0.13017, 0.00593576, 0.123481, 0.00583685, 0.116846, 0.00530063, 0.110315, 0.00420377, 0.103687, 0.00412123, 0.0970645, 0.0047669, 0.0904248, 0.00536839, 0.083791, 0.0062673, 0.0770159, 0.00666152, 0.0702935, 0.00673301, 0.0635819, 0.00673646, 0.0569789, 0.0056182, 0.050375, 0.00466413, 0.0437793, 0.00411218, 0.0370482, 0.00353414, 0.030472, 0.0028646, 0.0237873, 0.00226547, 0.0171611, 0.00206396, 0.0104724, 0.00170853, 0.00402189, 0, 
0.544332, 0.0212925, 0.537737, 0.0205354, 0.531163, 0.0195894, 0.524545, 0.0189214, 0.517815, 0.0190732, 0.51119, 0.0196338, 0.504549, 0.0204043, 0.497888, 0.0207115, 0.491273, 0.0215975, 0.484651, 0.0222517, 0.477978, 0.0225836, 0.471328, 0.0232838, 0.464689, 0.0237823, 0.45803, 0.0241809, 0.451436, 0.0243795, 0.444727, 0.0238576, 0.438108, 0.0233122, 0.431442, 0.0228916, 0.424733, 0.0224024, 0.418082, 0.021901, 0.41141, 0.0209005, 0.404798, 0.0198559, 0.398117, 0.019246, 0.391505, 0.0187302, 0.384813, 0.0188307, 0.378129, 0.0185621, 0.371505, 0.0180921, 0.364872, 0.0179245, 0.358183, 0.017685, 0.351573, 0.0170263, 0.344829, 0.0164895, 0.338213, 0.0158661, 0.331467, 0.0159259, 0.324803, 0.0153697, 0.318245, 0.0143004, 0.311767, 0.0127558, 0.305344, 0.0110616, 0.298676, 0.0104518, 0.292012, 0.0097266, 0.285374, 0.00959128, 0.278742, 0.00932383, 0.27213, 0.00909881, 0.26548, 0.00895017, 0.258739, 0.00926547, 0.25203, 0.00925573, 0.245291, 0.00908757, 0.238584, 0.00930009, 0.231826, 0.00912973, 0.225176, 0.0094099, 0.218467, 0.0100305, 0.211831, 0.0104853, 0.205151, 0.0111709, 0.198403, 0.0117282, 0.191775, 0.0112956, 0.185141, 0.010812, 0.178559, 0.0112406, 0.171957, 0.0109324, 0.165279, 0.0103384, 0.158647, 0.00978385, 0.152025, 0.0091871, 0.145502, 0.00780648, 0.138863, 0.00694129, 0.132214, 0.00676073, 0.125453, 0.00669253, 0.118775, 0.00624955, 0.112101, 0.00577639, 0.105465, 0.00484315, 0.0987799, 0.00420039, 0.092104, 0.00354089, 0.0854159, 0.00267404, 0.0786823, 0.00229661, 0.0719769, 0.00208324, 0.0653821, 0.00123851, 0.0588375, 9.26145e-05, 0.0521234, 0.000120355, 0.0454046, -0.00019234, 0.0387381, -0.000717319, 0.0320733, -0.00112499, 0.0254194, -0.00121047, 0.0187417, -0.00111241, 0.0120477, -0.000230965, 0.00536192, 0, 
0.573997, 0.0195007, 0.567245, 0.019567, 0.56054, 0.0192392, 0.553785, 0.0188678, 0.547111, 0.0192313, 0.540396, 0.0194914, 0.533695, 0.0193432, 0.52707, 0.019237, 0.520369, 0.0186172, 0.513679, 0.0177386, 0.507047, 0.0177913, 0.500264, 0.017879, 0.493629, 0.0186961, 0.486978, 0.0192646, 0.480269, 0.0193337, 0.473623, 0.0199915, 0.466957, 0.0203669, 0.460325, 0.0201966, 0.453641, 0.0198059, 0.446881, 0.0196623, 0.440226, 0.0189569, 0.43357, 0.0182466, 0.426887, 0.0180628, 0.420251, 0.0183687, 0.413531, 0.0187238, 0.406839, 0.0186163, 0.400187, 0.0184186, 0.393509, 0.0181951, 0.386836, 0.0176725, 0.380278, 0.0166593, 0.373667, 0.0156639, 0.366963, 0.0155315, 0.360336, 0.0154399, 0.353563, 0.0152869, 0.346928, 0.0150549, 0.34019, 0.0149702, 0.333514, 0.0150136, 0.326931, 0.0155971, 0.320285, 0.015803, 0.313596, 0.0157946, 0.306889, 0.0153881, 0.300314, 0.0143867, 0.293669, 0.0134644, 0.287104, 0.0126299, 0.280441, 0.0119186, 0.273768, 0.010963, 0.267118, 0.0101636, 0.260457, 0.00983414, 0.253844, 0.00942821, 0.247204, 0.00889165, 0.240509, 0.00831139, 0.233859, 0.00784998, 0.227191, 0.00766701, 0.220535, 0.00762939, 0.213895, 0.00703235, 0.207172, 0.00680215, 0.200515, 0.00676095, 0.193826, 0.00654962, 0.187154, 0.00669393, 0.180511, 0.00639099, 0.173855, 0.00564703, 0.167156, 0.00508308, 0.160354, 0.00502435, 0.153657, 0.00516466, 0.146984, 0.00554381, 0.140378, 0.00568086, 0.133725, 0.00548285, 0.127115, 0.00532238, 0.12041, 0.00518159, 0.113668, 0.00487041, 0.106993, 0.00437121, 0.100275, 0.00412303, 0.0935462, 0.00382737, 0.0868491, 0.00346686, 0.0801225, 0.00369528, 0.0734314, 0.00362682, 0.0667112, 0.00310824, 0.0600588, 0.00243012, 0.0533873, 0.00172827, 0.0468101, 0.00129356, 0.0401294, 0.00102039, 0.0334524, 0.000531047, 0.0267807, -0.000234027, 0.0200565, -0.000213049, 0.0133928, 0.00023545, 0.0067058, 0, 
0.601414, 0.0219136, 0.594864, 0.020647, 0.588308, 0.0193864, 0.58165, 0.0186276, 0.57502, 0.018015, 0.568383, 0.0176402, 0.561735, 0.0174204, 0.555078, 0.0171895, 0.548363, 0.0166195, 0.541733, 0.0160711, 0.535056, 0.0155413, 0.528373, 0.0153235, 0.521631, 0.0152889, 0.514987, 0.0156299, 0.508288, 0.0155112, 0.501606, 0.0155161, 0.494954, 0.0155398, 0.488347, 0.0154039, 0.481666, 0.0155888, 0.474983, 0.0162899, 0.46836, 0.0171497, 0.461671, 0.0172975, 0.45494, 0.0174037, 0.448261, 0.0172434, 0.4415, 0.0172906, 0.434759, 0.0172225, 0.428206, 0.0166424, 0.421539, 0.0162237, 0.414862, 0.0164505, 0.40814, 0.0163839, 0.401389, 0.0162532, 0.394748, 0.0161272, 0.388083, 0.0160275, 0.381416, 0.0164564, 0.374741, 0.0170678, 0.368064, 0.0173294, 0.361396, 0.0167809, 0.354701, 0.0161029, 0.348034, 0.0160473, 0.341292, 0.015845, 0.334591, 0.0153519, 0.327958, 0.0148016, 0.321316, 0.0140809, 0.314641, 0.0135462, 0.308022, 0.0129844, 0.301393, 0.0123959, 0.294673, 0.0121111, 0.288044, 0.0114632, 0.281371, 0.0110756, 0.274784, 0.0104686, 0.268235, 0.00969683, 0.26156, 0.0090141, 0.254946, 0.00816086, 0.2483, 0.00738086, 0.241587, 0.00759273, 0.234921, 0.00755389, 0.228263, 0.00712928, 0.221608, 0.00636457, 0.214942, 0.00579869, 0.208208, 0.00546332, 0.201531, 0.0047664, 0.194808, 0.00427847, 0.188156, 0.00408135, 0.181423, 0.00391297, 0.174809, 0.00343902, 0.168095, 0.00300999, 0.161415, 0.00322627, 0.154765, 0.00346298, 0.148031, 0.00380704, 0.141362, 0.00430785, 0.134672, 0.00441988, 0.128025, 0.00419036, 0.12138, 0.0042073, 0.114641, 0.00426863, 0.108004, 0.00474276, 0.101329, 0.00503435, 0.0946425, 0.00505829, 0.0878997, 0.00538011, 0.0811757, 0.00506016, 0.0745161, 0.00492322, 0.0678375, 0.00476613, 0.0611774, 0.00450151, 0.0546239, 0.00328396, 0.0479521, 0.00216526, 0.0413077, 0.00137072, 0.0346207, 0.00104684, 0.027929, 0.000748298, 0.0212742, 5.57391e-05, 0.0146765, -0.000429087, 0.00800462, -0.000666759, 0.00134043, 0, 
0.630204, 0.0164347, 0.62356, 0.0165428, 0.61689, 0.0162274, 0.610204, 0.0159931, 0.603506, 0.0160944, 0.596828, 0.0159895, 0.590143, 0.0157466, 0.583477, 0.0162001, 0.576781, 0.0167537, 0.570077, 0.0169579, 0.563411, 0.0171041, 0.556714, 0.0171635, 0.55009, 0.016694, 0.54343, 0.0166883, 0.536778, 0.0165892, 0.530098, 0.0157257, 0.523462, 0.0152826, 0.5167, 0.0149472, 0.510037, 0.0146751, 0.503298, 0.0147406, 0.4966, 0.0145629, 0.489913, 0.0145185, 0.483197, 0.0147858, 0.476546, 0.015277, 0.469879, 0.0149012, 0.463176, 0.0144266, 0.456492, 0.0138787, 0.449795, 0.0141516, 0.443142, 0.0144976, 0.436512, 0.0146161, 0.429885, 0.0148659, 0.423253, 0.0148446, 0.416496, 0.0147628, 0.409848, 0.0147666, 0.403172, 0.0151001, 0.396453, 0.015001, 0.389752, 0.014512, 0.383078, 0.0136746, 0.376469, 0.0127285, 0.36979, 0.0124481, 0.363096, 0.0125349, 0.356372, 0.0124801, 0.349712, 0.0125638, 0.34306, 0.0117749, 0.336373, 0.0116568, 0.329782, 0.0116739, 0.323091, 0.0116743, 0.316404, 0.0115858, 0.309635, 0.0114739, 0.302925, 0.0116422, 0.296266, 0.0117339, 0.289577, 0.0116886, 0.282885, 0.0111418, 0.276285, 0.0102773, 0.269623, 0.00949994, 0.262871, 0.00935456, 0.256221, 0.00894902, 0.24954, 0.00844551, 0.242835, 0.00827607, 0.236242, 0.00831438, 0.22951, 0.00827941, 0.222919, 0.00780279, 0.216238, 0.00770871, 0.209515, 0.00769297, 0.202812, 0.00734577, 0.196073, 0.00711982, 0.189416, 0.00643936, 0.182801, 0.00591853, 0.176126, 0.00545241, 0.169445, 0.00508684, 0.162748, 0.00447673, 0.156146, 0.0038199, 0.149438, 0.00327695, 0.142757, 0.00286861, 0.136058, 0.00251161, 0.129372, 0.00238876, 0.122695, 0.0024014, 0.115991, 0.00218862, 0.109335, 0.00166533, 0.102644, 0.00129337, 0.0960469, 0.000823616, 0.0893514, 0.000484302, 0.082691, 0.000468069, 0.0761121, 0.000942138, 0.0693846, 0.00111913, 0.0627344, 0.00126526, 0.0560165, 0.00113517, 0.0493886, 0.000994459, 0.0427165, 0.0010171, 0.0360541, 0.00134598, 0.0293881, 0.00144973, 0.0226597, 0.00156584, 0.0159982, 0.00127495, 0.00931424, 0.000595179, 0.00268094, 0, 
0.658394, 0.014393, 0.651712, 0.0138571, 0.644984, 0.0139248, 0.638309, 0.0142774, 0.631643, 0.0150034, 0.624994, 0.0155179, 0.618286, 0.0156382, 0.611634, 0.0159824, 0.605007, 0.0159638, 0.598286, 0.0158257, 0.591578, 0.0155559, 0.584885, 0.0154491, 0.578191, 0.0154304, 0.571541, 0.0154764, 0.564809, 0.015482, 0.558109, 0.0156825, 0.551454, 0.0157658, 0.544679, 0.0158254, 0.537968, 0.0154131, 0.531359, 0.0149041, 0.524668, 0.0146918, 0.518007, 0.0143138, 0.511315, 0.0139872, 0.5046, 0.0138665, 0.497917, 0.0135901, 0.491217, 0.0133004, 0.484539, 0.0128721, 0.477894, 0.0127178, 0.471246, 0.0126886, 0.464529, 0.012978, 0.457825, 0.0133328, 0.451104, 0.0131089, 0.444404, 0.0124972, 0.437741, 0.0115823, 0.431073, 0.0106798, 0.424362, 0.0102414, 0.417677, 0.0101779, 0.411025, 0.0103655, 0.404355, 0.0105354, 0.397637, 0.0107554, 0.390906, 0.010741, 0.384207, 0.01064, 0.377515, 0.0105181, 0.370875, 0.0104038, 0.3642, 0.0104033, 0.357567, 0.0106569, 0.350889, 0.0110077, 0.344235, 0.0113253, 0.33757, 0.011735, 0.330872, 0.0123221, 0.324214, 0.0125332, 0.317488, 0.0126437, 0.310828, 0.0125102, 0.304173, 0.0122003, 0.297557, 0.0115749, 0.290886, 0.0110054, 0.284257, 0.0106455, 0.277566, 0.0103007, 0.270955, 0.00951727, 0.264261, 0.00913228, 0.257566, 0.00919195, 0.250838, 0.00893839, 0.244152, 0.00874742, 0.237423, 0.00833838, 0.230868, 0.00740715, 0.224151, 0.00706427, 0.217475, 0.00668487, 0.210777, 0.00664965, 0.204116, 0.00653627, 0.197485, 0.00619748, 0.190827, 0.00554231, 0.184226, 0.00464944, 0.177503, 0.00447323, 0.170837, 0.00443501, 0.164132, 0.00436263, 0.157458, 0.00437209, 0.150852, 0.00398115, 0.144084, 0.00371341, 0.137398, 0.00339324, 0.130771, 0.00270213, 0.124089, 0.00222984, 0.117459, 0.0017839, 0.110758, 0.00130108, 0.104088, 0.000617585, 0.097491, -0.000498299, 0.0908408, -0.00113496, 0.0841733, -0.00143169, 0.0774952, -0.00143193, 0.070819, -0.0018698, 0.0641231, -0.00227106, 0.0574475, -0.00224916, 0.0507217, -0.00206057, 0.0440888, -0.00156046, 0.0374163, -0.00165832, 0.0307179, -0.00149802, 0.0240303, -0.00106202, 0.0173193, -0.00104241, 0.0106633, -0.000694058, 0.004022, 0, 
0.686774, 0.0150277, 0.680066, 0.0149574, 0.673397, 0.0149447, 0.666711, 0.0147313, 0.660037, 0.0146232, 0.65337, 0.0148273, 0.646658, 0.0148666, 0.639975, 0.0146959, 0.633237, 0.0142016, 0.626577, 0.0139506, 0.619895, 0.0137797, 0.613202, 0.0136075, 0.606501, 0.0135594, 0.599779, 0.0136648, 0.593106, 0.0133318, 0.586398, 0.0133944, 0.579759, 0.0131792, 0.573052, 0.0125395, 0.566399, 0.012267, 0.559701, 0.0123357, 0.553011, 0.0128209, 0.546406, 0.0131165, 0.5397, 0.0129117, 0.532995, 0.0128861, 0.526325, 0.012576, 0.519664, 0.0123105, 0.513031, 0.0123546, 0.506299, 0.0123279, 0.499677, 0.0119315, 0.492983, 0.0114795, 0.486281, 0.0112377, 0.479603, 0.0113379, 0.472876, 0.01143, 0.466231, 0.0118509, 0.459484, 0.0117609, 0.452776, 0.0118264, 0.446074, 0.0122237, 0.439394, 0.0119751, 0.432672, 0.0116237, 0.425946, 0.0115163, 0.419254, 0.0113936, 0.412594, 0.0113261, 0.405951, 0.0109757, 0.399266, 0.0107434, 0.392592, 0.0103213, 0.385954, 0.00982025, 0.379257, 0.00949757, 0.37263, 0.00918162, 0.365942, 0.00890824, 0.359276, 0.0087186, 0.352636, 0.00852848, 0.345921, 0.00848135, 0.339231, 0.00868062, 0.332555, 0.00881677, 0.325813, 0.00879623, 0.319149, 0.00902515, 0.312464, 0.00939645, 0.305798, 0.00983668, 0.299141, 0.00990601, 0.292403, 0.00983254, 0.285718, 0.00979946, 0.279024, 0.0092274, 0.272365, 0.00834918, 0.26571, 0.00795834, 0.259041, 0.00743761, 0.25237, 0.00748175, 0.245687, 0.00744801, 0.239024, 0.00737546, 0.232366, 0.00671133, 0.225674, 0.00626507, 0.219043, 0.00576802, 0.212457, 0.00490711, 0.205752, 0.00468975, 0.199085, 0.0046259, 0.192429, 0.00413845, 0.185756, 0.00377682, 0.179024, 0.00357856, 0.172377, 0.00336077, 0.165637, 0.00327438, 0.158937, 0.00314389, 0.152273, 0.00316694, 0.145576, 0.00296695, 0.138899, 0.00295418, 0.132227, 0.00309713, 0.125515, 0.00331385, 0.11881, 0.00373852, 0.112154, 0.00365633, 0.105445, 0.0032156, 0.0987733, 0.00315606, 0.0920948, 0.00295759, 0.0854215, 0.0026857, 0.0787668, 0.00276857, 0.0720983, 0.00253027, 0.0654264, 0.00250453, 0.0587487, 0.00210169, 0.0520714, 0.00173943, 0.0454329, 0.00174846, 0.0387257, 0.00154683, 0.0319979, 0.00172382, 0.025304, 0.00161545, 0.0186145, 0.00125049, 0.0119837, 0.000481265, 0.00536191, 0, 
0.714649, 0.0171276, 0.708061, 0.0161274, 0.701399, 0.0154222, 0.694757, 0.0146365, 0.688026, 0.0142641, 0.681348, 0.0137704, 0.674702, 0.0130509, 0.668093, 0.0127743, 0.66141, 0.0122991, 0.654703, 0.0116367, 0.648038, 0.0115302, 0.641293, 0.011671, 0.634583, 0.0119265, 0.627873, 0.0120691, 0.621176, 0.0122202, 0.614477, 0.0122084, 0.607827, 0.0122134, 0.601175, 0.0120719, 0.59452, 0.0118259, 0.587826, 0.0119471, 0.581179, 0.0114857, 0.574482, 0.011421, 0.56782, 0.0115761, 0.561158, 0.0119832, 0.554453, 0.0119317, 0.547708, 0.0115127, 0.541043, 0.0109688, 0.534375, 0.0109034, 0.527679, 0.0110304, 0.521023, 0.011184, 0.5143, 0.0109672, 0.507659, 0.0106839, 0.500946, 0.0105343, 0.494262, 0.0107245, 0.487619, 0.0104615, 0.480926, 0.0102989, 0.474277, 0.0107148, 0.467602, 0.0109066, 0.460931, 0.0109985, 0.454267, 0.0111075, 0.447612, 0.0111715, 0.440958, 0.0115819, 0.434245, 0.0116159, 0.427588, 0.0113982, 0.420884, 0.0112772, 0.414155, 0.0111837, 0.40754, 0.0108587, 0.400897, 0.0101071, 0.394243, 0.00940423, 0.387563, 0.00901478, 0.380892, 0.00818747, 0.374262, 0.0074312, 0.36764, 0.00667454, 0.360916, 0.00636178, 0.354225, 0.00610256, 0.34756, 0.00627968, 0.340872, 0.00633712, 0.334164, 0.00621895, 0.327481, 0.00638787, 0.320785, 0.00637082, 0.314096, 0.00603121, 0.307438, 0.00527109, 0.300783, 0.0048672, 0.294095, 0.00483386, 0.287381, 0.00488734, 0.280683, 0.00515264, 0.274002, 0.00532008, 0.267339, 0.00568277, 0.260641, 0.0060387, 0.254031, 0.00646515, 0.24735, 0.0063149, 0.240655, 0.00637291, 0.233964, 0.00656823, 0.227263, 0.00665322, 0.220556, 0.00657667, 0.21389, 0.00687936, 0.207165, 0.0072858, 0.200512, 0.00794295, 0.193822, 0.00826705, 0.187124, 0.00776372, 0.180438, 0.00765211, 0.173722, 0.00749467, 0.16703, 0.00694351, 0.16036, 0.00656321, 0.153676, 0.00627426, 0.147011, 0.00611463, 0.140333, 0.00619091, 0.133662, 0.00566461, 0.127033, 0.005164, 0.120395, 0.0045696, 0.113734, 0.00396637, 0.107038, 0.00364165, 0.100365, 0.00329301, 0.0936618, 0.00304318, 0.0870103, 0.00287857, 0.0803339, 0.00255143, 0.073623, 0.00212193, 0.0669244, 0.00177267, 0.0601986, 0.00203388, 0.0534838, 0.00221225, 0.0468108, 0.00196282, 0.0401114, 0.00205676, 0.0333978, 0.0017697, 0.0267396, 0.00121521, 0.0200608, 0.000763877, 0.0133645, 0.000433613, 0.00670257, 0, 
0.743096, 0.012766, 0.736431, 0.0132405, 0.729725, 0.0134294, 0.723036, 0.0132317, 0.716336, 0.0135445, 0.709667, 0.0135471, 0.703014, 0.0130932, 0.696324, 0.0130857, 0.689688, 0.0126061, 0.683005, 0.0124336, 0.676336, 0.0121289, 0.669659, 0.0118784, 0.663005, 0.0115069, 0.656297, 0.0114344, 0.649604, 0.0112893, 0.642907, 0.0113914, 0.636213, 0.0118321, 0.629551, 0.0119755, 0.622842, 0.0117593, 0.616144, 0.0113681, 0.609514, 0.0110826, 0.602821, 0.0109327, 0.596107, 0.0109249, 0.589443, 0.0108406, 0.582764, 0.0107199, 0.576091, 0.0103328, 0.569408, 0.01001, 0.562719, 0.0101006, 0.556008, 0.0100206, 0.549328, 0.0103525, 0.542623, 0.0105979, 0.535963, 0.0107051, 0.529299, 0.0104143, 0.522623, 0.0106711, 0.51592, 0.0105568, 0.509236, 0.0102455, 0.502563, 0.0098172, 0.49585, 0.00961902, 0.48917, 0.0092671, 0.482477, 0.00914028, 0.475776, 0.00901296, 0.469105, 0.00876826, 0.46246, 0.00856757, 0.455812, 0.00793778, 0.44916, 0.0072124, 0.442523, 0.00708621, 0.43582, 0.00689177, 0.429149, 0.00663936, 0.422453, 0.00665604, 0.415786, 0.00698393, 0.409115, 0.0070614, 0.402375, 0.00699728, 0.395681, 0.00678962, 0.388988, 0.00692561, 0.382286, 0.00697855, 0.375566, 0.00707295, 0.368904, 0.00688382, 0.362197, 0.00691529, 0.355567, 0.00728617, 0.348896, 0.00757482, 0.342257, 0.00749103, 0.335586, 0.00760447, 0.328906, 0.00760496, 0.322184, 0.00751476, 0.31553, 0.00736716, 0.30883, 0.00726563, 0.302167, 0.00707199, 0.295476, 0.00672939, 0.288794, 0.00657678, 0.282099, 0.00646132, 0.275405, 0.0063073, 0.268715, 0.00614251, 0.262001, 0.00595194, 0.255314, 0.0057138, 0.248643, 0.0055925, 0.241974, 0.00578628, 0.235296, 0.00577166, 0.228631, 0.00606934, 0.221958, 0.00620763, 0.215284, 0.00606366, 0.208601, 0.00629699, 0.201925, 0.00671417, 0.19522, 0.0071005, 0.188462, 0.00717787, 0.181786, 0.00673885, 0.175115, 0.0067143, 0.16839, 0.00677816, 0.161715, 0.00640171, 0.155049, 0.0057493, 0.148324, 0.00528883, 0.141632, 0.00478919, 0.134907, 0.00461435, 0.128231, 0.00431179, 0.12155, 0.00433531, 0.114905, 0.00440626, 0.108217, 0.00404048, 0.101546, 0.00399443, 0.0948365, 0.00409149, 0.0881513, 0.00420981, 0.0814583, 0.00419101, 0.0746919, 0.00400113, 0.0680034, 0.00361941, 0.0613131, 0.0032711, 0.0546711, 0.00281422, 0.0479802, 0.00289255, 0.0412856, 0.00255645, 0.0346652, 0.00183065, 0.0279677, 0.00159218, 0.0213307, 0.00118116, 0.0146738, 0.00063913, 0.00805403, 0.0003482, 0.00134002, 0, 
0.77116, 0.0113909, 0.7645, 0.0114598, 0.757803, 0.0115492, 0.751136, 0.011599, 0.744463, 0.0118348, 0.737765, 0.0118933, 0.731091, 0.0120034, 0.724403, 0.0121434, 0.717718, 0.0121061, 0.711047, 0.0121409, 0.704396, 0.0126529, 0.697695, 0.012581, 0.691012, 0.0122624, 0.684344, 0.0122388, 0.677695, 0.0120931, 0.671006, 0.012181, 0.664332, 0.0121296, 0.65767, 0.0119399, 0.650987, 0.0118033, 0.644341, 0.0117094, 0.63768, 0.0114085, 0.631009, 0.0110873, 0.624342, 0.0105944, 0.617642, 0.0104951, 0.611004, 0.010145, 0.60428, 0.0097911, 0.597628, 0.00951278, 0.590919, 0.00933028, 0.584228, 0.00910873, 0.577571, 0.00893235, 0.570893, 0.00839152, 0.56423, 0.00808829, 0.557547, 0.00825132, 0.550852, 0.00799597, 0.544193, 0.0075599, 0.537465, 0.00739708, 0.530797, 0.00704432, 0.524118, 0.00706271, 0.517439, 0.00669881, 0.510752, 0.00652746, 0.504051, 0.00675788, 0.49735, 0.00692663, 0.490661, 0.00697233, 0.483993, 0.00700906, 0.477303, 0.00699122, 0.470637, 0.00694617, 0.463953, 0.0068661, 0.457277, 0.00702038, 0.450531, 0.00707552, 0.443861, 0.00716423, 0.437123, 0.00730324, 0.430434, 0.00747889, 0.423765, 0.00747923, 0.417064, 0.00775212, 0.410368, 0.00752925, 0.403706, 0.0075767, 0.397027, 0.0079762, 0.390343, 0.00808237, 0.383648, 0.00814807, 0.376959, 0.00800087, 0.370277, 0.00812725, 0.363548, 0.00823388, 0.356823, 0.00828648, 0.350163, 0.00811329, 0.343465, 0.00782263, 0.336824, 0.00766032, 0.330132, 0.00717823, 0.323501, 0.00652528, 0.316806, 0.00612362, 0.310098, 0.00604717, 0.303439, 0.00595761, 0.296747, 0.00607162, 0.29006, 0.00649877, 0.283371, 0.00671821, 0.276698, 0.00681411, 0.270018, 0.00682687, 0.263355, 0.00635506, 0.25669, 0.00580066, 0.249996, 0.00521543, 0.243341, 0.00513247, 0.236646, 0.00540581, 0.229993, 0.00544606, 0.223303, 0.00530742, 0.216601, 0.00535633, 0.209907, 0.00520778, 0.203203, 0.00483435, 0.196505, 0.00458993, 0.189807, 0.00453437, 0.183082, 0.00455856, 0.17638, 0.00466936, 0.169711, 0.0047476, 0.163045, 0.00487169, 0.156333, 0.00491385, 0.149627, 0.00492888, 0.142912, 0.00475686, 0.136259, 0.00478188, 0.129526, 0.0046459, 0.122834, 0.00452416, 0.116154, 0.00434383, 0.109512, 0.00383402, 0.102815, 0.0035953, 0.0961725, 0.00354083, 0.0895476, 0.00366904, 0.0828181, 0.00362791, 0.0761216, 0.00372046, 0.069393, 0.00349913, 0.0627512, 0.00305503, 0.0560731, 0.00283739, 0.0493864, 0.00270408, 0.0426771, 0.00262373, 0.035998, 0.00253188, 0.0293722, 0.00186291, 0.0227134, 0.00129268, 0.0160342, 0.000946622, 0.00934585, 0.000543172, 0.00268013, 0, 
0.79984, 0.0123607, 0.793166, 0.0121082, 0.786492, 0.0118384, 0.779808, 0.0116229, 0.77311, 0.011647, 0.766444, 0.0113953, 0.759745, 0.0113028, 0.753078, 0.0113077, 0.746384, 0.0113764, 0.739668, 0.0114691, 0.732991, 0.011362, 0.726286, 0.0111483, 0.719612, 0.0110519, 0.71292, 0.0108069, 0.706209, 0.0105902, 0.699551, 0.0106963, 0.692872, 0.0108085, 0.686211, 0.0106441, 0.67951, 0.010549, 0.672828, 0.0103347, 0.666103, 0.0100371, 0.659395, 0.00983246, 0.652706, 0.00950859, 0.64601, 0.00931548, 0.639283, 0.00931227, 0.632581, 0.00920181, 0.625934, 0.00877818, 0.619231, 0.00829592, 0.612559, 0.00795999, 0.605875, 0.0079499, 0.59919, 0.00760064, 0.592538, 0.0071936, 0.585834, 0.00734587, 0.579159, 0.00729047, 0.572438, 0.00723656, 0.565747, 0.00736742, 0.559053, 0.00729562, 0.552356, 0.0076019, 0.545721, 0.00744044, 0.539043, 0.00750064, 0.532367, 0.00728199, 0.525651, 0.00719307, 0.518974, 0.00711271, 0.512262, 0.00740416, 0.50558, 0.00749545, 0.498906, 0.00764994, 0.492213, 0.00789228, 0.485521, 0.00765878, 0.478823, 0.00733716, 0.472167, 0.00694647, 0.465441, 0.00694198, 0.458752, 0.00712754, 0.452043, 0.00736477, 0.445357, 0.00754456, 0.438678, 0.00738922, 0.431966, 0.00719254, 0.425296, 0.00692537, 0.418611, 0.00673354, 0.411912, 0.006546, 0.405227, 0.00640335, 0.398546, 0.00620438, 0.391831, 0.00624436, 0.385133, 0.00642812, 0.378437, 0.00650825, 0.371766, 0.00652042, 0.365046, 0.00636064, 0.358348, 0.00640478, 0.351693, 0.00673037, 0.345024, 0.00691413, 0.338316, 0.00716532, 0.3317, 0.00716799, 0.324983, 0.00694829, 0.318303, 0.00683399, 0.311636, 0.00676337, 0.304975, 0.0066351, 0.298292, 0.00648083, 0.291582, 0.00635008, 0.284865, 0.00643725, 0.278223, 0.00612662, 0.271516, 0.00576622, 0.264823, 0.0054035, 0.25813, 0.00520199, 0.251435, 0.00498991, 0.244747, 0.00502508, 0.238068, 0.00526827, 0.231395, 0.00536232, 0.224725, 0.00540513, 0.218066, 0.00499415, 0.211352, 0.00467104, 0.204639, 0.00471939, 0.197965, 0.0045893, 0.191265, 0.00449969, 0.184566, 0.00415023, 0.177904, 0.003747, 0.171207, 0.00362224, 0.164527, 0.00362516, 0.157825, 0.00353507, 0.151169, 0.00324987, 0.144495, 0.00308599, 0.137794, 0.00290416, 0.131107, 0.00276788, 0.124432, 0.00243211, 0.117764, 0.00203863, 0.111058, 0.0017246, 0.104362, 0.00141506, 0.0976377, 0.00111881, 0.0909485, 0.000780084, 0.0843059, 0.000636868, 0.0775935, 0.000396194, 0.0708867, 0.000118536, 0.064182, 0.000208476, 0.0575296, 0.000145429, 0.0508261, 0.00012582, 0.0441506, 0.000189693, 0.0374682, 2.84747e-05, 0.0307499, -0.000173698, 0.0240868, -0.000281357, 0.0173734, -0.000311115, 0.0107132, -0.000173543, 0.00402176, 0, 
0.827492, 0.0142191, 0.820844, 0.0134242, 0.814234, 0.0126204, 0.807518, 0.0119165, 0.800849, 0.0115629, 0.794146, 0.0113413, 0.787468, 0.0111431, 0.780785, 0.0107856, 0.774099, 0.0103678, 0.767422, 0.00996667, 0.760709, 0.00949972, 0.754074, 0.0093809, 0.747373, 0.00933253, 0.740663, 0.00941876, 0.733988, 0.00911036, 0.727293, 0.0086031, 0.720645, 0.00817524, 0.713957, 0.00789042, 0.707281, 0.00796256, 0.700613, 0.0079806, 0.693889, 0.00783346, 0.687216, 0.00790794, 0.68051, 0.00790202, 0.673819, 0.00790517, 0.6671, 0.00781439, 0.660434, 0.00805269, 0.653778, 0.00844469, 0.647109, 0.0087433, 0.640404, 0.0089678, 0.633703, 0.00908758, 0.627029, 0.00921181, 0.620294, 0.0090113, 0.613602, 0.00867705, 0.606915, 0.00856361, 0.60023, 0.00854069, 0.593521, 0.00854657, 0.586862, 0.00846206, 0.580194, 0.00837356, 0.573534, 0.0080266, 0.566842, 0.00793491, 0.560191, 0.00767281, 0.553512, 0.00736528, 0.54679, 0.00729324, 0.540103, 0.00716145, 0.53343, 0.00717721, 0.526741, 0.00736064, 0.52003, 0.00738624, 0.513334, 0.00706372, 0.50665, 0.0066583, 0.499962, 0.00644786, 0.493305, 0.00636299, 0.486603, 0.0065549, 0.479917, 0.00668157, 0.473213, 0.00668388, 0.466534, 0.0066421, 0.459866, 0.0065694, 0.453161, 0.00634244, 0.446494, 0.00622839, 0.439822, 0.00606654, 0.433139, 0.00600042, 0.42645, 0.00586953, 0.419804, 0.00559128, 0.41314, 0.00549403, 0.406471, 0.00571563, 0.399804, 0.00598354, 0.393144, 0.00627926, 0.386433, 0.00648098, 0.379772, 0.00656423, 0.373103, 0.00654026, 0.366442, 0.00626576, 0.359762, 0.00633169, 0.353092, 0.00623515, 0.346437, 0.0063644, 0.339735, 0.00652185, 0.333018, 0.00620378, 0.326309, 0.00593308, 0.319607, 0.00571902, 0.312925, 0.00556991, 0.306235, 0.00537322, 0.299571, 0.00524357, 0.292855, 0.00504769, 0.286168, 0.00500704, 0.279505, 0.00490237, 0.272823, 0.00468602, 0.266137, 0.00454413, 0.259451, 0.00446188, 0.25281, 0.00452608, 0.246113, 0.00410609, 0.239455, 0.00383871, 0.232751, 0.00371382, 0.226085, 0.00333074, 0.219439, 0.00278396, 0.212733, 0.00244815, 0.206064, 0.00241944, 0.199346, 0.00235772, 0.192655, 0.00209951, 0.185971, 0.00196876, 0.179264, 0.00167541, 0.172566, 0.00153221, 0.165849, 0.00152528, 0.159188, 0.00160248, 0.152492, 0.00135028, 0.14583, 0.00120644, 0.139127, 0.00115666, 0.132452, 0.000849701, 0.125771, 0.000699352, 0.119117, 0.000758856, 0.112419, 0.000948666, 0.10571, 0.000881703, 0.099027, 0.000942792, 0.0923206, 0.00107025, 0.0856687, 0.000983371, 0.0789608, 0.000804247, 0.0722358, 0.000726708, 0.0655447, 0.00055929, 0.0588422, 0.000506966, 0.0521942, 0.000581741, 0.0454905, 0.000400925, 0.0388037, 0.000335931, 0.0321133, 0.00033018, 0.0254326, 0.000260485, 0.0187479, 0.000201068, 0.0120545, 0.000143191, 0.00536246, 0, 
0.855662, 0.0115203, 0.848975, 0.0111408, 0.842308, 0.0110714, 0.835622, 0.0109266, 0.828957, 0.0106916, 0.822298, 0.0106125, 0.815607, 0.0105128, 0.808948, 0.0104642, 0.802273, 0.0104203, 0.795556, 0.0103847, 0.788902, 0.0100252, 0.7822, 0.00966567, 0.775523, 0.00937828, 0.768849, 0.00893555, 0.762161, 0.00862452, 0.755477, 0.00855689, 0.748778, 0.00835094, 0.74211, 0.00826751, 0.73541, 0.00819997, 0.728744, 0.00804773, 0.722042, 0.00783308, 0.715354, 0.00764614, 0.708635, 0.00767951, 0.701982, 0.00763043, 0.695299, 0.00742751, 0.68859, 0.00746662, 0.681886, 0.00748356, 0.675159, 0.00754659, 0.668454, 0.0076597, 0.661757, 0.00774828, 0.655086, 0.0079953, 0.648374, 0.00809588, 0.641679, 0.00809535, 0.635016, 0.00794699, 0.628322, 0.00766496, 0.621672, 0.00757801, 0.614946, 0.00758554, 0.608297, 0.00750373, 0.601627, 0.00758049, 0.59493, 0.00759986, 0.588283, 0.00736625, 0.58156, 0.00732684, 0.574906, 0.00735459, 0.568212, 0.00722871, 0.561521, 0.00742768, 0.554821, 0.00727543, 0.548164, 0.00712767, 0.541469, 0.00710097, 0.534779, 0.00705208, 0.528086, 0.00733229, 0.521417, 0.00728566, 0.514749, 0.00727119, 0.508025, 0.00726777, 0.501347, 0.00735538, 0.494663, 0.00723588, 0.487979, 0.00711481, 0.481306, 0.00691239, 0.474652, 0.00652405, 0.467965, 0.00633623, 0.461269, 0.00628782, 0.454568, 0.00625564, 0.447886, 0.00615854, 0.441178, 0.00601384, 0.43452, 0.00612631, 0.427837, 0.00586789, 0.421147, 0.00565406, 0.414476, 0.00532673, 0.407775, 0.00523255, 0.401041, 0.00509657, 0.394374, 0.00494786, 0.387702, 0.00453626, 0.381032, 0.00424287, 0.374331, 0.00422264, 0.367633, 0.00413368, 0.360961, 0.00396211, 0.354281, 0.00370365, 0.3476, 0.00343019, 0.340911, 0.00330134, 0.334221, 0.00338961, 0.32751, 0.00337331, 0.320854, 0.00331161, 0.31418, 0.00320614, 0.307526, 0.00337012, 0.300835, 0.00340027, 0.294115, 0.00341047, 0.28743, 0.0032224, 0.280734, 0.00320038, 0.274073, 0.00308549, 0.267393, 0.00295086, 0.26072, 0.00283452, 0.254008, 0.00263096, 0.247324, 0.00268971, 0.240639, 0.00268802, 0.233931, 0.00238796, 0.227247, 0.00212996, 0.220555, 0.00221213, 0.213855, 0.00226932, 0.207207, 0.00214498, 0.200538, 0.00195682, 0.193854, 0.00187022, 0.187163, 0.00191583, 0.180492, 0.00187692, 0.173803, 0.00178625, 0.167142, 0.00158354, 0.160438, 0.00157528, 0.153775, 0.00166245, 0.147063, 0.00170634, 0.140368, 0.00141818, 0.13372, 0.001094, 0.127058, 0.000825207, 0.120378, 0.000771685, 0.113707, 0.000824986, 0.107003, 0.000930579, 0.10034, 0.00106806, 0.0936397, 0.00109196, 0.0869824, 0.000987422, 0.0803212, 0.000625838, 0.0736159, 0.000365255, 0.0668867, 0.000138384, 0.0602405, 5.40187e-05, 0.0535257, 8.97247e-05, 0.0468511, 0.000308232, 0.0401513, 0.000450954, 0.0334616, 0.000324399, 0.0267869, 0.000356909, 0.0201009, 0.000387611, 0.0134103, 0.000303546, 0.00670259, 0, 
