0.0268843, 0, 0, 0.0235237, 0, 0, 0.0201632, 0, 0, 0.0168027, 0, 0, 0.0134421, 0, 0, 0.0100816, 0, 0, 0.00672107, 0, 0, 0.00336054, 0, 0, 
0.0279431, -4.41304e-06, -2.28646e-22, 0.0245825, -5.0961e-06, 4.94862e-22, 0.021222, 5.06903e-07, 2.12264e-21, 0.0178615, 1.47993e-05, 9.16728e-22, 0.014501, -7.16421e-06, -7.19735e-21, 0.0111438, -0.000156626, -1.37562e-20, 0.00778897, -0.000352154, 1.21182e-20, 0.00444032, -6.98256e-05, 3.66559e-20, 0.00113544, 0.00110106, -2.70177e-21, 
0.0288809, -2.26063e-05, 3.04598e-21, 0.0255204, -4.3475e-06, -7.40291e-21, 0.02216, 2.5896e-05, -1.35629e-20, 0.0187995, 4.68097e-05, 3.91274e-21, 0.0154405, -5.18198e-05, 4.63959e-20, 0.0120966, -0.00038626, 5.91455e-20, 0.00875469, -0.000739558, -4.41061e-20, 0.00542013, -0.000322598, -2.11088e-19, 0.00228006, 0.00123727, 1.84063e-20, 
0.0300725, -5.66956e-05, -4.86427e-06, 0.0267125, 3.8928e-06, -7.8496e-06, 0.023353, 8.52243e-05, -1.1642e-05, 0.0199926, 0.00012136, -3.11094e-06, 0.0166406, -0.000113923, 3.50764e-05, 0.0133249, -0.000661102, 1.90229e-05, 0.00998315, -0.000878676, -0.000261112, 0.00672231, -0.000152983, -0.000626438, 0.00330987, 0.00044651, -8.87938e-05, 0.000908988, 0.000242893, 0.00110501, 
0.0309708, -8.29131e-05, -1.8785e-05, 0.0276124, 3.78811e-05, -2.37918e-05, 0.0242533, 0.000134697, -8.07598e-06, 0.0208935, 0.000101063, 5.40111e-05, 0.0175465, -0.000195743, 0.00010405, 0.0142243, -0.000670064, -7.25583e-05, 0.0109175, -0.000869358, -0.000636648, 0.00762346, -0.000402943, -0.00111118, 0.00425647, 9.06706e-05, -0.000266812, 0.0020656, 0.000276239, 0.00128125, 
0.0320422, -8.37202e-05, -6.19263e-05, 0.0286847, 5.75043e-05, -4.10788e-05, 0.0253269, 0.000178216, 1.95892e-05, 0.0219691, 0.000170156, 0.000155526, 0.018625, -0.000157198, 0.000209017, 0.0153503, -0.000801449, -0.000184361, 0.0121055, -0.00110584, -0.00100402, 0.00886823, -0.000267106, -0.00133536, 0.00563331, 0.000726805, -0.000418506, 0.00305011, 0.000320967, 0.000208593, 0.000851384, -0.000899376, 0.000508615, 
0.032846, -8.31295e-05, -0.000129564, 0.0294913, 9.20288e-05, -3.627e-05, 0.026136, 0.000232141, 8.78536e-05, 0.0227788, 0.000179018, 0.000226758, 0.0194457, -0.000248809, 0.000198671, 0.0161777, -0.000897696, -0.000239703, 0.012918, -0.0010115, -0.00104875, 0.00976618, 2.60499e-05, -0.00158053, 0.00644258, 0.000995677, -0.00102672, 0.00395132, 0.000366964, -0.000233498, 0.00203521, -0.00104982, 0.000623778, 
0.0337979, -6.82612e-05, -0.000189412, 0.0304466, 0.000130591, -3.98667e-05, 0.027094, 0.000288418, 0.000128629, 0.0237399, 0.000214928, 0.000323184, 0.0204194, -0.000300147, 0.000372868, 0.0171845, -0.00104886, -0.000144779, 0.0140538, -0.00110988, -0.00136451, 0.0110223, 0.000136105, -0.00210667, 0.00789632, 0.00125703, -0.000981883, 0.00541838, 0.00100409, 3.13767e-05, 0.00299765, 0.00026707, 0.000133836, 0.000765472, -0.000662934, -0.000578912, 
0.0345045, -3.1233e-05, -0.000259322, 0.0311573, 0.000174684, -4.26339e-05, 0.027809, 0.000316701, 0.000206414, 0.02446, 0.000184988, 0.000450479, 0.0211479, -0.000381941, 0.000407698, 0.017943, -0.00113046, -0.000271855, 0.0147911, -0.0011793, -0.00143654, 0.0117641, 0.000161939, -0.00201211, 0.00877434, 0.00172026, -0.00104975, 0.00620171, 0.00174992, -0.00026771, 0.00387073, 0.000763563, -0.000182388, 0.00196947, -0.000837542, -0.00060332, 
0.0352804, 2.07614e-05, -0.00033076, 0.0319389, 0.000212879, -2.96906e-05, 0.0285953, 0.000350145, 0.000278519, 0.0252484, 0.000199243, 0.000540369, 0.0219547, -0.000466372, 0.000499969, 0.0188047, -0.0014114, -0.000191234, 0.0157242, -0.0014535, -0.00153354, 0.0130069, 0.000326019, -0.00239547, 0.0102375, 0.00222886, -0.0013941, 0.00778195, 0.00211983, -0.00030362, 0.00547265, 0.00118546, 0.000152148, 0.00306246, 0.000465931, -1.76337e-05, 0.000681009, 0.000233719, -0.000601299, 
0.0359182, 7.84407e-05, -0.000384717, 0.0325827, 0.000268514, -2.18359e-05, 0.0292441, 0.000377867, 0.000345949, 0.0259065, 0.000129838, 0.00064887, 0.0226359, -0.000639746, 0.000581694, 0.0195063, -0.00154576, -0.000241707, 0.0164758, -0.00149175, -0.00169299, 0.0137138, 0.000233065, -0.00252323, 0.011037, 0.00224143, -0.00147698, 0.00866646, 0.00264698, -0.000274117, 0.00624918, 0.00217975, 0.000319278, 0.00391474, 0.00125199, 0.000106757, 0.00187866, 0.000100274, -0.000663857, 
0.036508, 0.000174618, -0.00042936, 0.0331782, 0.000311155, 2.83758e-06, 0.0298444, 0.000367186, 0.000422487, 0.026511, 6.86833e-05, 0.000726081, 0.0232519, -0.000741476, 0.000602616, 0.0201662, -0.00173002, -0.000288802, 0.01717, -0.00177126, -0.00181007, 0.0145562, 0.000142715, -0.0027033, 0.0123306, 0.00264614, -0.00166765, 0.0100126, 0.0032979, -0.000470502, 0.00760893, 0.00282599, 0.000172412, 0.00526735, 0.001897, 0.000269983, 0.00295526, 0.0010524, 0.000187391, 0.000729242, 0.000392548, 8.71087e-05, 
0.037009, 0.000266989, -0.000448058, 0.0336842, 0.000352915, 3.36205e-05, 0.0303542, 0.000359565, 0.000485205, 0.0270274, -1.54186e-05, 0.000776555, 0.0237957, -0.000919768, 0.000599536, 0.0207323, -0.00192089, -0.000352814, 0.0177488, -0.00182734, -0.00189656, 0.0151821, 0.000147082, -0.00279478, 0.0129251, 0.00266202, -0.00185987, 0.0107222, 0.00361194, -0.000645043, 0.00833567, 0.00358166, 0.000201909, 0.00594473, 0.00285255, 0.000529507, 0.00380043, 0.001646, 0.000419143, 0.00198951, 0.000232366, 6.87209e-05, 
0.0374451, 0.000377634, -0.000437112, 0.0341232, 0.000391017, 7.11563e-05, 0.0307953, 0.000323956, 0.000533322, 0.0274741, -0.000116972, 0.000794981, 0.0242514, -0.00104075, 0.000562289, 0.0211933, -0.00202386, -0.000425031, 0.0182089, -0.0019378, -0.00196747, 0.0156829, 7.85454e-05, -0.00288779, 0.0137393, 0.00286437, -0.00201906, 0.0117061, 0.0041273, -0.000793471, 0.00934883, 0.00427933, 0.00011956, 0.00696792, 0.00356772, 0.000544339, 0.00479649, 0.00240738, 0.000610705, 0.00281073, 0.00120269, 0.000532635, 0.000823663, -9.01456e-05, 0.000394615, 
0.0378046, 0.000480326, -0.000398724, 0.0344835, 0.00041444, 0.000109897, 0.0311561, 0.000280562, 0.000561644, 0.0278402, -0.000216924, 0.000786776, 0.0246319, -0.00117761, 0.000509327, 0.021577, -0.00214597, -0.000502221, 0.0185924, -0.00195122, -0.0020343, 0.0161327, 0.000161728, -0.00291662, 0.0141636, 0.00293439, -0.00206327, 0.01217, 0.00430451, -0.000888917, 0.00986074, 0.00475447, 4.83877e-05, 0.00743218, 0.00437331, 0.000607242, 0.0052498, 0.00324576, 0.00078554, 0.00355815, 0.0016566, 0.000669261, 0.00219432, -0.000266229, 0.000383625, 
0.0381399, 0.00058402, -0.000346353, 0.0348187, 0.000441404, 0.000145591, 0.0314924, 0.000238948, 0.000579045, 0.0281821, -0.000306712, 0.00077311, 0.0249777, -0.00127084, 0.000463757, 0.0219173, -0.00220979, -0.000558676, 0.0189267, -0.00200409, -0.00207757, 0.0164709, 0.00011236, -0.00296231, 0.0147003, 0.00303394, -0.00217314, 0.0130317, 0.00482708, -0.00106352, 0.0108619, 0.00564338, -4.42213e-05, 0.0084843, 0.00527939, 0.000710929, 0.00643753, 0.00395477, 0.00106029, 0.00474218, 0.00236575, 0.0010222, 0.00290823, 0.000895411, 0.000685167, 0.000714955, -0.000473521, 8.50162e-05, 
0.0384145, 0.00066728, -0.000279748, 0.0350937, 0.000448731, 0.000186904, 0.0317675, 0.000186215, 0.000587643, 0.0284606, -0.000394734, 0.000729433, 0.0252636, -0.0013683, 0.000376406, 0.0221969, -0.00229233, -0.000640937, 0.0191914, -0.00201618, -0.00211873, 0.0168415, 0.000221824, -0.00299191, 0.0152142, 0.0032347, -0.00223856, 0.0135073, 0.00496007, -0.0010807, 0.011372, 0.00579898, -8.24771e-06, 0.00898965, 0.00572231, 0.000812801, 0.00675317, 0.0047847, 0.00124288, 0.00493437, 0.00333827, 0.00122234, 0.00342152, 0.00155672, 0.000802539, 0.0021406, -0.000641686, 4.69744e-05, 
0.0386791, 0.000742469, -0.000203727, 0.0353573, 0.00046366, 0.000221592, 0.0320318, 0.000147781, 0.000588165, 0.0287312, -0.000473654, 0.00070255, 0.0255384, -0.00145496, 0.00033354, 0.0224652, -0.00234392, -0.000695329, 0.0194677, -0.00201593, -0.00217888, 0.0171393, 0.00024985, -0.00303772, 0.0155558, 0.00327436, -0.00223876, 0.0140395, 0.00517603, -0.00109187, 0.0121612, 0.00651782, -5.01281e-05, 0.00984516, 0.00687663, 0.000878608, 0.00770398, 0.00584925, 0.0015311, 0.00624597, 0.00404547, 0.00167672, 0.00496769, 0.00207064, 0.00135276, 0.0030261, 0.000424763, 0.000600484, 0.000564486, -0.000324669, -0.000316769, 
0.0389119, 0.000805907, -0.000131062, 0.0355916, 0.000466388, 0.000260669, 0.0322676, 0.000100627, 0.000592481, 0.0289701, -0.000543843, 0.000657576, 0.0257797, -0.00151401, 0.00024089, 0.0226991, -0.00237985, -0.000785396, 0.0196689, -0.00203453, -0.00219683, 0.0173704, 0.000278284, -0.00300964, 0.0160489, 0.00345226, -0.00232203, 0.014726, 0.00552784, -0.00123905, 0.0128958, 0.00685838, -0.00010174, 0.0106531, 0.00719521, 0.000999376, 0.00847095, 0.00640337, 0.00182232, 0.0066918, 0.00493957, 0.00212647, 0.0050994, 0.00319731, 0.00186622, 0.00344669, 0.00133039, 0.000956423, 0.00195813, -0.000505143, -0.000413823, 
0.0391289, 0.000849749, -4.76863e-05, 0.0358088, 0.000462273, 0.000299197, 0.0324848, 5.95139e-05, 0.000585698, 0.0291914, -0.000608483, 0.000604646, 0.0260068, -0.00158739, 0.000165356, 0.0229178, -0.00243232, -0.000853202, 0.0198885, -0.0020195, -0.00224828, 0.0176544, 0.000360728, -0.00304613, 0.0163995, 0.00355394, -0.00232372, 0.0151121, 0.0056268, -0.0011938, 0.0134106, 0.0070974, -2.95007e-05, 0.0113285, 0.00792521, 0.00112599, 0.0091044, 0.00755967, 0.00211887, 0.00743833, 0.0060024, 0.00256582, 0.00636038, 0.00389918, 0.00233487, 0.00514498, 0.0017071, 0.00146181, 0.00304385, 0.000298973, 0.000429836, 0.000496091, 3.24597e-05, -0.00029387, 
0.0393321, 0.000886183, 3.43215e-05, 0.0360125, 0.000458533, 0.00033475, 0.0326898, 1.91469e-05, 0.000579244, 0.0294007, -0.000669429, 0.000555334, 0.0262167, -0.00163383, 8.01637e-05, 0.0231169, -0.00243365, -0.000941787, 0.0200644, -0.00198882, -0.00227499, 0.0178094, 0.000397208, -0.0029927, 0.0166724, 0.00363814, -0.00228776, 0.0156554, 0.00590137, -0.0012513, 0.014181, 0.0076284, -0.000129995, 0.0121745, 0.00851446, 0.00111259, 0.0100371, 0.0081076, 0.00226677, 0.00833409, 0.00667388, 0.00293371, 0.00696955, 0.0047314, 0.00299426, 0.00547642, 0.0026344, 0.00234792, 0.00365623, 0.00102121, 0.0011041, 0.00182366, -0.000133269, -0.000443388, 
0.0395134, 0.000906812, 0.000117656, 0.036195, 0.00044037, 0.000370374, 0.0328726, -2.49836e-05, 0.000565318, 0.0295851, -0.000717292, 0.000484916, 0.0264038, -0.00167234, -2.49595e-05, 0.0232938, -0.00245934, -0.0010258, 0.0202191, -0.00197791, -0.00229386, 0.0180135, 0.000466647, -0.00296663, 0.0170167, 0.00375784, -0.00228281, 0.016082, 0.00606195, -0.00125898, 0.0146672, 0.00782679, -0.000119882, 0.0127579, 0.00884042, 0.00117727, 0.0106731, 0.0087985, 0.00248787, 0.00885494, 0.0076758, 0.00340134, 0.00754566, 0.00570381, 0.00359098, 0.00661168, 0.00332842, 0.00286312, 0.00520182, 0.00136787, 0.00158598, 0.00301185, 0.00030107, 0.000512752, 0.000506526, 0.000118393, -2.46481e-05, 
0.0396892, 0.000913697, 0.000203205, 0.0363704, 0.000424546, 0.000401275, 0.033048, -6.02247e-05, 0.000544008, 0.0297643, -0.000762595, 0.000414193, 0.0265846, -0.00170826, -0.000122644, 0.0234596, -0.00245391, -0.00110855, 0.0203672, -0.00191655, -0.00230919, 0.0181611, 0.00054861, -0.00290002, 0.0172035, 0.00384625, -0.0021916, 0.0163997, 0.00621462, -0.00120389, 0.0151942, 0.00816066, -0.000120707, 0.0134507, 0.00944011, 0.00117505, 0.011416, 0.0094965, 0.00256163, 0.0096808, 0.00832637, 0.0035718, 0.00838946, 0.00637303, 0.00396654, 0.00725182, 0.00400251, 0.00360459, 0.00575926, 0.00196024, 0.00257311, 0.0038249, 0.00070342, 0.00124477, 0.00181367, -1.5655e-05, -0.000182362, 
0.0398403, 0.00091245, 0.00028573, 0.0365219, 0.000400741, 0.000426972, 0.0332001, -9.96307e-05, 0.000516198, 0.0299179, -0.000798218, 0.00033492, 0.0267365, -0.00172144, -0.000230146, 0.0235977, -0.0024423, -0.00118998, 0.0204783, -0.0018806, -0.00230678, 0.0182916, 0.00061838, -0.00282308, 0.0174602, 0.00395239, -0.00212567, 0.0167728, 0.00637512, -0.00118296, 0.0156538, 0.00839057, -0.000134354, 0.0139746, 0.00975147, 0.00116321, 0.0119975, 0.00994016, 0.00261974, 0.0102507, 0.00898604, 0.00381926, 0.00884087, 0.00720317, 0.00450675, 0.00775893, 0.00478667, 0.00432097, 0.0068066, 0.00250502, 0.00315919, 0.00520156, 0.000923807, 0.00174164, 0.00300726, 0.000129206, 0.000668119, 0.000526527, -4.89664e-05, 9.22771e-05, 
0.0399878, 0.000899073, 0.000365329, 0.0366692, 0.000376323, 0.000448675, 0.0333473, -0.000130555, 0.000482712, 0.0300676, -0.000825579, 0.000251155, 0.0268865, -0.00173631, -0.000335672, 0.0237323, -0.00243072, -0.00126414, 0.0205928, -0.00182175, -0.00229651, 0.0184255, 0.00070962, -0.00273033, 0.0176458, 0.00405259, -0.00201633, 0.0170238, 0.00650214, -0.00109779, 0.0160074, 0.00859102, -8.92138e-05, 0.0144576, 0.0101202, 0.00118173, 0.01255, 0.0105307, 0.00268459, 0.0108198, 0.00966493, 0.00397189, 0.00950542, 0.00783951, 0.00473301, 0.00852653, 0.00537246, 0.00473773, 0.00746812, 0.00298167, 0.00394622, 0.00589584, 0.00123509, 0.00269594, 0.00392739, 0.000296697, 0.00133821, 0.00184296, -0.00015106, -6.60903e-05, 
0.0401146, 0.000880605, 0.00043999, 0.0367961, 0.000351371, 0.000463695, 0.0334748, -0.000159934, 0.00044398, 0.0301971, -0.000848525, 0.000168577, 0.0270128, -0.00173767, -0.000433589, 0.023842, -0.0024004, -0.00132809, 0.0206807, -0.00176266, -0.00227301, 0.0185234, 0.000790017, -0.00262394, 0.0178324, 0.00415161, -0.00190604, 0.0173098, 0.00663961, -0.00102991, 0.0163811, 0.00879359, -7.51306e-05, 0.0148921, 0.0104107, 0.00115906, 0.0130219, 0.0109204, 0.00267843, 0.0113155, 0.0101579, 0.00405946, 0.00998532, 0.00844457, 0.005026, 0.00892865, 0.00603242, 0.00535702, 0.00799772, 0.00354016, 0.00473687, 0.00694318, 0.00155638, 0.00330913, 0.00525225, 0.000346948, 0.00180022, 0.00302712, -0.000165518, 0.000658483, 0.000511012, -0.000163528, -3.01043e-05, 
0.0402383, 0.00085586, 0.000507857, 0.0369202, 0.000324763, 0.000474814, 0.0335994, -0.000185332, 0.000402835, 0.0303235, -0.000863747, 8.43119e-05, 0.0271371, -0.00173623, -0.000530974, 0.0239509, -0.00237746, -0.00138575, 0.0207704, -0.00170681, -0.00223864, 0.0186374, 0.000876113, -0.00250733, 0.0180149, 0.00424965, -0.00178283, 0.0175404, 0.00675697, -0.00093486, 0.0166606, 0.00894818, -1.9334e-05, 0.0152347, 0.0106465, 0.00117996, 0.0134194, 0.011304, 0.00270909, 0.0117213, 0.0106906, 0.00417222, 0.0104068, 0.00903125, 0.00524798, 0.00950799, 0.00656759, 0.00565694, 0.00876804, 0.00397618, 0.00521015, 0.00766843, 0.00181423, 0.0041135, 0.00602184, 0.000420609, 0.00271873, 0.00399618, -0.000163237, 0.00127886, 0.00184166, -0.000222056, -0.000190679, 
0.0403466, 0.000828189, 0.000568795, 0.037029, 0.000300315, 0.00048035, 0.033709, -0.000206432, 0.000359484, 0.030435, -0.000875972, 5.44181e-06, 0.0272448, -0.00173112, -0.000614677, 0.0240422, -0.00234341, -0.00142827, 0.0208469, -0.00163877, -0.00219422, 0.0187274, 0.00096222, -0.00238282, 0.0181637, 0.00434409, -0.00164906, 0.0177598, 0.00687558, -0.000837057, 0.0169469, 0.00911397, 2.45671e-05, 0.0155693, 0.0108862, 0.00117222, 0.0137766, 0.0116314, 0.00268775, 0.0120939, 0.0110929, 0.0041974, 0.0108083, 0.00949249, 0.00539116, 0.00994122, 0.00706754, 0.00603326, 0.00920474, 0.0044396, 0.00591461, 0.00826826, 0.00213581, 0.00496517, 0.00710579, 0.000530761, 0.00333077, 0.0053592, -0.000270618, 0.00165012, 0.00303915, -0.000402025, 0.000464758, 0.000464605, -6.88502e-05, -0.00016984, 
0.0404539, 0.000798257, 0.00062166, 0.0371374, 0.000274705, 0.000482238, 0.0338186, -0.000226752, 0.000315715, 0.0305459, -0.000884562, -7.17433e-05, 0.0273518, -0.00172203, -0.000695502, 0.0241342, -0.00231251, -0.00146496, 0.0209242, -0.00158206, -0.0021399, 0.0188267, 0.00104122, -0.0022499, 0.0183345, 0.00443417, -0.00151586, 0.0179752, 0.00698303, -0.000738045, 0.0171853, 0.00924558, 8.0863e-05, 0.0158262, 0.0110565, 0.00118949, 0.0140587, 0.0118755, 0.00269651, 0.0123919, 0.0114414, 0.0042566, 0.0111052, 0.00993341, 0.00556396, 0.0102847, 0.00752992, 0.00633501, 0.00978036, 0.00484592, 0.00626871, 0.00911527, 0.00240676, 0.00543563, 0.00793833, 0.000559457, 0.00409359, 0.00617597, -0.0004565, 0.0025511, 0.00402955, -0.00057556, 0.00107336, 0.00180618, -7.3199e-05, -0.00032172, 
0.0405491, 0.000767337, 0.000666068, 0.0372336, 0.000251418, 0.000479255, 0.0339161, -0.000242867, 0.000271731, 0.0306447, -0.000890445, -0.000142153, 0.0274462, -0.00171378, -0.000762513, 0.024214, -0.00228125, -0.00148661, 0.0209955, -0.00151704, -0.0020786, 0.0189206, 0.00112611, -0.0021192, 0.018468, 0.00452316, -0.00137859, 0.0181477, 0.00708569, -0.00062917, 0.0173972, 0.00937718, 0.000145135, 0.0160691, 0.0112395, 0.00120507, 0.0143132, 0.0121273, 0.00268647, 0.012649, 0.0117504, 0.00426413, 0.0113872, 0.010278, 0.00563479, 0.0106405, 0.00789612, 0.00653685, 0.0102394, 0.00519908, 0.00670313, 0.00965726, 0.00265414, 0.00618327, 0.00862942, 0.000627034, 0.00498612, 0.00728121, -0.000532944, 0.00315468, 0.00545333, -0.000775265, 0.00130939, 0.00303018, -0.000474878, 0.000223046, 0.000403901, 9.38099e-05, -0.000135164, 
0.0406469, 0.000735947, 0.000702463, 0.037333, 0.000227509, 0.000473406, 0.034017, -0.000259992, 0.000228761, 0.0307465, -0.000896675, -0.000208851, 0.0275429, -0.00170338, -0.000824994, 0.0242971, -0.00224837, -0.00150369, 0.0210701, -0.00145975, -0.00201185, 0.0190148, 0.00119877, -0.00198217, 0.018618, 0.00460235, -0.00123958, 0.0183427, 0.00718007, -0.000525177, 0.0176095, 0.00949257, 0.000201799, 0.0162738, 0.0113751, 0.0012154, 0.0145126, 0.012291, 0.00267323, 0.01286, 0.0119642, 0.00427409, 0.0116163, 0.0105618, 0.00573192, 0.0108935, 0.00823689, 0.00678887, 0.0105842, 0.00553904, 0.00708633, 0.0102624, 0.00294694, 0.00657319, 0.00955745, 0.000777789, 0.00539138, 0.00824476, -0.000713621, 0.00378829, 0.00630628, -0.00127976, 0.002137, 0.00402693, -0.000889048, 0.000797612, 0.00175289, 0.000139271, -0.000260857, 
0.040734, 0.000705551, 0.000729582, 0.0374216, 0.000205776, 0.000462784, 0.0341069, -0.000273543, 0.000186322, 0.0308367, -0.000899638, -0.000268634, 0.0276282, -0.00169386, -0.000875427, 0.0243703, -0.00222104, -0.00150873, 0.0211393, -0.0014045, -0.00194109, 0.019112, 0.00127424, -0.00185375, 0.0187535, 0.00468272, -0.00111422, 0.0184898, 0.0072685, -0.000424967, 0.0177642, 0.00959374, 0.000268194, 0.0164397, 0.0115035, 0.00124488, 0.0146853, 0.0124653, 0.00268115, 0.0130323, 0.012183, 0.0042901, 0.0118001, 0.0108073, 0.00578279, 0.0111356, 0.00849428, 0.00690205, 0.0109453, 0.00580052, 0.00731438, 0.0107764, 0.00316173, 0.00700762, 0.0102159, 0.000824428, 0.00610116, 0.00904171, -0.000916713, 0.00464958, 0.00740959, -0.00155816, 0.00271834, 0.00548684, -0.00109809, 0.00092017, 0.0030056, -0.000423858, 6.11434e-05, 0.000338163, 0.00012514, 6.86478e-06, 
0.0408281, 0.000674645, 0.000749441, 0.0375171, 0.000183484, 0.000450449, 0.0342039, -0.000288799, 0.000145794, 0.0309342, -0.000905712, -0.000324894, 0.0277206, -0.00168585, -0.000922597, 0.024451, -0.00219194, -0.00151181, 0.0212169, -0.00135187, -0.00186969, 0.0192089, 0.00133882, -0.00172369, 0.0188861, 0.00475051, -0.00098254, 0.0186515, 0.00734598, -0.000319678, 0.0179438, 0.00968848, 0.000332603, 0.0166127, 0.0116177, 0.00126095, 0.0148341, 0.0125908, 0.00265933, 0.0131725, 0.0123198, 0.00426128, 0.0119601, 0.0109752, 0.00579783, 0.0113412, 0.00871372, 0.00704171, 0.0112225, 0.00605011, 0.0076364, 0.0111859, 0.00339397, 0.00746485, 0.0108701, 0.00101674, 0.00654405, 0.010022, -0.000835004, 0.00500487, 0.00849353, -0.00187571, 0.00316484, 0.00637037, -0.00192491, 0.00154255, 0.00399766, -0.00112072, 0.000506909, 0.00169216, 0.000204423, -8.32342e-05, 
0.0409103, 0.000646727, 0.000760781, 0.0376008, 0.000163858, 0.000433587, 0.0342887, -0.00030084, 0.000105983, 0.0310185, -0.000907838, -0.000373774, 0.0277994, -0.00167581, -0.000957731, 0.0245201, -0.00216611, -0.00150475, 0.0212853, -0.00130412, -0.0017978, 0.0193033, 0.00140285, -0.00160445, 0.0190195, 0.00481928, -0.000869184, 0.0187935, 0.00742224, -0.000233258, 0.0180719, 0.00976939, 0.000386297, 0.0167242, 0.0117023, 0.0012824, 0.0149428, 0.0126948, 0.00266348, 0.013286, 0.0124565, 0.00427562, 0.0120851, 0.0111405, 0.00584566, 0.0115017, 0.00889463, 0.00713417, 0.0114655, 0.00623974, 0.00777664, 0.0115653, 0.00358096, 0.00769417, 0.0114251, 0.00112939, 0.00693988, 0.0107604, -0.000948498, 0.00561401, 0.00937364, -0.00232537, 0.00388596, 0.00744674, -0.00242724, 0.00203699, 0.00544439, -0.00131899, 0.000583912, 0.00296747, -0.000351798, -6.86581e-06, 0.000273428, 2.83023e-05, 7.00135e-05, 
0.041004, 0.000617542, 0.000765523, 0.0376956, 0.000142963, 0.000415874, 0.0343845, -0.000314879, 6.84104e-05, 0.0311143, -0.000913953, -0.000421063, 0.0278906, -0.00167099, -0.000994095, 0.0246023, -0.00214416, -0.0015004, 0.0213677, -0.00126171, -0.00172782, 0.019405, 0.00145534, -0.0014859, 0.019146, 0.00487428, -0.000753082, 0.0189315, 0.00748376, -0.000140349, 0.0182133, 0.00984022, 0.000446988, 0.0168611, 0.0117872, 0.00130511, 0.0150615, 0.0127938, 0.002652, 0.0133844, 0.0125581, 0.00424335, 0.0121846, 0.0112438, 0.00581557, 0.0116413, 0.00902183, 0.00716184, 0.0116856, 0.0064059, 0.00794764, 0.0119054, 0.00375536, 0.00805806, 0.0119305, 0.00125999, 0.00744873, 0.0114933, -0.000875071, 0.00611917, 0.0103975, -0.00232596, 0.0042486, 0.0086151, -0.00281071, 0.00231721, 0.00635417, -0.00236241, 0.000890221, 0.00394611, -0.00129142, 0.000201896, 0.00163081, 0.000127031, 1.31359e-05, 
0.0410832, 0.000592561, 0.00076407, 0.0377758, 0.000125859, 0.000394816, 0.0344655, -0.000325299, 3.20265e-05, 0.0311941, -0.000916102, -0.000459913, 0.0279649, -0.00166194, -0.00101587, 0.0246687, -0.00211966, -0.00148367, 0.021436, -0.0012184, -0.00165881, 0.0194947, 0.00151066, -0.00138193, 0.0192651, 0.00493279, -0.000654234, 0.0190609, 0.00754804, -6.29347e-05, 0.0183317, 0.00990844, 0.000494258, 0.0169506, 0.0118505, 0.00131671, 0.0151278, 0.0128508, 0.00263678, 0.0134505, 0.0126251, 0.00422943, 0.0122685, 0.0113366, 0.00583613, 0.0117593, 0.00914207, 0.00723942, 0.0118581, 0.00654257, 0.00807331, 0.0121646, 0.00390253, 0.0082218, 0.012324, 0.00139669, 0.00767942, 0.0120696, -0.000839649, 0.00647468, 0.0111681, -0.00256588, 0.004739, 0.00951336, -0.00343519, 0.00282902, 0.00736787, -0.00304914, 0.00121753, 0.00533134, -0.00151529, 0.000258667, 0.00291895, -0.000295559, -5.89708e-05, 0.000214406, -3.91271e-05, 7.31768e-06, 
0.0411767, 0.000565905, 0.000756397, 0.03787, 0.000106224, 0.000372925, 0.0345603, -0.000338874, -2.44487e-06, 0.0312882, -0.000922548, -0.000498952, 0.028055, -0.00165945, -0.00104348, 0.0247522, -0.00210408, -0.00147581, 0.0215216, -0.0011865, -0.0015947, 0.0195986, 0.00155112, -0.00127705, 0.0193898, 0.0049756, -0.000554156, 0.019189, 0.00759623, 1.39884e-05, 0.0184505, 0.00996085, 0.000540148, 0.0170536, 0.011906, 0.00132798, 0.0152154, 0.0129136, 0.00262098, 0.0135257, 0.0126955, 0.00420149, 0.0123387, 0.011409, 0.00580611, 0.0118463, 0.00921847, 0.0072216, 0.0120019, 0.0066431, 0.00811928, 0.0124137, 0.00402968, 0.00841304, 0.0127269, 0.00150443, 0.00806118, 0.0126679, -0.000818437, 0.00700373, 0.0119931, -0.00264584, 0.00526872, 0.0105901, -0.00358003, 0.00319489, 0.00858672, -0.00348639, 0.00137091, 0.00625954, -0.0026253, 0.000247379, 0.00386906, -0.00137767, -0.000123137, 0.00157358, 7.32953e-05, -2.2043e-05, 
0.041254, 0.000543671, 0.00074512, 0.0379476, 9.1283e-05, 0.000349617, 0.0346382, -0.000347885, -3.46226e-05, 0.0313646, -0.000924882, -0.000528866, 0.0281263, -0.00165274, -0.00105491, 0.0248174, -0.00208387, -0.00145263, 0.0215902, -0.00114974, -0.00153005, 0.0196847, 0.00159732, -0.00118946, 0.0194943, 0.00502446, -0.000474172, 0.0192979, 0.00764894, 7.75655e-05, 0.0185514, 0.0100158, 0.00058173, 0.0171323, 0.0119565, 0.00134048, 0.0152657, 0.0129506, 0.00260261, 0.0135615, 0.0127209, 0.00416583, 0.0123852, 0.0114398, 0.00578263, 0.0119299, 0.00927716, 0.00725244, 0.0121371, 0.00673115, 0.00822065, 0.0126111, 0.0041345, 0.00856513, 0.013008, 0.0016164, 0.00824829, 0.0130766, -0.000728611, 0.00724151, 0.012581, -0.00268526, 0.00558898, 0.0113547, -0.00392693, 0.00356497, 0.00943928, -0.0042114, 0.0016678, 0.00717647, -0.00341386, 0.00037814, 0.00516577, -0.00164647, -0.000113443, 0.0028745, -0.000185524, -0.000134236, 0.000159145, 3.35277e-06, -6.06183e-05, 
0.0413473, 0.000519472, 0.000728045, 0.0380411, 7.27176e-05, 0.00032494, 0.0347318, -0.000361639, -6.5987e-05, 0.0314573, -0.000932747, -0.000560532, 0.0282153, -0.00165289, -0.0010748, 0.0249016, -0.00207318, -0.00144283, 0.0216774, -0.00112618, -0.00147487, 0.019788, 0.00162772, -0.00110145, 0.0196149, 0.00505673, -0.000390739, 0.019419, 0.00768561, 0.000139855, 0.0186588, 0.0100543, 0.000614304, 0.0172165, 0.0119913, 0.00133763, 0.015328, 0.012982, 0.00256964, 0.0136131, 0.012755, 0.00412147, 0.0124384, 0.0114824, 0.00574616, 0.0119966, 0.00932958, 0.0072344, 0.0122335, 0.00679448, 0.00822422, 0.0127721, 0.00421989, 0.00863304, 0.0132866, 0.00170926, 0.00845751, 0.0135325, -0.000695051, 0.00763517, 0.0132589, -0.00279573, 0.00611292, 0.0122646, -0.00418603, 0.0040585, 0.0105766, -0.00453216, 0.00196574, 0.0084395, -0.00391035, 0.000395424, 0.00611556, -0.00272421, -0.000379591, 0.00377378, -0.0013468, -0.000438799, 0.00151606, 0.000128193, -6.28201e-05, 
0.041423, 0.000499667, 0.000709546, 0.0381166, 5.9149e-05, 0.000300671, 0.034807, -0.000370121, -9.39016e-05, 0.0315307, -0.000935622, -0.000583009, 0.0282844, -0.0016486, -0.00107925, 0.0249662, -0.00205842, -0.00141773, 0.0217458, -0.0010979, -0.00141718, 0.0198712, 0.00166402, -0.00102875, 0.0197097, 0.00509566, -0.000328082, 0.0195125, 0.00772745, 0.000187328, 0.0187415, 0.0100962, 0.000643523, 0.0172808, 0.0120275, 0.00134504, 0.0153706, 0.013005, 0.00255399, 0.0136404, 0.0127609, 0.00408614, 0.0124655, 0.0114765, 0.00570136, 0.0120477, 0.00933291, 0.00720966, 0.0123317, 0.00682953, 0.00826558, 0.012928, 0.00428158, 0.00875364, 0.0135074, 0.00178192, 0.00863163, 0.0138368, -0.000622676, 0.00783997, 0.0136872, -0.00275842, 0.00634961, 0.0128593, -0.00430007, 0.00432969, 0.0113103, -0.00496287, 0.00220596, 0.00921019, -0.00468023, 0.000494468, 0.00691662, -0.00354309, -0.000430013, 0.00496302, -0.00165513, -0.000491669, 0.00284106, 1.78243e-05, -0.00015585, 0.000105442, 7.43359e-05, -3.47595e-05, 
0.0415172, 0.000477397, 0.000685506, 0.0382106, 4.13352e-05, 0.000274113, 0.0349008, -0.000384334, -0.000122856, 0.0316234, -0.000945534, -0.00060972, 0.0283741, -0.00165236, -0.00109475, 0.0250523, -0.00205265, -0.00140865, 0.0218354, -0.0010813, -0.00137258, 0.0199736, 0.00168574, -0.000959599, 0.019825, 0.00511885, -0.000263253, 0.0196273, 0.00775398, 0.000234601, 0.0188429, 0.0101232, 0.000664794, 0.0173578, 0.0120479, 0.00133234, 0.0154217, 0.0130155, 0.00250758, 0.0136757, 0.012766, 0.00402079, 0.0125004, 0.0114867, 0.00563968, 0.0120991, 0.00936054, 0.0071769, 0.0124105, 0.00687572, 0.00826836, 0.0130441, 0.00434239, 0.00878475, 0.0136917, 0.00185729, 0.00872418, 0.0141499, -0.000567294, 0.00806938, 0.0142013, -0.00281911, 0.00675346, 0.0136164, -0.00457267, 0.00482346, 0.012302, -0.00541668, 0.00260781, 0.01042, -0.00516733, 0.000654501, 0.00825258, -0.00408071, -0.000582336, 0.00598201, -0.00264229, -0.000982579, 0.00368567, -0.0012062, -0.000702064, 0.0014463, 0.00020796, -4.29674e-06, 
0.0415915, 0.000459616, 0.000662249, 0.0382844, 2.85348e-05, 0.000249568, 0.0349741, -0.000392975, -0.000147434, 0.0316949, -0.00094932, -0.000627206, 0.0284418, -0.0016501, -0.0010958, 0.0251168, -0.00204249, -0.00138556, 0.0219034, -0.00106108, -0.00132451, 0.0200541, 0.00171268, -0.000900785, 0.0199148, 0.00514807, -0.000213852, 0.0197121, 0.00778559, 0.00026911, 0.0189138, 0.0101534, 0.000681117, 0.0174096, 0.0120702, 0.00132828, 0.0154556, 0.0130241, 0.0024849, 0.0136999, 0.0127588, 0.00398417, 0.012525, 0.0114657, 0.00559239, 0.0121358, 0.00933476, 0.00712612, 0.0124747, 0.00686491, 0.00824306, 0.0131552, 0.00435991, 0.00883282, 0.0138638, 0.00189093, 0.00886168, 0.0143925, -0.000534547, 0.00826603, 0.0145319, -0.00279496, 0.00697138, 0.0140693, -0.00458936, 0.00504573, 0.012904, -0.005588, 0.00281103, 0.0111174, -0.00564194, 0.00075566, 0.00893576, -0.00485093, -0.000666722, 0.00666922, -0.0034478, -0.00119472, 0.00474032, -0.00156307, -0.000818717, 0.00280537, 0.000216141, -4.94028e-05, 6.06036e-05, 6.82778e-05, 3.96945e-05, 
0.0416876, 0.00043921, 0.000633216, 0.0383799, 1.16925e-05, 0.000221311, 0.0350693, -0.000407128, -0.000175509, 0.0317891, -0.000960592, -0.000652191, 0.0285337, -0.00165697, -0.00111125, 0.0252061, -0.00204108, -0.00138089, 0.0219964, -0.00104958, -0.00129135, 0.0201576, 0.0017283, -0.000849511, 0.0200262, 0.00516505, -0.000167798, 0.0198224, 0.00780508, 0.00030074, 0.0190126, 0.0101727, 0.000691096, 0.0174863, 0.0120821, 0.00130757, 0.0155059, 0.0130229, 0.0024295, 0.0137305, 0.0127463, 0.00390335, 0.0125492, 0.0114508, 0.00550492, 0.0121716, 0.00933335, 0.00706001, 0.0125382, 0.00688941, 0.00822418, 0.0132543, 0.00440679, 0.00886424, 0.014005, 0.00195098, 0.00892938, 0.0146057, -0.00047075, 0.00838929, 0.0148885, -0.00278472, 0.00721858, 0.0146506, -0.00476378, 0.00543847, 0.0137386, -0.00604215, 0.00322868, 0.0121798, -0.00629045, 0.00100879, 0.0102151, -0.00547619, -0.00068982, 0.00810055, -0.00399038, -0.00152992, 0.00590501, -0.00237986, -0.00152279, 0.00362631, -0.000996231, -0.000894622, 0.00136237, 0.000200797, 0.000107986, 
0.0417616, 0.000423142, 0.000607219, 0.0384533, -5.92754e-07, 0.000196596, 0.035142, -0.00041618, -0.000198298, 0.03186, -0.000965455, -0.000667443, 0.0286015, -0.0016565, -0.00111196, 0.0252716, -0.00203445, -0.00136209, 0.0220647, -0.00103588, -0.00125372, 0.0202356, 0.00174719, -0.000804167, 0.0201131, 0.00518569, -0.00012969, 0.0199047, 0.00782772, 0.000325374, 0.0190799, 0.0101932, 0.000696783, 0.0175326, 0.0120929, 0.00129047, 0.0155336, 0.0130184, 0.00239201, 0.0137503, 0.012727, 0.00385337, 0.0125724, 0.0114216, 0.00544942, 0.012206, 0.00930141, 0.00700347, 0.0125867, 0.00686137, 0.00817132, 0.0133261, 0.00439291, 0.00883897, 0.014123, 0.00195489, 0.00897983, 0.0147943, -0.000468901, 0.00854173, 0.0151603, -0.00280455, 0.00743909, 0.0150168, -0.00480098, 0.0056683, 0.014226, -0.00611474, 0.00343274, 0.0128013, -0.00649911, 0.00114319, 0.0108951, -0.00595585, -0.000722089, 0.00871903, -0.00472799, -0.00179074, 0.00650407, -0.00314793, -0.00189835, 0.00454092, -0.00141034, -0.00110568, 0.00276075, 0.000284626, 0.000127862, 3.28184e-05, -2.41742e-06, 5.89523e-05, 
0.0418585, 0.00040518, 0.000575137, 0.0385495, -1.55952e-05, 0.00016698, 0.0352378, -0.000429017, -0.00022653, 0.0319551, -0.000976312, -0.000692818, 0.0286949, -0.00166434, -0.00113, 0.0253631, -0.00203525, -0.0013639, 0.0221602, -0.00102671, -0.00123154, 0.0203412, 0.00176051, -0.000767094, 0.0202233, 0.00520036, -9.87155e-05, 0.0200118, 0.00784442, 0.000342956, 0.0191766, 0.0102091, 0.00069547, 0.0176104, 0.0121016, 0.00126209, 0.0155874, 0.0130134, 0.00233063, 0.0137837, 0.0127074, 0.00376363, 0.0125955, 0.011393, 0.00534461, 0.0122342, 0.00927773, 0.00690656, 0.0126361, 0.00685931, 0.00811167, 0.013409, 0.00441842, 0.00884004, 0.0142469, 0.00199874, 0.0090448, 0.0149653, -0.000419453, 0.00865296, 0.0154066, -0.00276399, 0.00759778, 0.0154167, -0.00484542, 0.0059216, 0.0148627, -0.00640348, 0.00377343, 0.0136839, -0.00711292, 0.00142258, 0.0119852, -0.00675213, -0.000673274, 0.0100257, -0.00543318, -0.00201691, 0.0080033, -0.00364858, -0.00239044, 0.00587744, -0.00197859, -0.00195072, 0.00359346, -0.000757867, -0.00102509, 0.00127842, 0.000115535, 0.000160884, 
0.0419333, 0.000390807, 0.000547706, 0.0386236, -2.71575e-05, 0.000141825, 0.0353113, -0.000438229, -0.000249084, 0.032027, -0.000982098, -0.000708027, 0.0287641, -0.00166541, -0.00113222, 0.0254307, -0.00203116, -0.00135004, 0.02223, -0.00101742, -0.00120383, 0.0204183, 0.00177379, -0.000734896, 0.020308, 0.00521508, -7.26493e-05, 0.020094, 0.00786076, 0.000357977, 0.0192462, 0.0102236, 0.000692584, 0.017659, 0.0121059, 0.00123397, 0.015615, 0.0130006, 0.00227677, 0.0138009, 0.0126786, 0.00369315, 0.0126152, 0.0113559, 0.00526905, 0.0122661, 0.00924328, 0.00683733, 0.0126809, 0.00683289, 0.0080541, 0.0134646, 0.00439902, 0.00879431, 0.0143221, 0.00198876, 0.00902702, 0.0150895, -0.000425172, 0.0087086, 0.0156173, -0.00279791, 0.00776176, 0.0157281, -0.0049319, 0.00615681, 0.0152749, -0.00651885, 0.00400616, 0.0142162, -0.00725485, 0.00160677, 0.0126415, -0.00700193, -0.000598843, 0.010716, -0.00590337, -0.00217049, 0.00859574, -0.00432694, -0.00282907, 0.00643262, -0.0026771, -0.00251215, 0.0044263, -0.00118045, -0.00137275, 0.00271122, 0.000226155, 0.000242415, 1.03024e-05, -4.54134e-05, 5.09823e-06, 
0.0420288, 0.000375853, 0.000514384, 0.0387184, -3.96651e-05, 0.000111681, 0.0354057, -0.000448888, -0.000277343, 0.0321208, -0.000991161, -0.000733889, 0.0288567, -0.00167216, -0.00115274, 0.0255217, -0.00203167, -0.00135766, 0.0223253, -0.00100805, -0.00119084, 0.0205242, 0.00178773, -0.000708264, 0.0204187, 0.00523023, -5.15563e-05, 0.0202, 0.00787774, 0.000365266, 0.0193408, 0.0102391, 0.000680732, 0.0177362, 0.0121139, 0.00119657, 0.0156714, 0.0129953, 0.00220922, 0.0138392, 0.0126581, 0.00359846, 0.012643, 0.0113235, 0.00515628, 0.0122949, 0.00920938, 0.00672276, 0.0127233, 0.00681256, 0.00796142, 0.0135313, 0.0044017, 0.00874928, 0.0144241, 0.00201189, 0.00905031, 0.0152376, -0.000395489, 0.00880519, 0.0158192, -0.00277652, 0.00791224, 0.0160068, -0.00493309, 0.00634506, 0.0157056, -0.0066251, 0.00424852, 0.0148765, -0.00763467, 0.00185836, 0.0135221, -0.00770914, -0.000501339, 0.0117754, -0.00675113, -0.00234961, 0.00986881, -0.00502546, -0.00324475, 0.00793477, -0.00309115, -0.00310539, 0.00585864, -0.00150196, -0.00225233, 0.00356768, -0.000509872, -0.00111389, 0.00120938, 5.21004e-05, 0.000130141, 
0.0421044, 0.000363409, 0.000486301, 0.0387935, -4.9993e-05, 8.60372e-05, 0.0354802, -0.000457588, -0.000300385, 0.0321939, -0.000997217, -0.000750127, 0.0289275, -0.00167409, -0.00115728, 0.0255912, -0.00202893, -0.00134864, 0.0223967, -0.00100077, -0.00117182, 0.0206016, 0.0017986, -0.000687857, 0.0205025, 0.00524248, -3.74029e-05, 0.0202821, 0.00789134, 0.000369845, 0.0194131, 0.0102511, 0.00066941, 0.0177903, 0.0121168, 0.00116062, 0.0157043, 0.0129811, 0.00214424, 0.0138585, 0.012626, 0.00351087, 0.0126611, 0.0112808, 0.00505856, 0.0123234, 0.00916963, 0.00663136, 0.0127659, 0.00678573, 0.00788983, 0.0135853, 0.00438637, 0.00870076, 0.0144873, 0.00200273, 0.00902217, 0.0153195, -0.000401117, 0.00880661, 0.0159538, -0.0027929, 0.00798079, 0.0162422, -0.00500726, 0.00651265, 0.0160562, -0.00678535, 0.0044748, 0.0153313, -0.00783679, 0.00206885, 0.0140948, -0.0079322, -0.000353988, 0.0124632, -0.00705505, -0.00234227, 0.0105764, -0.00548158, -0.00351641, 0.0085283, -0.00367385, -0.00371339, 0.00641253, -0.00207037, -0.00299512, 0.00440001, -0.000853912, -0.00158134, 0.00263694, 0.000147124, 0.000239243, 
0.0421967, 0.000351576, 0.000452952, 0.0388851, -5.98836e-05, 5.60834e-05, 0.0355714, -0.000465943, -0.000328213, 0.0322846, -0.00100418, -0.00077577, 0.0290173, -0.00167894, -0.00117888, 0.0256798, -0.00202773, -0.00136014, 0.0224896, -0.000989504, -0.00116622, 0.0207055, 0.00181483, -0.000670275, 0.020612, 0.0052597, -2.42482e-05, 0.0203876, 0.0079102, 0.000369876, 0.019507, 0.0102682, 0.000649611, 0.0178667, 0.0121254, 0.00111408, 0.0157613, 0.0129757, 0.00206802, 0.0139002, 0.0126058, 0.00340978, 0.0126948, 0.0112492, 0.00494118, 0.0123576, 0.00913506, 0.00651009, 0.0128084, 0.0067594, 0.00778116, 0.0136424, 0.00437601, 0.00862363, 0.0145677, 0.00200893, 0.00899708, 0.0154364, -0.000387239, 0.00885182, 0.0161225, -0.00278948, 0.00810116, 0.0164714, -0.00502988, 0.00668663, 0.0163623, -0.00684377, 0.00467493, 0.0157782, -0.00800664, 0.00228199, 0.0147478, -0.00837012, -0.000210875, 0.0133011, -0.00778118, -0.00243461, 0.0115666, -0.006284, -0.0039057, 0.00973086, -0.00428651, -0.00428212, 0.00786699, -0.00236843, -0.00364142, 0.00582499, -0.000980127, -0.00244491, 0.00353715, -0.000242566, -0.00116163, 0.00115581, 5.6709e-05, 9.60164e-05, 
0.0422724, 0.000341314, 0.000424715, 0.0389603, -6.85882e-05, 3.02347e-05, 0.0356462, -0.000473562, -0.000351645, 0.0323582, -0.00100971, -0.000793155, 0.0290889, -0.00168067, -0.00118603, 0.0257503, -0.0020248, -0.00135592, 0.0225621, -0.000981853, -0.00115477, 0.0207838, 0.00182627, -0.000659415, 0.0206965, 0.00527248, -1.97363e-05, 0.0204707, 0.00792422, 0.00036517, 0.0195815, 0.0102807, 0.000629586, 0.0179254, 0.0121296, 0.00107053, 0.015801, 0.012964, 0.00199594, 0.0139259, 0.012576, 0.00331287, 0.0127161, 0.0112061, 0.00482898, 0.0123853, 0.00909129, 0.00639833, 0.0128486, 0.0067282, 0.00768818, 0.0136952, 0.00435996, 0.00856027, 0.0146313, 0.0020022, 0.00896473, 0.0155103, -0.000391694, 0.00884695, 0.0162162, -0.00279769, 0.00812729, 0.0166199, -0.00506362, 0.00676913, 0.0166171, -0.00696057, 0.00483249, 0.0161535, -0.00823596, 0.00247071, 0.0152266, -0.00865021, -5.46645e-05, 0.013894, -0.00807393, -0.00235184, 0.0122656, -0.00662751, -0.00398596, 0.0104411, -0.00470289, -0.00467037, 0.00846444, -0.00281261, -0.00438178, 0.00639448, -0.00136627, -0.0033084, 0.00438439, -0.000467268, -0.00170329, 0.00257668, 0.000129457, 0.00022495, 
0.0423614, 0.000332505, 0.000391962, 0.0390488, -7.58728e-05, 8.33469e-07, 0.0357343, -0.000479584, -0.00037884, 0.0324458, -0.0010145, -0.000818283, 0.0291757, -0.00168341, -0.00120798, 0.0258361, -0.00202126, -0.00137004, 0.0226522, -0.000967618, -0.00115535, 0.0208853, 0.00184597, -0.000650539, 0.0208039, 0.00529308, -1.49086e-05, 0.0205751, 0.00794623, 0.000358335, 0.019676, 0.010301, 0.000604122, 0.0180033, 0.0121412, 0.00101806, 0.0158597, 0.0129606, 0.00191227, 0.0139704, 0.012557, 0.0032039, 0.0127548, 0.0111762, 0.0047054, 0.0124266, 0.00905985, 0.00627313, 0.0128966, 0.00670407, 0.0075739, 0.0137515, 0.00434731, 0.00846872, 0.0146999, 0.00200102, 0.00890945, 0.0156013, -0.000386573, 0.00884437, 0.0163459, -0.00280018, 0.00819239, 0.0168054, -0.00509523, 0.00690257, 0.0168669, -0.00703555, 0.00501038, 0.0164794, -0.00835753, 0.00266053, 0.0156793, -0.00887882, 0.000111728, 0.0145238, -0.00854061, -0.0023245, 0.013046, -0.00732, -0.00425855, 0.0113585, -0.005399, -0.00524002, 0.00960389, -0.00328802, -0.00507019, 0.00780253, -0.00152454, -0.00398668, 0.00579023, -0.000412673, -0.002524, 0.00350617, 4.29599e-05, -0.00113926, 0.00110651, 7.25803e-05, 0.00011837, 
0.0424368, 0.000324621, 0.000363963, 0.0391238, -8.26616e-05, -2.49066e-05, 0.035809, -0.000485687, -0.000402436, 0.0325195, -0.00101877, -0.000836719, 0.0292476, -0.00168376, -0.0012178, 0.025907, -0.00201639, -0.00137065, 0.0227253, -0.000957313, -0.00115078, 0.0209646, 0.00186042, -0.000647365, 0.0208901, 0.00530875, -1.75533e-05, 0.0206605, 0.00796308, 0.000346691, 0.0197535, 0.0103164, 0.000576841, 0.0180663, 0.0121486, 0.000966902, 0.0159056, 0.0129529, 0.00183306, 0.0140038, 0.012532, 0.00310058, 0.0127836, 0.0111377, 0.00458579, 0.0124586, 0.00901771, 0.00614936, 0.0129369, 0.00667064, 0.00746275, 0.0138024, 0.00432843, 0.00838514, 0.0147621, 0.00199363, 0.00886122, 0.0156748, -0.000390373, 0.00883173, 0.0164317, -0.00280819, 0.00821031, 0.0169128, -0.00511476, 0.00694925, 0.0170289, -0.0070924, 0.00509871, 0.0167445, -0.00851455, 0.00279301, 0.0160615, -0.00916495, 0.000239832, 0.0150067, -0.00887973, -0.00224829, 0.0136423, -0.0076545, -0.00426114, 0.0120574, -0.00574452, -0.00541939, 0.0103118, -0.00362429, -0.00556348, 0.00840749, -0.00179614, -0.00481486, 0.00637877, -0.000594547, -0.00344903, 0.00436862, -5.18549e-05, -0.00171502, 0.00252295, 0.000117427, 0.000261276, 
0.0425237, 0.000318844, 0.000332268, 0.0392102, -8.71861e-05, -5.34815e-05, 0.0358949, -0.000489077, -0.000428916, 0.0326051, -0.00102091, -0.000861398, 0.0293324, -0.00168369, -0.00124013, 0.0259909, -0.00200955, -0.00138704, 0.0228139, -0.000938757, -0.00115649, 0.0210652, 0.00188517, -0.000645918, 0.0209969, 0.00533439, -2.03001e-05, 0.020765, 0.00798995, 0.000333344, 0.0198495, 0.0103416, 0.000546508, 0.0181476, 0.0121654, 0.000911071, 0.0159691, 0.0129546, 0.00174599, 0.0140534, 0.0125171, 0.0029867, 0.0128278, 0.0111109, 0.00445618, 0.0125069, 0.00898984, 0.00601912, 0.0129931, 0.00665159, 0.00734532, 0.0138647, 0.00431987, 0.00828839, 0.0148298, 0.00199313, 0.00879199, 0.0157529, -0.000387045, 0.00879989, 0.0165323, -0.00281012, 0.00822883, 0.0170537, -0.00513991, 0.00702788, 0.0172261, -0.00716353, 0.00523225, 0.0170061, -0.00864293, 0.00295574, 0.0163973, -0.00934625, 0.000397818, 0.015457, -0.00915353, -0.00214449, 0.0142442, -0.00811812, -0.00435159, 0.012783, -0.0063588, -0.0058587, 0.0111704, -0.00417188, -0.0062833, 0.00950863, -0.00210273, -0.00558614, 0.00776825, -0.000596004, -0.00412811, 0.00577864, 0.000182601, -0.0024616, 0.0034815, 0.000314543, -0.00103099, 0.00105247, 3.46117e-05, 0.000161788, 
