0.0067154, 0, 0, 0.00587597, 0, 0, 0.00503655, 0, 0, 0.00419712, 0, 0, 0.0033577, 0, 0, 0.00251827, 0, 0, 0.00167885, 0, 0, 0.000839425, 0, 0, 
0.00718796, -1.85212e-05, 2.16565e-20, 0.00635097, 4.53517e-05, 2.11575e-20, 0.00551175, 2.6723e-05, -3.70922e-20, 0.00468054, -9.04463e-05, -4.65949e-20, 0.00384988, -0.0002114, -2.17352e-20, 0.00301296, -0.000276197, 6.34994e-21, 0.00217909, -0.000179756, 6.82765e-20, 0.00140251, 0.000138929, 9.93438e-20, 0.000427799, 0.00100759, -8.34085e-22, 
0.00756292, 0.00016936, -3.33433e-11, 0.0067362, 2.38379e-05, -1.04827e-10, 0.00590898, -0.000118754, -2.33351e-10, 0.00508122, -0.000258216, -5.05422e-10, 0.00424763, -0.000357032, -7.09157e-10, 0.0034083, -0.000369563, 1.08324e-08, 0.00257968, -0.000235316, -3.49553e-08, 0.0018183, 0.000118137, -1.70737e-06, 0.00085633, 0.00100089, 1.50212e-07, 3.50537e-05, 0.000999018, 6.02068e-05, 
0.00800982, 0.000264687, -2.04997e-06, 0.00720041, 4.22467e-05, 1.07311e-07, 0.00639634, -0.000198765, 4.05424e-06, 0.00558218, -0.000403177, 3.97509e-06, 0.00474732, -0.000490078, -5.25529e-06, 0.0039088, -0.000452891, -1.72268e-05, 0.00307962, -0.000322267, -2.19357e-05, 0.00227004, -0.000100628, -1.27515e-05, 0.00110463, 0.000486438, 2.98171e-05, 0.000464241, 0.00100322, 6.06154e-05, 
0.0083564, 0.000236837, 8.95347e-06, 0.00754216, 3.28306e-05, 3.21636e-06, 0.00672874, -0.000174407, -2.36839e-06, 0.00591317, -0.000373011, -7.8393e-06, 0.00508765, -0.000525064, -1.44438e-05, 0.00425064, -0.000588244, -2.13852e-05, 0.00341315, -0.000531399, -2.37811e-05, 0.00260224, -0.000314568, -1.65608e-05, 0.00156224, 0.000474076, 1.63473e-05, 0.000886025, 0.000942055, 5.90929e-05, 6.80716e-05, 0.000994671, 0.000120423, 
0.00876077, 0.000307972, 1.29984e-05, 0.00795224, 8.24911e-05, 4.83926e-06, 0.00715454, -0.000178743, -2.61105e-06, 0.00636105, -0.000452507, -1.06335e-05, 0.00554451, -0.000646854, -2.21112e-05, 0.00470818, -0.000717707, -3.52061e-05, 0.00387102, -0.000656827, -4.43476e-05, 0.0030581, -0.000447543, -4.36059e-05, 0.00188383, 0.000121982, -6.91032e-06, 0.00116648, 0.000522413, 4.94104e-05, 0.000500695, 0.000999067, 0.000120901, 
0.00906347, 0.000375516, 1.92534e-05, 0.00827642, 8.38343e-05, 8.89562e-06, 0.00748665, -0.000200374, -2.21137e-06, 0.00668618, -0.00045278, -1.54938e-05, 0.00586875, -0.000642983, -3.15933e-05, 0.00503708, -0.000755632, -4.83636e-05, 0.00419806, -0.000778415, -6.09078e-05, 0.00336407, -0.00068308, -6.19391e-05, 0.00217122, -0.000153924, -2.02982e-05, 0.00163301, 0.000466779, 3.59126e-05, 0.000912831, 0.000856238, 0.00010836, 0.0001054, 0.000986166, 0.000179988, 
0.00944466, 0.000416545, 2.8088e-05, 0.00864875, 0.000150161, 1.40041e-05, 0.00785917, -0.000134367, -1.60005e-06, 0.00708311, -0.000453751, -2.03848e-05, 0.0062969, -0.000747082, -4.19462e-05, 0.00547637, -0.000922838, -6.40053e-05, 0.00463747, -0.000946075, -8.21436e-05, 0.0038092, -0.000809857, -8.94788e-05, 0.00258979, -0.00034401, -6.3869e-05, 0.00186333, 3.98963e-05, -9.33553e-06, 0.00119476, 0.000510424, 7.55086e-05, 0.000537334, 0.000990693, 0.000180817, 
0.00970951, 0.000533317, 3.91755e-05, 0.00894799, 0.000180727, 1.91777e-05, 0.0081818, -0.000161574, -1.31107e-06, 0.00740162, -0.000470529, -2.34309e-05, 0.00660329, -0.000728798, -4.80347e-05, 0.00578682, -0.000921932, -7.46429e-05, 0.00495441, -0.00102718, -0.000100294, 0.00411527, -0.00101463, -0.000117824, 0.00284931, -0.000695528, -0.000104819, 0.00221611, -0.000172846, -4.18339e-05, 0.00167513, 0.00043875, 5.23207e-05, 0.000933438, 0.000777819, 0.000146566, 0.000142916, 0.000973705, 0.0002389, 
0.0100504, 0.000588756, 4.85208e-05, 0.00928119, 0.000253466, 2.67431e-05, 0.00850999, -7.72517e-05, 4.08412e-06, 0.00774577, -0.000423481, -2.301e-05, 0.00698713, -0.00078123, -5.64049e-05, 0.00619954, -0.0010694, -9.23843e-05, 0.00537315, -0.00121304, -0.000125156, 0.00453452, -0.00118439, -0.000147899, 0.00328656, -0.000800698, -0.000145325, 0.00254758, -0.000439844, -0.000102942, 0.00184625, -1.87619e-05, -2.28747e-05, 0.00117608, 0.000440609, 9.46218e-05, 0.000575106, 0.000978659, 0.000240064, 
0.0102847, 0.000717825, 6.39769e-05, 0.00954715, 0.000318119, 3.50134e-05, 0.00880722, -7.71719e-05, 5.51277e-06, 0.00805571, -0.000449877, -2.55791e-05, 0.00728641, -0.000783987, -5.99679e-05, 0.00649454, -0.00105981, -9.85306e-05, 0.00567718, -0.00124665, -0.00013921, 0.00484113, -0.00131246, -0.000175672, 0.00354545, -0.00115434, -0.000204662, 0.0027952, -0.000816793, -0.000168686, 0.0022489, -0.00021067, -6.99866e-05, 0.00168746, 0.000374446, 5.80195e-05, 0.000955452, 0.000723188, 0.000177876, 0.000179758, 0.000957779, 0.000297024, 
0.010575, 0.000798686, 7.49732e-05, 0.00984069, 0.000393085, 4.4071e-05, 0.00909969, -1.33997e-07, 1.3434e-05, 0.00835357, -0.000383286, -2.00283e-05, 0.00761331, -0.000776857, -6.19978e-05, 0.0068624, -0.00114862, -0.000112485, 0.00606783, -0.00141429, -0.000164605, 0.00523592, -0.00151675, -0.000210022, 0.00394905, -0.00129909, -0.000245117, 0.00319411, -0.000970924, -0.000223314, 0.00248666, -0.000557285, -0.000160116, 0.00183141, -7.57331e-05, -4.73594e-05, 0.00121896, 0.000445195, 0.000111872, 0.000612523, 0.000963179, 0.000298586, 
0.0107901, 0.000914057, 9.13266e-05, 0.0100737, 0.000478039, 5.56128e-05, 0.00935605, 4.41071e-05, 1.92191e-05, 0.00863494, -0.000383788, -2.0086e-05, 0.0079046, -0.000795138, -6.50933e-05, 0.00715227, -0.00116382, -0.00011712, 0.00636326, -0.0014446, -0.000174127, 0.00553857, -0.00159089, -0.00023001, 0.00423601, -0.00153424, -0.000299161, 0.00343107, -0.00136088, -0.000310201, 0.00274156, -0.000917879, -0.000247799, 0.00226238, -0.00026531, -0.000111784, 0.00168068, 0.000289962, 4.67177e-05, 0.000981691, 0.000686615, 0.000204868, 0.000216943, 0.000938298, 0.000354058, 
0.0110185, 0.00102348, 0.000105362, 0.0103215, 0.00055741, 6.57921e-05, 0.00961845, 0.000100427, 2.65199e-05, 0.00890167, -0.000334587, -1.37534e-05, 0.00817871, -0.000758511, -6.11981e-05, 0.00745524, -0.00117987, -0.00012183, 0.00670253, -0.00154464, -0.000192621, 0.00589886, -0.00177621, -0.000264197, 0.00459614, -0.00177288, -0.000351, 0.00381541, -0.00151112, -0.000358514, 0.00309437, -0.00111835, -0.000321111, 0.0024437, -0.000626642, -0.00022721, 0.00182351, -0.000111933, -7.79967e-05, 0.00121967, 0.000404706, 0.000120465, 0.000650169, 0.000943811, 0.000356006, 
0.0112197, 0.00111677, 0.000119244, 0.010524, 0.000648877, 7.91236e-05, 0.00982945, 0.000179237, 3.77812e-05, 0.00914069, -0.000298369, -8.529e-06, 0.00845066, -0.000773275, -6.29418e-05, 0.00773986, -0.00121523, -0.000126749, 0.00698841, -0.00158222, -0.000199363, 0.00618965, -0.00182853, -0.000276495, 0.00489181, -0.00191598, -0.000388721, 0.00407633, -0.00181252, -0.000437677, 0.00330128, -0.00153889, -0.000438353, 0.00271325, -0.000974759, -0.000338698, 0.00226029, -0.00031325, -0.000168234, 0.00168259, 0.000234963, 2.31984e-05, 0.00100755, 0.000652388, 0.000224507, 0.000255048, 0.00091508, 0.000409706, 
0.0113948, 0.0012379, 0.000135598, 0.0107273, 0.000730846, 9.019e-05, 0.0100589, 0.000225172, 4.39947e-05, 0.00937957, -0.000265595, -3.76606e-06, 0.00868424, -0.000732853, -5.68434e-05, 0.00798324, -0.00118979, -0.000123572, 0.00726853, -0.00162195, -0.00020753, 0.00650776, -0.00196377, -0.000302519, 0.00522966, -0.00218788, -0.000446987, 0.00442125, -0.00203915, -0.000496596, 0.00367893, -0.00168625, -0.000495191, 0.003018, -0.00120311, -0.000434361, 0.00239937, -0.00067917, -0.000313507, 0.00180281, -0.000149557, -0.000127603, 0.00123522, 0.000385239, 0.000121956, 0.000688716, 0.000920695, 0.000412096, 
0.011576, 0.00132044, 0.000147191, 0.0109036, 0.000819766, 0.000103321, 0.0102353, 0.00031392, 5.76863e-05, 0.00957633, -0.000203535, 6.28142e-06, 0.00892092, -0.000724504, -5.42901e-05, 0.00825101, -0.00122512, -0.000126616, 0.00754596, -0.00167251, -0.000212602, 0.00678895, -0.00202183, -0.000310287, 0.00551806, -0.00227574, -0.000468348, 0.00470005, -0.0022299, -0.000551185, 0.00389895, -0.00205559, -0.000609789, 0.00318897, -0.00164408, -0.000586147, 0.0027067, -0.000996035, -0.000447339, 0.00225288, -0.00034498, -0.000244594, 0.00169453, 0.000206904, -1.1976e-05, 0.00103051, 0.000617193, 0.000233609, 0.000293632, 0.00088825, 0.000463759, 
0.0117103, 0.00143836, 0.000163345, 0.011067, 0.000901276, 0.000114563, 0.0104273, 0.00036018, 6.41126e-05, 0.00978535, -0.000178037, 1.02972e-05, 0.00912784, -0.000696507, -4.89495e-05, 0.00845532, -0.00119373, -0.000120446, 0.00777235, -0.00167307, -0.000212167, 0.0070556, -0.0020955, -0.000323823, 0.00583377, -0.00251242, -0.000518604, 0.0050163, -0.00250389, -0.000617499, 0.004239, -0.00224134, -0.00066694, 0.00354296, -0.00180614, -0.00065752, 0.00292546, -0.00127269, -0.000580402, 0.00236093, -0.000700199, -0.000423925, 0.00181214, -0.000140046, -0.000188341, 0.00126539, 0.000386695, 0.000116912, 0.000727261, 0.000894056, 0.000466821, 
0.0118616, 0.00152064, 0.000173835, 0.0112187, 0.000982993, 0.000126155, 0.0105807, 0.000439702, 7.65602e-05, 0.00994986, -0.000111325, 2.17299e-05, 0.00932262, -0.000665516, -4.21087e-05, 0.00868821, -0.00120974, -0.000119443, 0.00802904, -0.00172073, -0.00021441, 0.00732312, -0.0021605, -0.000328076, 0.00611001, -0.0025986, -0.00053071, 0.00529576, -0.0026319, -0.000648978, 0.00449017, -0.00250559, -0.000752202, 0.00372361, -0.00221787, -0.00081181, 0.00311957, -0.00166695, -0.000753088, 0.00270035, -0.000984607, -0.000581045, 0.00224853, -0.000343797, -0.000345114, 0.00171384, 0.000206889, -6.15447e-05, 0.00104797, 0.000584752, 0.000227037, 0.000332661, 0.000857734, 0.000515945, 
0.0119693, 0.00162174, 0.000187377, 0.0113483, 0.0010592, 0.000136453, 0.0107321, 0.000491701, 8.38174e-05, 0.0101221, -8.21059e-05, 2.64481e-05, 0.00950641, -0.000649069, -3.80287e-05, 0.00887147, -0.00119287, -0.000113965, 0.00821899, -0.00171222, -0.000209762, 0.00754087, -0.00219195, -0.000330828, 0.0063869, -0.00275728, -0.00056186, 0.00558432, -0.00287306, -0.00070526, 0.00478082, -0.00274036, -0.000816409, 0.00403988, -0.00239164, -0.000874415, 0.00340333, -0.00187559, -0.000856555, 0.00286214, -0.00127019, -0.000749164, 0.00234958, -0.000662951, -0.000551708, 0.00182904, -0.000100976, -0.000263992, 0.00129485, 0.000398841, 0.000102425, 0.000766194, 0.000863562, 0.000519817, 
0.0120844, 0.00170575, 0.000197132, 0.0114741, 0.00113163, 0.000145802, 0.0108675, 0.000553799, 9.29692e-05, 0.0102642, -2.70434e-05, 3.59897e-05, 0.00966299, -0.000609181, -2.94213e-05, 0.00905996, -0.00118765, -0.000109192, 0.00844099, -0.00174584, -0.000208847, 0.00778329, -0.00225271, -0.00033194, 0.00664486, -0.00284696, -0.00056747, 0.00584804, -0.00298528, -0.000722563, 0.00504148, -0.00292224, -0.000867679, 0.00426082, -0.00270067, -0.000991977, 0.00356592, -0.00226838, -0.00103719, 0.00307564, -0.00161916, -0.000941874, 0.00268797, -0.000926905, -0.000739555, 0.00225875, -0.000287817, -0.00046225, 0.00172968, 0.000237503, -0.000125265, 0.00107455, 0.000587163, 0.000218538, 0.000372238, 0.000823746, 0.000566086, 
0.0121731, 0.00178741, 0.000207059, 0.0115768, 0.00119903, 0.000154317, 0.010984, 0.000607176, 0.000100258, 0.0104003, 6.72248e-06, 4.13409e-05, 0.00982095, -0.000596949, -2.59355e-05, 0.00922704, -0.00118485, -0.000105148, 0.00860844, -0.00174375, -0.000203138, 0.00796296, -0.00226565, -0.000328134, 0.00687253, -0.00293788, -0.000580504, 0.00609866, -0.00315602, -0.000758376, 0.00529474, -0.00316166, -0.000929437, 0.00452187, -0.00291734, -0.00105956, 0.00385063, -0.00245021, -0.00111494, 0.00330155, -0.00184354, -0.00107769, 0.00282369, -0.00119285, -0.000940989, 0.00235308, -0.000568667, -0.000699147, 0.00185412, -2.12494e-05, -0.000351565, 0.00132981, 0.000433032, 8.24695e-05, 0.000805841, 0.000829261, 0.000570787, 
0.0122558, 0.00186755, 0.000215266, 0.0116781, 0.00126101, 0.00016104, 0.0111011, 0.00065376, 0.000106024, 0.0105247, 4.63283e-05, 4.77366e-05, 0.00994964, -0.000561585, -1.84594e-05, 0.00937514, -0.00116831, -9.89398e-05, 0.00878957, -0.00176121, -0.00019999, 0.0081719, -0.00231527, -0.000326964, 0.00710726, -0.00302688, -0.000581492, 0.00634251, -0.00326917, -0.0007674, 0.00554249, -0.00329467, -0.000954212, 0.00475936, -0.00312136, -0.00112924, 0.00402962, -0.002774, -0.00126575, 0.00344461, -0.00220092, -0.00128254, 0.00304882, -0.0014961, -0.0011521, 0.00268927, -0.000800199, -0.00091543, 0.00228468, -0.000170678, -0.000584602, 0.00174701, 0.000307901, -0.000195344, 0.0011015, 0.000609174, 0.000207834, 0.00041204, 0.000786339, 0.000613817, 
0.0123291, 0.00193171, 0.000221715, 0.011759, 0.00131799, 0.00016744, 0.0111909, 0.000702493, 0.000112216, 0.0106307, 8.01636e-05, 5.27073e-05, 0.0100797, -0.000549436, -1.52899e-05, 0.00952317, -0.00117269, -9.58012e-05, 0.00894083, -0.00176916, -0.000194459, 0.00832544, -0.00232612, -0.00031985, 0.00728868, -0.00307521, -0.000581826, 0.00654878, -0.00337464, -0.000784296, 0.00576465, -0.00349137, -0.00100133, 0.00497939, -0.00335413, -0.00119751, 0.00427147, -0.0029638, -0.00133282, 0.00368964, -0.00238924, -0.00138067, 0.00322464, -0.00171774, -0.00132314, 0.00280976, -0.00103392, -0.00115047, 0.00237718, -0.000405389, -0.000855059, 0.00189122, 0.00010827, -0.00044317, 0.00138649, 0.00049901, 6.92436e-05, 0.000841808, 0.000787388, 0.000609356, 2.35134e-05, 0.000742123, 0.000652148, 
0.0123873, 0.00200199, 0.000227563, 0.0118387, 0.00136914, 0.000171383, 0.0112884, 0.000737719, 0.000115067, 0.0107381, 0.000106613, 5.61181e-05, 0.0101898, -0.000525518, -1.02037e-05, 0.00964181, -0.00115637, -9.01279e-05, 0.00908395, -0.00177553, -0.000190484, 0.00849766, -0.0023626, -0.000317963, 0.00749297, -0.00315381, -0.000581047, 0.00676575, -0.00348015, -0.000787817, 0.00598393, -0.00360125, -0.0010107, 0.00520076, -0.00349018, -0.00123038, 0.00446476, -0.00319161, -0.00143282, 0.00382405, -0.00269811, -0.00156274, 0.00336746, -0.00201883, -0.00153946, 0.00303772, -0.00128867, -0.00137301, 0.00271383, -0.000592877, -0.00108945, 0.00231434, 4.94482e-06, -0.000698715, 0.00176562, 0.000423214, -0.000258308, 0.00112669, 0.00065027, 0.000201879, 0.000451865, 0.000745833, 0.000659009, 
0.012446, 0.00205278, 0.00023087, 0.0119024, 0.00141555, 0.000175662, 0.01136, 0.000777362, 0.000119688, 0.0108228, 0.00013514, 6.00691e-05, 0.0102942, -0.00051343, -7.51682e-06, 0.00976699, -0.00116174, -8.77501e-05, 0.00921908, -0.00179007, -0.000185903, 0.00863308, -0.00237815, -0.00030995, 0.00763825, -0.00318158, -0.000573453, 0.00693238, -0.00354514, -0.000791828, 0.00617292, -0.00373877, -0.00103942, 0.00539188, -0.00369589, -0.00128861, 0.00465991, -0.00339301, -0.00149911, 0.00404121, -0.00287377, -0.00163524, 0.00356198, -0.00221064, -0.00166738, 0.00318407, -0.00149029, -0.00157877, 0.00282745, -0.00078702, -0.00136046, 0.00241991, -0.000172048, -0.00100636, 0.00194746, 0.000291469, -0.000524766, 0.00149412, 0.000600266, 8.40758e-05, 0.000874717, 0.000742672, 0.00060326, 5.89474e-05, 0.000700119, 0.000695295, 
0.012488, 0.00210945, 0.000234256, 0.0119642, 0.00145602, 0.000177109, 0.0114383, 0.000804203, 0.000120122, 0.0109131, 0.000152121, 6.09566e-05, 0.0103904, -0.000501402, -4.92942e-06, 0.00986655, -0.0011526, -8.34927e-05, 0.00933194, -0.00179224, -0.000181928, 0.00877015, -0.00240307, -0.000308075, 0.00780934, -0.00324617, -0.000573937, 0.00711504, -0.00363085, -0.000793175, 0.00635862, -0.00383327, -0.00104305, 0.00558054, -0.00379769, -0.00130242, 0.00484398, -0.00353908, -0.00155228, 0.00418722, -0.00309911, -0.00176682, 0.0036711, -0.0024711, -0.00186515, 0.00332765, -0.00173175, -0.00179469, 0.003051, -0.000991638, -0.00158225, 0.00275328, -0.000311423, -0.00123826, 0.00233843, 0.000233159, -0.000789555, 0.00178579, 0.000578833, -0.000292914, 0.00115118, 0.000709268, 0.000210814, 0.000491576, 0.000702422, 0.000701367, 
0.0125333, 0.00214988, 0.000234886, 0.0120148, 0.00149202, 0.000179306, 0.0114975, 0.000833318, 0.000123078, 0.0109833, 0.000172524, 6.37606e-05, 0.0104744, -0.000491742, -2.79056e-06, 0.00996863, -0.00115701, -8.1824e-05, 0.00944867, -0.00180881, -0.00017893, 0.00889049, -0.00242366, -0.000301541, 0.00792911, -0.00326742, -0.00056318, 0.00725037, -0.00367482, -0.000789974, 0.00651209, -0.00391856, -0.00105665, 0.00574365, -0.00394752, -0.00134409, 0.00500285, -0.00372764, -0.00161738, 0.00435748, -0.00327156, -0.00183284, 0.00385313, -0.00263764, -0.00195207, 0.00348353, -0.0019076, -0.00194989, 0.00318266, -0.0011587, -0.00181548, 0.00286567, -0.000456469, -0.00153972, 0.00246636, 0.000123477, -0.00112233, 0.00202289, 0.000515546, -0.000555611, 0.00159253, 0.000704801, 0.000117043, 0.000898618, 0.000723255, 0.000557389, 9.74473e-05, 0.000655264, 0.000735051, 
0.012566, 0.00219284, 0.000236016, 0.0120631, 0.00152317, 0.000178953, 0.0115597, 0.000853825, 0.000121922, 0.0110581, 0.000183373, 6.28754e-05, 0.0105588, -0.000488248, -2.24152e-06, 0.0100564, -0.00115632, -7.91417e-05, 0.00954099, -0.00181188, -0.000175232, 0.00899791, -0.00243981, -0.000299288, 0.00806819, -0.00331701, -0.000565374, 0.00739807, -0.00373854, -0.000791974, 0.00666636, -0.00399925, -0.00106069, 0.00590021, -0.0040365, -0.00135323, 0.00516257, -0.00382551, -0.00164168, 0.0045055, -0.00341625, -0.00190942, 0.00396095, -0.00283833, -0.00210924, 0.00358047, -0.00211519, -0.00215241, 0.00332259, -0.00134881, -0.0020275, 0.00308614, -0.000614108, -0.00175555, 0.00279537, 2.90721e-05, -0.0013411, 0.00236311, 0.000505512, -0.000833444, 0.00180368, 0.000756321, -0.000287894, 0.00117207, 0.000776596, 0.000237852, 0.000531126, 0.00065639, 0.000740651, 
0.0125997, 0.00222526, 0.000234783, 0.0121046, 0.00154965, 0.000179291, 0.0116106, 0.000873277, 0.000123273, 0.0111185, 0.000195795, 6.46103e-05, 0.0106282, -0.000482496, -5.16267e-07, 0.0101385, -0.00115989, -7.77597e-05, 0.00963842, -0.00182722, -0.000173621, 0.00910405, -0.002463, -0.000295513, 0.00817208, -0.00333952, -0.000555864, 0.00750983, -0.00377153, -0.000785852, 0.00678816, -0.00404951, -0.00106424, 0.00603378, -0.00412928, -0.00137811, 0.00529519, -0.00397639, -0.00169892, 0.00463562, -0.00358039, -0.00198013, 0.00410822, -0.00298593, -0.0021774, 0.00372795, -0.00226586, -0.00225781, 0.00345499, -0.00149642, -0.00220404, 0.00321241, -0.000739933, -0.00200773, 0.00291344, -5.91851e-05, -0.0016654, 0.00251675, 0.000464987, -0.00117607, 0.00211434, 0.000752185, -0.000521036, 0.00164165, 0.000808371, 0.000149167, 0.000911323, 0.000743399, 0.000523948, 0.000136352, 0.000607935, 0.000771383, 
0.0126279, 0.00225624, 0.000233864, 0.0121433, 0.00157314, 0.000177896, 0.0116605, 0.000888782, 0.000121511, 0.0111805, 0.000202623, 6.28905e-05, 0.0107016, -0.000483822, -1.37098e-06, 0.0102178, -0.00116561, -7.67262e-05, 0.00971832, -0.00183371, -0.000170698, 0.00918938, -0.002474, -0.000292692, 0.00828106, -0.00337348, -0.000558224, 0.00762684, -0.00381681, -0.00078967, 0.00691445, -0.00411461, -0.00107145, 0.00616377, -0.00420917, -0.00139003, 0.00542709, -0.00405297, -0.00171364, 0.0047694, -0.00367008, -0.00201658, 0.00422079, -0.00312199, -0.00227938, 0.00380996, -0.00243063, -0.0024304, 0.00354572, -0.00165668, -0.00240563, 0.0033473, -0.000885661, -0.00221637, 0.00313988, -0.000175036, -0.00186711, 0.00283693, 0.000410285, -0.00138009, 0.00238495, 0.000800799, -0.000817331, 0.00181469, 0.000939336, -0.000241685, 0.00119012, 0.000844515, 0.000286495, 0.000570487, 0.000608035, 0.000776691, 
0.0126528, 0.00228226, 0.000231836, 0.0121788, 0.00159168, 0.00017681, 0.0117057, 0.000900511, 0.000121384, 0.0112338, 0.000208653, 6.36221e-05, 0.0107613, -0.000482258, 3.32815e-08, 0.010285, -0.00116931, -7.51591e-05, 0.00979767, -0.00184626, -0.000169619, 0.00928062, -0.00249621, -0.000291533, 0.00837525, -0.00339976, -0.000553329, 0.00772129, -0.0038437, -0.000784302, 0.0070121, -0.00414542, -0.00106994, 0.00627003, -0.00426032, -0.00140175, 0.00553826, -0.00415459, -0.00175551, 0.00487346, -0.00381062, -0.00208815, 0.00433043, -0.00325707, -0.00235113, 0.00393416, -0.00255817, -0.00250626, 0.00366764, -0.0017849, -0.00252784, 0.00347107, -0.0010001, -0.00240494, 0.00326302, -0.000256056, -0.00213455, 0.00296149, 0.000384753, -0.00172224, 0.00257594, 0.000825492, -0.00114727, 0.00220108, 0.000979027, -0.000431959, 0.00165333, 0.000924215, 0.000180431, 0.000923789, 0.00078228, 0.000537894, 0.000174948, 0.000558445, 0.000804424, 
0.012679, 0.00230391, 0.000229205, 0.0122114, 0.0016089, 0.000174965, 0.0117469, 0.000911865, 0.000119838, 0.0112858, 0.000212772, 6.20239e-05, 0.0108245, -0.000485627, -1.37945e-06, 0.0103562, -0.00117835, -7.55714e-05, 0.00987, -0.00185633, -0.000168125, 0.00935167, -0.00250549, -0.000288769, 0.00845757, -0.00341917, -0.000554139, 0.00781361, -0.00387534, -0.000789332, 0.00711414, -0.00419435, -0.00108012, 0.00637758, -0.00432625, -0.00141783, 0.00564641, -0.00422172, -0.00177319, 0.00498514, -0.00387249, -0.00210738, 0.00443856, -0.00333928, -0.00240299, 0.00401656, -0.00267588, -0.00262966, 0.0037341, -0.00191192, -0.00270726, 0.00355572, -0.00111978, -0.00260555, 0.00340043, -0.000363096, -0.00233477, 0.0032007, 0.000301959, -0.0018996, 0.00287299, 0.000810971, -0.00134553, 0.00240041, 0.00109673, -0.000736619, 0.00181979, 0.00111579, -0.000153029, 0.00120608, 0.00090505, 0.000355999, 0.000609698, 0.000557642, 0.000809362, 
0.0126985, 0.00232448, 0.000227269, 0.012243, 0.00162144, 0.000173081, 0.0117881, 0.000918081, 0.000118582, 0.011334, 0.000214367, 6.18758e-05, 0.0108777, -0.00048747, -3.74084e-07, 0.0104136, -0.00118304, -7.38036e-05, 0.00993471, -0.00186617, -0.000166817, 0.00942766, -0.0025239, -0.000288954, 0.00854377, -0.00344732, -0.000554815, 0.00789553, -0.0038987, -0.000787506, 0.00719505, -0.00421543, -0.00107835, 0.00646266, -0.00435419, -0.00142231, 0.00573785, -0.00427856, -0.00179749, 0.00507298, -0.00397512, -0.00216735, 0.00452057, -0.00345979, -0.00248314, 0.00411057, -0.00278634, -0.00270204, 0.00383908, -0.00201983, -0.0027926, 0.0036649, -0.00122215, -0.00273758, 0.00351998, -0.00044329, -0.00253174, 0.00332192, 0.000271018, -0.00218231, 0.00300925, 0.000851904, -0.00169416, 0.00264564, 0.00117313, -0.00103056, 0.00225697, 0.0011891, -0.000304796, 0.00164811, 0.00105159, 0.000234221, 0.000939995, 0.000815163, 0.000587176, 0.000213688, 0.000507159, 0.000834038, 
0.0127232, 0.00233961, 0.000223673, 0.0122722, 0.00163359, 0.000171136, 0.0118239, 0.000925936, 0.000117587, 0.0113786, 0.000216615, 6.10088e-05, 0.0109319, -0.000491327, -1.47243e-06, 0.0104765, -0.00119265, -7.49293e-05, 0.010001, -0.00187827, -0.000166942, 0.00949071, -0.00253381, -0.000287352, 0.00860565, -0.0034559, -0.000553886, 0.00796834, -0.00391958, -0.00079252, 0.00727663, -0.00424938, -0.00108973, 0.00655027, -0.00440228, -0.00144043, 0.0058274, -0.00433675, -0.00182119, 0.00516364, -0.00402699, -0.00218781, 0.00461497, -0.00350962, -0.00250674, 0.00419401, -0.00285973, -0.00277134, 0.00389895, -0.00211357, -0.00293138, 0.00372337, -0.0013144, -0.00291853, 0.00360275, -0.000527143, -0.00272967, 0.00347062, 0.00019514, -0.00236578, 0.00325766, 0.000793947, -0.00184659, 0.00290238, 0.00120854, -0.00123205, 0.00240766, 0.00137459, -0.000595078, 0.0018199, 0.00127418, -2.53337e-05, 0.00122029, 0.000952508, 0.000442529, 0.000648757, 0.000505479, 0.000838567, 
0.0127408, 0.0023553, 0.000222187, 0.0123014, 0.00164207, 0.000169183, 0.0118621, 0.000928761, 0.000115888, 0.0114229, 0.000215521, 6.03502e-05, 0.0109807, -0.000495318, -8.81955e-07, 0.010528, -0.0011985, -7.33188e-05, 0.0100557, -0.00188632, -0.000165339, 0.00955277, -0.00254721, -0.000287558, 0.00868166, -0.00348128, -0.000558322, 0.00804097, -0.00394112, -0.000795328, 0.00734674, -0.00426676, -0.00109126, 0.00662119, -0.00441985, -0.00144354, 0.00590193, -0.00436346, -0.00183253, 0.00523912, -0.00408781, -0.00222702, 0.00468145, -0.00360513, -0.00258263, 0.00426148, -0.00295704, -0.00285314, 0.00398144, -0.00220328, -0.00300435, 0.0038144, -0.00140223, -0.00301275, 0.00370643, -0.000603979, -0.00286737, 0.00358848, 0.000150647, -0.00257041, 0.0033802, 0.000819752, -0.00214332, 0.00305929, 0.00131255, -0.00156893, 0.00271654, 0.00148556, -0.000840469, 0.00227521, 0.00138541, -0.00015101, 0.0016406, 0.00116972, 0.000331333, 0.000956684, 0.000835663, 0.000653807, 0.000252242, 0.000454174, 0.000860276, 
0.0127641, 0.00236626, 0.000218703, 0.0123291, 0.00165017, 0.000167386, 0.011895, 0.000933582, 0.000115369, 0.0114624, 0.000216343, 6.03228e-05, 0.0110275, -0.000499021, -1.14292e-06, 0.0105824, -0.00120696, -7.42167e-05, 0.0101153, -0.00189828, -0.00016649, 0.00961114, -0.00255838, -0.000287824, 0.00873175, -0.00348503, -0.000557299, 0.00809856, -0.00395251, -0.000799475, 0.00741139, -0.00428712, -0.00110182, 0.0066914, -0.00445027, -0.00146091, 0.00597602, -0.00440804, -0.00185874, 0.00531345, -0.00413493, -0.00225542, 0.00475885, -0.00364246, -0.0026023, 0.00433928, -0.00299896, -0.00288414, 0.00404304, -0.00226468, -0.00309033, 0.0038616, -0.00146956, -0.00315761, 0.00376104, -0.000664627, -0.00304823, 0.003674, 9.85391e-05, -0.00276263, 0.00354584, 0.000764935, -0.00230114, 0.00330686, 0.00127848, -0.00170539, 0.00292286, 0.00158099, -0.00104274, 0.00240616, 0.00162123, -0.000401218, 0.00181655, 0.00140493, 0.00013495, 0.00123304, 0.000983745, 0.000541705, 0.000687682, 0.000451804, 0.000864233, 
0.0127827, 0.00237756, 0.000217599, 0.0123566, 0.00165617, 0.000166006, 0.0119305, 0.000934805, 0.000114065, 0.0115037, 0.000213995, 5.97098e-05, 0.011073, -0.000503964, -7.96931e-07, 0.0106305, -0.00121358, -7.30716e-05, 0.0101642, -0.00190552, -0.00016505, 0.00966256, -0.00256731, -0.000287524, 0.00879463, -0.00350312, -0.000562441, 0.00816295, -0.00397189, -0.000806053, 0.00747432, -0.00430374, -0.00110811, 0.00675335, -0.00446384, -0.00146662, 0.0060384, -0.00442031, -0.00186509, 0.00537779, -0.00416237, -0.00227496, 0.00481747, -0.00370418, -0.00265775, 0.00439004, -0.00307909, -0.00296782, 0.00410188, -0.00234024, -0.00316908, 0.00393374, -0.0015421, -0.0032351, 0.00384476, -0.00073306, -0.00314834, 0.00377783, 4.58489e-05, -0.00290261, 0.00366353, 0.000760317, -0.00251537, 0.0034339, 0.00136706, -0.0020105, 0.00311381, 0.00173501, -0.00134701, 0.00277002, 0.00175698, -0.000597693, 0.00226968, 0.00156531, 3.0655e-05, 0.00163859, 0.00125785, 0.000467144, 0.000970391, 0.000846464, 0.000729202, 0.000290714, 0.000399763, 0.000882975, 
0.0128043, 0.00238591, 0.00021522, 0.0123837, 0.00166123, 0.000164666, 0.0119622, 0.000937073, 0.000113863, 0.01154, 0.000213571, 6.03027e-05, 0.0111143, -0.000507394, -1.4335e-07, 0.0106771, -0.00122026, -7.30752e-05, 0.0102161, -0.00191555, -0.000166192, 0.00971643, -0.00257871, -0.000289389, 0.00884076, -0.00350751, -0.000563545, 0.00820968, -0.00397583, -0.000809554, 0.00752547, -0.00431218, -0.00111663, 0.00680932, -0.00447942, -0.00148149, 0.00609884, -0.00444799, -0.00188899, 0.00543962, -0.00420106, -0.00230777, 0.00487991, -0.0037389, -0.00268669, 0.00445641, -0.00310618, -0.00298649, 0.004164, -0.0023752, -0.00320919, 0.00397973, -0.00158729, -0.00333127, 0.00388551, -0.00077502, -0.00329467, 0.00383049, 1.50656e-05, -0.0030842, 0.00375865, 0.000733336, -0.00269379, 0.00361656, 0.00132355, -0.00213952, 0.00334591, 0.00173412, -0.00147903, 0.00293262, 0.00191096, -0.000787604, 0.00239735, 0.00182694, -0.000164444, 0.00181066, 0.00150217, 0.000318926, 0.00124487, 0.000997112, 0.000649379, 0.000726492, 0.000396865, 0.000886303, 
0.0128257, 0.00239354, 0.000214405, 0.0124106, 0.00166565, 0.000164262, 0.0119953, 0.000937879, 0.000113649, 0.0115788, 0.000211051, 6.03384e-05, 0.0111573, -0.000512395, 3.04278e-07, 0.0107229, -0.00122696, -7.23539e-05, 0.0102621, -0.00192247, -0.000165321, 0.00976139, -0.00258475, -0.000288902, 0.00889028, -0.0035166, -0.00056721, 0.00826519, -0.00399062, -0.00081756, 0.00758233, -0.00432779, -0.00112674, 0.00686509, -0.00449141, -0.00149109, 0.00615376, -0.00445614, -0.00189679, 0.00549485, -0.00421003, -0.00231655, 0.00493325, -0.00376771, -0.0027158, 0.00449991, -0.00316164, -0.00305411, 0.0042045, -0.00243735, -0.00329406, 0.00403216, -0.00164564, -0.00340879, 0.00395083, -0.000831773, -0.00337719, 0.00391364, -3.58866e-05, -0.00318551, 0.00386488, 0.000705076, -0.0028361, 0.00373529, 0.00136646, -0.00236542, 0.00348254, 0.00188559, -0.00177833, 0.0031687, 0.00209786, -0.0010458, 0.00279498, 0.00198835, -0.00031762, 0.00225672, 0.00171321, 0.00024621, 0.00163943, 0.00131149, 0.000623001, 0.000981589, 0.000846166, 0.000812401, 0.00032917, 0.000344245, 0.000902036, 
0.0128462, 0.00240008, 0.000213668, 0.0124372, 0.00166873, 0.000163775, 0.0120266, 0.000938282, 0.000113808, 0.0116133, 0.000209553, 6.13074e-05, 0.0111947, -0.000515609, 1.66077e-06, 0.0107632, -0.00123193, -7.13294e-05, 0.0103063, -0.00192977, -0.000165647, 0.00980945, -0.00259458, -0.000291287, 0.00893615, -0.00352383, -0.000571413, 0.00830583, -0.00399096, -0.000821591, 0.00762368, -0.00432719, -0.00113336, 0.00691017, -0.0044954, -0.0015029, 0.0062026, -0.00446787, -0.00191571, 0.00554624, -0.00423502, -0.00234688, 0.00498436, -0.00379922, -0.00275286, 0.00455342, -0.00318518, -0.00307967, 0.00426129, -0.00245699, -0.0033117, 0.00408037, -0.00167237, -0.00345762, 0.00398687, -0.000859452, -0.0034781, 0.00395114, -5.36329e-05, -0.00333339, 0.00391908, 0.000702401, -0.00301579, 0.00384569, 0.00135459, -0.0025208, 0.00367669, 0.0018503, -0.00188536, 0.00337337, 0.0021417, -0.00117597, 0.00293145, 0.00218714, -0.000479875, 0.00238331, 0.00198447, 0.000104762, 0.00180309, 0.00156373, 0.000517938, 0.00125642, 0.000991922, 0.000761523, 0.000765209, 0.000340911, 0.000904731, 
0.0128705, 0.00240506, 0.00021339, 0.0124644, 0.00167203, 0.000164507, 0.0120581, 0.000939198, 0.000115018, 0.0116499, 0.000207586, 6.2471e-05, 0.0112356, -0.000520022, 2.65248e-06, 0.0108069, -0.00123799, -7.06237e-05, 0.0103505, -0.00193615, -0.000165259, 0.00985142, -0.00259924, -0.000291112, 0.00897582, -0.00352569, -0.000573292, 0.0083519, -0.00399863, -0.00082856, 0.00767382, -0.00433904, -0.00114464, 0.00696066, -0.00450598, -0.00151545, 0.00625264, -0.00447574, -0.00192728, 0.00559522, -0.00423822, -0.00235427, 0.00503263, -0.00380594, -0.00276301, 0.00459486, -0.00321343, -0.00311918, 0.00429256, -0.002502, -0.00338734, 0.00411518, -0.00171785, -0.00354003, 0.00403511, -0.000903409, -0.00355644, 0.0040142, -9.58679e-05, -0.00341859, 0.00400592, 0.000666787, -0.00311565, 0.00395504, 0.00135453, -0.00266822, 0.00379757, 0.00194961, -0.00212129, 0.00352789, 0.00234615, -0.00145033, 0.00321433, 0.00239531, -0.000687986, 0.00279563, 0.002178, -9.16414e-06, 0.00224607, 0.00181352, 0.000490376, 0.00163785, 0.00133694, 0.000787178, 0.000993637, 0.000829624, 0.000902162, 0.000367516, 0.000287809, 0.000917433, 
0.0128909, 0.0024101, 0.000214316, 0.0124905, 0.00167397, 0.000165226, 0.0120888, 0.000938558, 0.000115834, 0.0116834, 0.000205349, 6.37864e-05, 0.0112705, -0.000523107, 4.465e-06, 0.0108429, -0.00124171, -6.88514e-05, 0.0103884, -0.00194094, -0.000164595, 0.00989278, -0.00260614, -0.000292926, 0.00902037, -0.00353422, -0.000579624, 0.00839025, -0.00399919, -0.000834277, 0.0077094, -0.00433375, -0.00115066, 0.00699806, -0.00450152, -0.00152457, 0.00629266, -0.00447537, -0.00194116, 0.00563781, -0.00424797, -0.0023775, 0.00507532, -0.00382822, -0.00279922, 0.00463742, -0.00323581, -0.00315539, 0.00433939, -0.00251639, -0.0034065, 0.0041624, -0.00173221, -0.00355944, 0.00407217, -0.000920356, -0.00361191, 0.00404518, -0.00010639, -0.00352085, 0.00404185, 0.000673881, -0.00326658, 0.00401549, 0.00137546, -0.00283896, 0.00392585, 0.0019418, -0.00224796, 0.00372381, 0.00232622, -0.00154685, 0.00338826, 0.00248664, -0.000809574, 0.00292091, 0.0024027, -0.000132915, 0.00236592, 0.0020899, 0.000394853, 0.00179477, 0.00158971, 0.000724619, 0.00126876, 0.000968039, 0.000874463, 0.000803856, 0.000284184, 0.000919486, 
0.0129176, 0.00241354, 0.000215164, 0.0125188, 0.00167641, 0.00016716, 0.0121197, 0.000939578, 0.000118442, 0.0117182, 0.000204218, 6.6311e-05, 0.0113094, -0.000526477, 6.4322e-06, 0.0108844, -0.00124658, -6.75886e-05, 0.0104308, -0.00194625, -0.00016415, 0.00993349, -0.00261009, -0.000293132, 0.0090554, -0.00353253, -0.000580726, 0.00842812, -0.00399937, -0.000838943, 0.007752, -0.00433878, -0.00116026, 0.00704315, -0.00450909, -0.00153773, 0.00633831, -0.00448247, -0.00195524, 0.00568251, -0.00425119, -0.00238809, 0.00511886, -0.00382656, -0.00280333, 0.0046777, -0.00324271, -0.00316947, 0.00436922, -0.00254132, -0.00345643, 0.0041862, -0.00176437, -0.00363674, 0.00410448, -0.000951748, -0.00369112, 0.00409125, -0.000137289, -0.00360144, 0.00410718, 0.000644044, -0.00335093, 0.00410803, 0.00135466, -0.00293767, 0.00403817, 0.00197821, -0.00240441, 0.00384901, 0.00248598, -0.00178269, 0.00357063, 0.00272727, -0.00104364, 0.00324036, 0.00262992, -0.000292132, 0.0027843, 0.00231726, 0.000323222, 0.00223883, 0.0018624, 0.000748316, 0.00163309, 0.00133766, 0.000956506, 0.00100894, 0.000794627, 0.000993515, 0.000405833, 0.000230744, 0.000929129, 
0.0129388, 0.00241718, 0.000217497, 0.0125444, 0.00167773, 0.000169257, 0.0121494, 0.000938649, 0.0001203, 0.0117508, 0.00020176, 6.82059e-05, 0.0113429, -0.000529447, 8.60068e-06, 0.0109179, -0.00124957, -6.54449e-05, 0.0104645, -0.00194929, -0.000162821, 0.00996878, -0.00261388, -0.000293895, 0.00909548, -0.00353908, -0.000587118, 0.00846539, -0.00400153, -0.000846404, 0.00778519, -0.0043332, -0.00116717, 0.00707579, -0.00449977, -0.00154528, 0.00637247, -0.00447447, -0.00196543, 0.00571836, -0.00424854, -0.00240364, 0.00515518, -0.0038352, -0.00283074, 0.00471238, -0.00325978, -0.00320808, 0.00440529, -0.00255477, -0.00348753, 0.00422693, -0.001773, -0.00365092, 0.00414271, -0.000961275, -0.00371416, 0.00412114, -0.000143868, -0.00365991, 0.00413578, 0.000650798, -0.00345552, 0.00414437, 0.00138729, -0.00309046, 0.00411031, 0.00201332, -0.00255663, 0.00399357, 0.00247663, -0.00188441, 0.00375775, 0.00273576, -0.00113665, 0.00339165, 0.00276086, -0.000395929, 0.00290485, 0.00255483, 0.00024045, 0.00234812, 0.00214483, 0.000695532, 0.00178807, 0.00158354, 0.00093408, 0.00128966, 0.000924176, 0.000985552, 0.000839849, 0.000230919, 0.000931615, 1.34023e-05, 0.000179415, 0.00093671, 
