0.0040039, 0, 0, 0.00200195, 0, 0, 
0.0093091, -7.16292e-06, 7.31285e-06, 0.00730717, -2.01314e-06, 1.47535e-07, 0.00530521, 7.04409e-07, 2.43689e-06, 0.00330136, 4.01882e-06, 1.24114e-06, 0.00129749, 6.70005e-06, 4.59754e-06, 
0.0146144, -4.47781e-06, -2.65794e-06, 0.0126124, -4.79591e-06, -4.35356e-07, 0.0106105, -4.11723e-06, 4.55929e-06, 0.00860661, -2.5267e-06, 6.47831e-06, 0.00660275, 2.70391e-06, 9.37822e-06, 0.00459887, 3.26762e-06, 1.03961e-05, 0.00259501, -3.29295e-06, 1.33296e-05, 0.000591131, -1.51771e-06, 1.21789e-05, 
0.0199195, -2.56879e-05, 1.55247e-05, 0.0179176, -1.22687e-05, 3.87157e-06, 0.0159156, -2.29982e-06, 7.51178e-08, 0.0139118, 3.33244e-06, 3.62532e-06, 0.011908, 1.41391e-05, -5.02566e-06, 0.00990416, 1.09729e-05, -4.50729e-06, 0.00790032, 2.72771e-06, -7.34005e-06, 0.00589644, 3.55317e-06, -1.28349e-05, 0.00389254, 3.87333e-07, -9.37237e-06, 0.00188862, 1.08002e-06, -4.70031e-06, 
0.025225, 1.2502e-05, -7.81472e-06, 0.023223, 5.09794e-06, -3.71218e-06, 0.0212211, 1.54402e-06, -3.89265e-06, 0.0192172, -1.18858e-05, 2.94039e-06, 0.0172134, -1.34524e-05, 3.36882e-07, 0.0152095, -9.02987e-06, -1.14944e-05, 0.0132056, -8.75044e-06, -7.80735e-06, 0.0112016, -9.38237e-06, -6.25508e-06, 0.00919771, -9.79125e-06, -4.32176e-06, 0.00719386, 5.8714e-06, -6.60711e-07, 0.00519003, 2.03567e-05, 1.88622e-06, 0.00318617, 2.26792e-05, 3.49304e-06, 0.00118226, 1.47706e-05, 3.91384e-06, 
0.03053, -2.91608e-05, -2.3839e-05, 0.0285282, -6.08187e-06, -2.11225e-05, 0.0265263, 9.49075e-06, -8.12637e-06, 0.0245224, 1.15079e-05, -3.41628e-06, 0.0225185, 6.32181e-06, 1.26045e-06, 0.0205146, 2.60466e-06, 4.88784e-06, 0.0185107, -4.06193e-06, 1.52467e-07, 0.0165068, -1.04187e-05, -7.08619e-07, 0.0145029, -1.7957e-05, 1.83492e-06, 0.0124991, -1.67703e-05, 7.45825e-07, 0.0104952, -1.65426e-05, 1.50856e-06, 0.00849138, -2.43145e-05, 2.41923e-06, 0.0064875, -2.1665e-05, -2.66041e-07, 0.00448361, -1.71175e-05, 6.68988e-06, 0.00247981, -6.48975e-07, 3.90004e-06, 0.000475907, 5.63328e-06, 6.42362e-06, 
0.0358359, 1.40645e-05, -7.503e-06, 0.033834, 1.16125e-05, -1.36522e-05, 0.0318321, 9.18462e-06, -2.21369e-05, 0.0298283, -7.33381e-06, -1.83979e-05, 0.0278244, -2.06228e-05, -1.71023e-05, 0.0258205, -2.9413e-05, -8.51103e-06, 0.0238166, -2.42813e-05, -1.97238e-06, 0.0218126, -1.82287e-05, 4.9005e-06, 0.0198087, -1.569e-05, 1.24397e-05, 0.0178047, -1.11344e-05, 1.58206e-05, 0.0158008, -1.11038e-05, 1.93548e-05, 0.0137969, -5.97581e-06, 1.98785e-05, 0.0117929, -5.65739e-06, 1.87549e-05, 0.00978888, -1.09306e-05, 1.37483e-05, 0.00778499, -2.22073e-05, 9.75887e-06, 0.00578107, -2.74487e-05, 1.38613e-05, 0.00377721, -1.83784e-05, 1.07038e-05, 0.00177339, -1.67535e-06, 8.26102e-06, 
0.0411407, -1.2469e-05, -3.45304e-05, 0.0391388, -4.66299e-06, -2.5687e-05, 0.037137, 3.26088e-06, -2.33381e-05, 0.0351332, 8.36444e-06, -1.732e-05, 0.0331294, -2.63448e-06, -5.3013e-06, 0.0311256, -1.28625e-05, 5.1018e-06, 0.0291217, -2.20766e-05, 1.11605e-05, 0.0271178, -2.87965e-05, 1.02852e-05, 0.0251139, -3.62248e-05, 1.62705e-05, 0.02311, -3.74863e-05, 1.02219e-05, 0.0211062, -3.00611e-05, 8.47851e-06, 0.0191023, -2.25864e-05, 8.58632e-06, 0.0170984, -6.34926e-06, 9.37837e-06, 0.0150945, 1.95634e-06, 1.64159e-05, 0.0130905, 1.18448e-06, 2.19165e-05, 0.0110866, -2.0002e-06, 2.25604e-05, 0.00908269, -3.0954e-06, 2.2683e-05, 0.00707875, 5.53877e-06, 1.99674e-05, 0.00507486, 1.60654e-05, 1.57761e-05, 0.00307096, 1.7493e-05, 1.45904e-05, 0.00106704, 1.06664e-05, 1.10521e-05, 
0.0464465, -1.67917e-05, -2.93734e-05, 0.0444446, -5.28613e-06, -2.28713e-05, 0.0424425, -3.678e-06, -2.08938e-05, 0.0404386, -1.18206e-05, -1.70244e-05, 0.0384348, -1.97115e-05, -1.10434e-05, 0.036431, -2.39105e-05, -3.15793e-06, 0.0344271, -2.55912e-05, 4.69253e-06, 0.0324233, -2.63948e-05, 7.69905e-06, 0.0304194, -1.90092e-05, 6.84158e-06, 0.0284156, -9.10055e-06, 1.2638e-05, 0.0264117, -1.5236e-06, 1.05423e-05, 0.0244078, -7.25384e-06, 1.89163e-05, 0.0224038, -1.28569e-05, 2.71046e-05, 0.0203998, -9.10816e-06, 3.11147e-05, 0.0183959, -1.3321e-05, 3.01343e-05, 0.016392, -1.48553e-05, 2.18523e-05, 0.0143881, -3.19881e-06, 2.14713e-05, 0.0123843, 1.28755e-05, 1.46972e-05, 0.0103803, 2.05844e-05, 1.35507e-05, 0.00837643, 2.46589e-05, 1.69846e-05, 0.00637244, 2.48796e-05, 1.22698e-05, 0.00436849, 1.80958e-05, 9.35147e-06, 0.00236457, 1.33787e-05, 1.15423e-05, 0.000360683, 1.4118e-05, 1.35143e-05, 
0.0517523, -4.05931e-05, -2.92251e-05, 0.0497504, -2.71532e-05, -1.94955e-05, 0.0477485, -1.69996e-05, -1.39395e-05, 0.0457446, -1.18223e-05, -1.5271e-05, 0.0437407, -1.72819e-05, -1.38749e-05, 0.0417368, -2.31241e-05, -1.49977e-05, 0.0397329, -1.50979e-05, -5.61521e-06, 0.037729, -9.35144e-06, 8.24887e-06, 0.0357251, -1.34035e-05, 1.26818e-05, 0.0337211, -1.1269e-05, 1.63962e-05, 0.0317172, -5.02679e-06, 2.26469e-05, 0.0297133, 8.3637e-07, 2.00564e-05, 0.0277094, -3.41496e-06, 1.78378e-05, 0.0257054, -3.43282e-06, 2.7757e-05, 0.0237016, 3.52829e-06, 2.96106e-05, 0.0216976, 8.80724e-06, 2.78425e-05, 0.0196937, 1.21638e-05, 2.65861e-05, 0.0176898, 1.36653e-05, 1.90672e-05, 0.0156858, 1.26931e-05, 1.34222e-05, 0.0136819, 3.34227e-06, 8.67281e-06, 0.0116779, -6.59682e-06, 1.09669e-06, 0.00967402, -1.59825e-05, 9.11604e-07, 0.00767006, -1.62751e-05, 2.17841e-06, 0.00566608, -8.95143e-06, 4.50939e-06, 0.00366207, -4.96319e-06, 3.93313e-06, 0.00165817, 4.2416e-06, -2.93559e-07, 
0.0570571, -3.81043e-05, -3.109e-05, 0.0550551, -3.9932e-05, -2.28817e-05, 0.0530531, -3.65036e-05, -2.21907e-05, 0.0510492, -3.16599e-05, -1.35496e-05, 0.0490453, -2.67659e-05, -7.76684e-06, 0.0470414, -1.66277e-05, -1.1604e-06, 0.0450376, -1.17918e-05, 1.03506e-05, 0.0430338, -6.69382e-06, 1.5702e-05, 0.04103, 3.57418e-06, 1.11307e-05, 0.0390261, 1.1379e-05, 1.13367e-05, 0.0370221, 1.65782e-05, 1.9169e-05, 0.0350182, 1.16041e-05, 1.20757e-05, 0.0330142, 1.14041e-05, 1.21029e-05, 0.0310102, 1.5931e-05, 1.17158e-05, 0.0290063, 1.14738e-05, 1.2005e-05, 0.0270025, -2.11049e-06, 1.75409e-05, 0.0249987, -1.54766e-05, 2.08609e-05, 0.0229948, -2.03073e-05, 2.48783e-05, 0.0209909, -1.53569e-05, 2.07569e-05, 0.0189869, -1.57034e-05, 1.47733e-05, 0.016983, -1.76653e-05, 3.58018e-06, 0.0149791, -1.72761e-05, -2.2371e-06, 0.0129753, -1.90524e-05, 5.49918e-07, 0.0109714, -9.51855e-06, 9.29741e-07, 0.00896749, 1.66948e-06, 9.51918e-06, 0.00696353, 7.10905e-06, 9.00792e-06, 0.00495961, 1.62927e-05, 8.08914e-06, 0.00295568, 1.44675e-05, 5.78875e-06, 0.000951814, 1.49361e-05, 1.49939e-05, 
0.0623608, -7.49898e-05, -2.27686e-05, 0.0603589, -5.83338e-05, -1.92308e-05, 0.058357, -4.42983e-05, -1.4981e-05, 0.0563533, -3.20152e-05, -1.05118e-05, 0.0543495, -1.71955e-05, -4.75161e-06, 0.0523457, 1.4827e-06, -3.29045e-06, 0.0503418, 1.06356e-05, 2.98342e-07, 0.0483379, 6.36209e-06, 9.56731e-06, 0.0463341, 1.07422e-05, 1.23418e-05, 0.0443302, 1.16301e-05, 1.41642e-05, 0.0423265, 8.20407e-06, 9.76136e-06, 0.0403227, 6.20652e-06, 1.2642e-05, 0.0383188, -3.01345e-06, 1.48702e-05, 0.0363148, -5.7559e-06, 1.64331e-05, 0.034311, -6.74818e-06, 1.17291e-05, 0.0323072, -1.23803e-05, 9.04093e-07, 0.0303034, -1.60316e-05, 7.89314e-07, 0.0282995, -1.44193e-05, -2.75994e-06, 0.0262957, -1.24131e-05, -4.56616e-07, 0.0242919, -8.84496e-06, 8.55422e-06, 0.0222879, -5.12736e-06, 1.80413e-05, 0.0202841, -9.73763e-06, 2.21791e-05, 0.0182802, -9.58425e-06, 2.70029e-05, 0.0162763, -2.5867e-07, 2.58145e-05, 0.0142725, -5.94082e-06, 2.08729e-05, 0.0122686, -6.47763e-06, 1.48833e-05, 0.0102647, -3.15021e-06, 7.88694e-06, 0.00826091, 4.93524e-06, 9.42967e-06, 0.00625714, 6.12699e-06, 8.15636e-06, 0.00425319, 1.96852e-06, 1.60777e-06, 0.00224931, 3.5197e-06, -1.41762e-06, 0.000245459, 1.18028e-05, -4.52509e-06, 
0.0676675, -6.9151e-05, -1.92387e-05, 0.0656657, -4.78423e-05, -1.51467e-05, 0.0636639, -3.36142e-05, -5.49435e-06, 0.0616602, -2.66194e-05, -2.60066e-06, 0.0596563, -2.62265e-05, 3.51116e-06, 0.0576524, -1.18281e-05, 4.14689e-06, 0.0556486, -2.35544e-06, 4.86634e-06, 0.0536446, -5.99896e-06, 1.61299e-06, 0.0516407, -6.4773e-06, -2.91996e-06, 0.049637, -4.8531e-06, -1.11766e-05, 0.0476332, -6.51549e-07, -1.29617e-05, 0.0456294, 2.66286e-06, -1.81704e-06, 0.0436255, -4.78817e-06, 6.35871e-06, 0.0416216, -6.91624e-06, 6.81715e-06, 0.0396177, -5.31062e-06, 1.12088e-05, 0.0376139, -1.77055e-06, 1.70779e-05, 0.0356099, 4.79722e-07, 1.22814e-05, 0.033606, -5.43328e-07, 8.96888e-06, 0.0316021, -1.59415e-06, 9.11812e-06, 0.0295982, -6.52557e-06, 1.44681e-05, 0.0275941, -1.16579e-05, 1.76053e-05, 0.02559, -8.67812e-06, 2.11629e-05, 0.023586, -2.71526e-06, 1.86758e-05, 0.0215821, -4.80037e-06, 1.91855e-05, 0.0195781, -6.77891e-06, 1.44676e-05, 0.0175743, -1.39644e-05, 1.71791e-05, 0.0155704, -9.9107e-06, 1.81548e-05, 0.0135665, -6.47577e-06, 1.79168e-05, 0.0115626, -4.75762e-06, 1.95487e-05, 0.00955851, -5.27937e-06, 1.94467e-05, 0.00755458, 1.00638e-06, 1.93468e-05, 0.00555067, 5.55049e-06, 1.48412e-05, 0.00354684, 1.29737e-05, 3.96544e-06, 0.00154294, 8.54417e-06, -3.87572e-06, 
0.0729727, -1.60178e-05, 2.72133e-05, 0.0709708, -1.83669e-05, 1.08217e-05, 0.0689691, -2.88693e-05, -4.58621e-06, 0.0669655, -3.41687e-05, -1.37404e-05, 0.0649617, -3.92992e-05, -1.78566e-05, 0.0629579, -4.37362e-05, -8.64715e-06, 0.0609541, -3.77087e-05, -1.49599e-05, 0.0589501, -3.33381e-05, -1.33102e-05, 0.0569462, -2.45885e-05, -3.70628e-06, 0.0549422, -1.26511e-05, -3.38014e-07, 0.0529384, -4.11153e-06, -1.06107e-06, 0.0509346, -1.28499e-06, -3.3596e-06, 0.0489306, 1.62838e-06, 5.06033e-07, 0.0469267, 5.71856e-06, -6.55848e-07, 0.0449228, 1.27574e-05, 4.6438e-06, 0.0429188, 8.52482e-06, 1.36147e-05, 0.040915, 5.47034e-06, 8.12774e-06, 0.0389111, 6.91601e-06, 7.21917e-06, 0.0369073, 1.16347e-06, 1.85133e-05, 0.0349035, -1.36578e-05, 2.01427e-05, 0.0328995, -1.56289e-05, 2.34149e-05, 0.0308955, -6.84143e-06, 2.63558e-05, 0.0288916, -2.47726e-06, 2.23477e-05, 0.0268877, -1.36862e-06, 1.91465e-05, 0.0248838, -1.09987e-06, 1.87326e-05, 0.0228799, -3.36596e-06, 1.29517e-05, 0.020876, -8.515e-06, 2.01048e-05, 0.018872, -6.8525e-06, 2.2559e-05, 0.016868, -1.15864e-05, 2.92346e-05, 0.014864, -1.39671e-05, 3.24902e-05, 0.0128601, -2.37429e-05, 2.55529e-05, 0.0108561, -2.40393e-05, 1.69036e-05, 0.00885211, -1.70836e-05, 7.78379e-06, 0.00684814, -1.06167e-05, 4.05898e-06, 0.00484417, -9.31922e-06, 5.96513e-06, 0.00284029, -3.92703e-06, 5.51268e-06, 0.00083659, 6.75816e-06, 8.82358e-06, 
0.0782774, -1.24188e-05, 9.09848e-06, 0.0762755, -3.11839e-05, 6.38723e-06, 0.0742735, -3.22456e-05, 1.59672e-06, 0.0722697, -2.96225e-05, -4.3784e-06, 0.0702659, -2.79578e-05, -2.47236e-06, 0.0682622, -2.88762e-05, -3.64732e-07, 0.0662584, -2.56869e-05, -3.39205e-06, 0.0642546, -2.28302e-05, -1.72936e-05, 0.0622509, -2.93064e-05, -1.61173e-05, 0.0602471, -3.36863e-05, -1.60031e-05, 0.0582432, -3.13399e-05, -1.72501e-05, 0.0562392, -2.59116e-05, -9.41581e-06, 0.0542351, -1.9991e-05, -7.22397e-06, 0.0522311, -1.26957e-05, 9.23449e-07, 0.0502272, -7.78497e-06, 8.25753e-06, 0.0482234, 2.07516e-06, 1.17223e-05, 0.0462197, 1.11961e-05, 1.26576e-05, 0.044216, 1.60408e-05, 1.0342e-05, 0.0422121, 1.80366e-05, 1.21834e-05, 0.0402081, 2.51991e-05, 1.52855e-05, 0.0382042, 1.97028e-05, 2.0503e-05, 0.0362003, 9.60356e-06, 2.2809e-05, 0.0341965, -2.98421e-06, 2.90467e-05, 0.0321927, -1.33349e-05, 2.88269e-05, 0.0301888, -2.14687e-05, 2.70803e-05, 0.028185, -2.37236e-05, 3.30834e-05, 0.0261811, -2.21531e-05, 3.27125e-05, 0.0241771, -2.19414e-05, 2.72591e-05, 0.0221732, -2.00299e-05, 1.47424e-05, 0.0201693, -2.79934e-05, 1.21629e-05, 0.0181653, -2.77278e-05, 1.49112e-05, 0.0161613, -1.48556e-05, 1.4509e-05, 0.0141573, -1.09675e-05, 1.78128e-05, 0.0121534, -8.98328e-06, 1.89798e-05, 0.0101494, -6.05948e-06, 1.83723e-05, 0.00814555, -5.10536e-06, 1.31414e-05, 0.00614169, -4.24305e-06, 8.75838e-06, 0.00413787, -1.10659e-05, -4.99173e-07, 0.00213405, 3.13035e-06, -7.8659e-07, 0.000130235, 9.87477e-06, 4.36916e-06, 
0.0835844, -3.05441e-05, -1.29863e-06, 0.0815824, -3.14326e-05, 2.73154e-06, 0.0795803, -2.98132e-05, -2.79469e-06, 0.0775764, -2.85094e-05, 1.19341e-06, 0.0755727, -2.40249e-05, 5.96537e-07, 0.0735688, -2.41765e-05, -2.11581e-06, 0.071565, -3.18104e-05, -3.77144e-06, 0.0695611, -2.94691e-05, -7.08709e-06, 0.0675572, -3.46653e-05, -6.78931e-06, 0.0655533, -3.11814e-05, -6.90143e-06, 0.0635494, -2.4185e-05, -8.26015e-06, 0.0615454, -2.35499e-05, -9.98891e-06, 0.0595413, -1.96917e-05, -1.58617e-05, 0.0575374, -1.20617e-05, -1.59138e-05, 0.0555335, -1.04359e-05, -6.16018e-06, 0.0535296, -9.18808e-06, -1.43281e-06, 0.0515258, -7.47741e-07, 8.18994e-06, 0.049522, -5.40902e-07, 1.83322e-05, 0.0475181, -1.10214e-06, 1.92119e-05, 0.0455143, 1.35747e-06, 2.10989e-05, 0.0435104, 9.87071e-06, 1.63134e-05, 0.0415064, 6.40585e-06, 2.20021e-05, 0.0395025, 1.25181e-06, 2.80751e-05, 0.0374986, 6.74829e-06, 3.33124e-05, 0.0354946, 1.62634e-06, 2.86879e-05, 0.0334906, -9.16616e-06, 2.77819e-05, 0.0314867, -1.10786e-05, 2.87822e-05, 0.029483, -2.54555e-05, 2.49044e-05, 0.0274792, -2.90805e-05, 2.29276e-05, 0.0254753, -3.05172e-05, 2.00244e-05, 0.0234714, -3.13571e-05, 2.16882e-05, 0.0214675, -3.0474e-05, 2.13142e-05, 0.0194636, -2.42541e-05, 1.65824e-05, 0.0174597, -1.37517e-05, 1.6066e-05, 0.0154557, -4.8972e-06, 9.58034e-06, 0.0134517, -8.57906e-08, 9.74735e-06, 0.0114476, 1.56782e-06, 1.28334e-05, 0.00944357, 3.80896e-06, 1.11262e-05, 0.00743964, 3.52628e-06, 4.1675e-07, 0.00543568, 3.82735e-06, -7.88025e-07, 0.0034317, 7.11088e-06, -2.04365e-06, 0.00142772, 9.88877e-06, -2.83441e-06, 
0.0888886, -3.77187e-05, 2.02254e-06, 0.0868866, -3.02142e-05, 3.05338e-06, 0.0848846, -2.84877e-05, 1.78744e-06, 0.0828807, -3.19403e-05, -3.81594e-06, 0.0808769, -3.40201e-05, -1.05605e-05, 0.0788729, -3.75569e-05, -1.32899e-05, 0.0768691, -3.51526e-05, -1.06467e-05, 0.0748653, -3.44485e-05, -4.98346e-06, 0.0728616, -2.02666e-05, -2.18208e-06, 0.070858, -1.33117e-05, 2.28804e-06, 0.0688542, -1.15501e-05, 5.12666e-06, 0.0668503, -1.36674e-05, 1.33317e-06, 0.0648463, -1.5327e-05, -5.00659e-06, 0.0628423, -1.72186e-05, -3.87772e-06, 0.0608384, -1.73166e-05, -8.63383e-06, 0.0588346, -1.581e-05, -2.03344e-06, 0.0568307, -1.51701e-05, 3.44892e-06, 0.0548269, -1.33177e-05, -2.21398e-06, 0.0528231, -1.41794e-05, 1.09029e-05, 0.0508192, -1.62505e-05, 1.63961e-05, 0.0488153, -1.35744e-05, 1.59351e-05, 0.0468113, -1.16045e-05, 1.96725e-05, 0.0448073, -7.94357e-06, 2.0753e-05, 0.0428034, -8.80121e-06, 2.15141e-05, 0.0407995, -7.68975e-06, 2.74403e-05, 0.0387956, 8.88525e-07, 2.40969e-05, 0.0367918, -4.90603e-06, 3.13895e-05, 0.0347879, -3.43778e-06, 3.38594e-05, 0.0327841, -3.63624e-06, 3.16824e-05, 0.0307801, -4.20561e-06, 3.15743e-05, 0.0287761, -6.13556e-06, 2.26672e-05, 0.0267721, -1.1815e-05, 2.35165e-05, 0.0247681, -2.23302e-05, 2.07343e-05, 0.0227642, -2.33205e-05, 1.13938e-05, 0.0207602, -2.49003e-05, 6.32257e-06, 0.0187563, -2.24522e-05, 1.8008e-06, 0.0167523, -1.49329e-05, -1.18762e-06, 0.0147484, -5.24679e-06, 9.52292e-07, 0.0127446, 5.85539e-06, 4.63246e-06, 0.0107408, 6.16666e-06, 8.57985e-06, 0.00873695, 1.8386e-06, 1.70299e-05, 0.00673308, 1.32579e-05, 9.76954e-06, 0.00472911, 1.2683e-05, 6.89935e-06, 0.0027252, 8.96963e-06, 4.33943e-06, 0.000721366, 6.44809e-06, 2.22689e-06, 
0.0941953, -5.4894e-05, -2.34467e-05, 0.0921935, -4.61761e-05, -6.28341e-06, 0.0901915, -3.99215e-05, -4.37436e-06, 0.0881876, -2.64226e-05, 4.63547e-07, 0.0861836, -2.6174e-05, 6.05413e-06, 0.0841796, -2.14843e-05, 3.33566e-06, 0.0821756, -2.10135e-05, 1.92091e-06, 0.0801717, -1.98444e-05, -8.84526e-06, 0.0781678, -1.83683e-05, -1.42855e-05, 0.0761639, -2.13573e-05, -1.36926e-05, 0.0741601, -2.23772e-05, -6.22481e-06, 0.0721563, -1.74965e-05, 1.24059e-06, 0.0701524, -1.59974e-05, 8.40571e-06, 0.0681485, -2.17468e-05, 1.16859e-05, 0.0661446, -2.63777e-05, 1.07189e-05, 0.0641407, -2.23776e-05, 4.00167e-06, 0.0621368, -2.57821e-05, 2.52198e-06, 0.060133, -2.28517e-05, 2.27398e-06, 0.0581291, -1.76209e-05, 4.19856e-06, 0.0561251, -1.77121e-05, 8.62513e-06, 0.0541212, -2.05439e-05, 4.90486e-06, 0.0521172, -1.83569e-05, 5.36066e-06, 0.0501134, -2.06042e-05, 1.06741e-05, 0.0481095, -2.1118e-05, 2.03483e-05, 0.0461055, -1.57023e-05, 2.83622e-05, 0.0441015, -1.13415e-05, 3.44613e-05, 0.0420976, -4.44134e-06, 2.82882e-05, 0.0400936, 3.82345e-08, 2.49256e-05, 0.0380897, -3.03617e-06, 2.40985e-05, 0.0360859, -2.8566e-06, 1.49364e-05, 0.034082, 5.421e-06, 1.68531e-05, 0.032078, 4.56478e-06, 1.98404e-05, 0.0300741, 3.88623e-06, 2.50932e-05, 0.0280703, 2.57993e-06, 2.24381e-05, 0.0260663, -3.65587e-06, 1.83914e-05, 0.0240624, -5.43045e-06, 7.69589e-06, 0.0220584, -8.80933e-06, 1.00957e-05, 0.0200544, -1.28296e-05, 1.49283e-05, 0.0180505, -1.38101e-05, 1.82401e-05, 0.0160467, -2.35593e-05, 1.57692e-05, 0.0140429, -2.49546e-05, 6.37565e-06, 0.0120389, -2.48902e-05, 1.11942e-05, 0.0100349, -1.59139e-05, 5.08483e-06, 0.00803091, -1.15667e-05, 4.53651e-06, 0.00602697, -9.82723e-06, 9.20759e-06, 0.00402296, -5.70213e-06, 7.90662e-06, 0.00201886, 3.49476e-06, 1.1056e-05, 1.50115e-05, 5.34212e-06, 1.47998e-05, 
0.0994998, -4.92796e-05, -1.49573e-05, 0.0974978, -4.62073e-05, -6.43312e-06, 0.0954958, -3.914e-05, -7.05321e-06, 0.093492, -3.34256e-05, -6.25044e-06, 0.0914882, -2.70974e-05, -9.79506e-06, 0.0894844, -2.3538e-05, -1.14396e-05, 0.0874805, -2.27823e-05, -6.90643e-06, 0.0854766, -2.48897e-05, 3.50044e-06, 0.0834726, -2.04355e-05, 8.23232e-06, 0.0814686, -1.7702e-05, 1.11576e-05, 0.0794649, -2.14949e-05, 1.16821e-05, 0.0774612, -1.83674e-05, 6.03374e-06, 0.0754572, -1.82468e-05, -4.12329e-06, 0.0734531, -2.07439e-05, -5.59896e-06, 0.0714492, -2.68194e-05, -5.88425e-06, 0.0694452, -2.94695e-05, -3.86249e-07, 0.0674415, -2.99726e-05, 8.80253e-06, 0.0654377, -3.32708e-05, 1.27735e-05, 0.0634338, -3.08759e-05, 1.00574e-05, 0.0614301, -3.20618e-05, 1.33645e-05, 0.0594262, -2.11669e-05, 1.86605e-05, 0.0574223, -1.8563e-05, 1.84e-05, 0.0554184, -2.45761e-05, 2.1534e-05, 0.0534144, -2.16286e-05, 1.47029e-05, 0.0514104, -1.73112e-05, 3.32328e-06, 0.0494066, -1.27931e-05, -1.97969e-06, 0.0474027, -5.37353e-06, 2.64706e-06, 0.0453988, -3.1435e-06, 7.68596e-06, 0.0433949, 2.71411e-06, 1.44264e-05, 0.041391, 4.58877e-06, 2.28282e-05, 0.0393871, 2.64393e-06, 2.37789e-05, 0.0373833, -8.84915e-07, 3.05185e-05, 0.0353796, 5.98971e-06, 2.44052e-05, 0.0333757, 8.35489e-06, 3.0519e-05, 0.0313716, 1.15786e-05, 3.05033e-05, 0.0293676, 1.1049e-05, 2.78222e-05, 0.0273638, 1.32936e-06, 1.80227e-05, 0.02536, -1.27659e-05, 1.29698e-05, 0.0233562, -2.77783e-05, 1.67352e-05, 0.0213523, -2.93638e-05, 1.67719e-05, 0.0193484, -3.309e-05, 1.89416e-05, 0.0173444, -4.06704e-05, 1.8028e-05, 0.0153404, -4.15963e-05, 1.09182e-05, 0.0133365, -4.17519e-05, 1.02558e-05, 0.0113326, -3.37289e-05, 3.971e-07, 0.00932851, -2.1432e-05, -5.92245e-06, 0.00732445, -2.27428e-05, -2.30868e-06, 0.00532044, -1.13592e-05, -2.23555e-06, 0.00331643, -6.40452e-06, 6.01258e-06, 0.0013125, -1.62024e-06, 8.14626e-06, 
0.104805, -2.92941e-05, -5.95733e-06, 0.102803, -3.99632e-05, -1.75093e-05, 0.100801, -3.76565e-05, -1.50062e-05, 0.0987974, -3.33705e-05, -1.06409e-05, 0.0967936, -3.25928e-05, -2.68041e-06, 0.0947898, -3.28324e-05, 2.97144e-06, 0.0927858, -3.32493e-05, 3.66269e-07, 0.090782, -3.26127e-05, -4.37787e-07, 0.0887782, -2.47493e-05, -1.50206e-06, 0.0867744, -2.69341e-05, -3.42748e-06, 0.0847707, -2.24489e-05, -6.85855e-07, 0.0827669, -1.90657e-05, 9.41609e-07, 0.080763, -2.43279e-05, 9.16956e-06, 0.078759, -2.76036e-05, 1.78758e-05, 0.0767549, -2.50318e-05, 1.31435e-05, 0.074751, -3.24482e-05, 1.10476e-05, 0.072747, -3.3084e-05, 1.81626e-05, 0.0707431, -2.96427e-05, 1.76507e-05, 0.0687391, -2.79107e-05, 1.39642e-05, 0.0667352, -2.53513e-05, 3.34918e-06, 0.0647313, -2.76412e-05, -6.78136e-06, 0.0627273, -3.03192e-05, -5.31438e-06, 0.0607233, -2.84542e-05, -3.94025e-06, 0.0587194, -2.11717e-05, 5.23365e-06, 0.0567154, -1.79588e-05, 7.94398e-06, 0.0547116, -1.50353e-05, 1.81189e-05, 0.0527076, -7.33612e-06, 2.32241e-05, 0.0507038, 4.18119e-06, 1.45311e-05, 0.0487002, 8.19161e-06, 1.41656e-05, 0.0466965, 1.56727e-05, 1.08297e-05, 0.0446927, 1.20889e-05, 1.21071e-05, 0.0426888, 3.42727e-06, 1.17124e-05, 0.0406849, -5.39445e-06, 1.51842e-05, 0.038681, -8.19315e-06, 2.69111e-05, 0.036677, -1.1487e-05, 3.28141e-05, 0.034673, -1.31491e-05, 2.8564e-05, 0.0326691, -1.68217e-05, 3.15575e-05, 0.0306653, -1.43945e-05, 3.09942e-05, 0.0286612, -1.50864e-05, 3.09293e-05, 0.0266573, -1.93392e-05, 2.8075e-05, 0.0246533, -2.97483e-05, 2.3899e-05, 0.0226494, -3.40595e-05, 1.1948e-05, 0.0206454, -3.53961e-05, 3.25865e-06, 0.0186415, -3.70576e-05, 2.35834e-06, 0.0166376, -3.99911e-05, -2.33957e-08, 0.0146337, -4.29862e-05, -3.11652e-06, 0.0126299, -3.49496e-05, -5.31979e-06, 0.010626, -3.2558e-05, -3.18709e-06, 0.00862195, -2.76038e-05, 1.87107e-06, 0.00661796, -1.22766e-05, 1.1809e-06, 0.00461398, -4.26239e-07, 4.9507e-06, 0.00260997, -4.25787e-07, 1.20048e-05, 0.000606142, -2.04992e-06, 1.39916e-05, 
0.110113, -4.49105e-05, -8.74261e-06, 0.108111, -3.05103e-05, -1.0038e-05, 0.106109, -2.52192e-05, -1.41867e-05, 0.104105, -2.6547e-05, -1.49819e-05, 0.102101, -3.73136e-05, -1.34764e-05, 0.100097, -3.51231e-05, -1.49898e-05, 0.0980927, -3.27376e-05, -7.01481e-06, 0.0960887, -3.62864e-05, 3.0355e-06, 0.0940848, -3.97823e-05, 1.26795e-05, 0.0920808, -3.56892e-05, 1.25652e-05, 0.090077, -3.94125e-05, 8.38853e-06, 0.0880731, -3.51384e-05, 1.18491e-05, 0.0860691, -3.05055e-05, 1.50931e-05, 0.0840652, -3.17407e-05, 1.04376e-05, 0.0820613, -3.14146e-05, 6.211e-06, 0.0800574, -3.17863e-05, 1.06818e-05, 0.0780535, -3.20368e-05, 7.66279e-06, 0.0760495, -2.54031e-05, 3.19889e-06, 0.0740456, -3.24678e-05, 6.80535e-06, 0.0720417, -2.95786e-05, 1.73386e-06, 0.0700377, -2.02156e-05, 6.07704e-06, 0.0680339, -1.1309e-05, 9.36782e-06, 0.06603, -8.05796e-06, 6.35017e-06, 0.0640262, -1.20821e-05, 4.34726e-06, 0.0620223, -9.50825e-06, 4.23402e-06, 0.0600185, -7.5211e-06, 7.14338e-06, 0.0580147, -8.56549e-06, 7.11263e-06, 0.0560108, -1.42177e-05, 4.47387e-06, 0.0540068, -9.47584e-06, 7.59822e-06, 0.0520028, -5.60092e-06, 9.16524e-06, 0.0499988, -1.36205e-05, 2.08663e-05, 0.0479948, -8.00169e-06, 2.5022e-05, 0.0459907, -2.41188e-06, 2.55963e-05, 0.0439868, -5.5373e-06, 3.40296e-05, 0.0419828, -6.59243e-06, 3.50356e-05, 0.0399789, -1.81795e-05, 2.77185e-05, 0.037975, -2.33386e-05, 1.86809e-05, 0.035971, -2.75944e-05, 1.22582e-05, 0.0339672, -2.62117e-05, 1.334e-05, 0.0319632, -2.98575e-05, 1.37962e-05, 0.0299591, -3.22332e-05, 1.34524e-05, 0.0279551, -2.91307e-05, 1.77924e-05, 0.0259512, -2.52411e-05, 2.04458e-05, 0.0239474, -2.65652e-05, 2.13172e-05, 0.0219435, -2.84272e-05, 1.68556e-05, 0.0199394, -3.11259e-05, 5.50429e-06, 0.0179354, -3.3741e-05, 4.15259e-06, 0.0159316, -3.81324e-05, 8.16457e-06, 0.0139278, -3.8996e-05, 1.01355e-05, 0.0119239, -3.69376e-05, 1.44877e-05, 0.00991989, -2.74298e-05, 7.22865e-06, 0.00791585, -1.7532e-05, 5.70571e-06, 0.00591174, -8.55481e-06, 3.85349e-06, 0.00390767, -5.44351e-07, 1.69039e-06, 0.00190363, 8.85785e-06, 1.06105e-06, 
0.115416, -1.92103e-05, -3.88658e-05, 0.113414, -3.05331e-05, -2.15083e-05, 0.111412, -3.00097e-05, -1.51391e-05, 0.109408, -3.37415e-05, -2.82579e-06, 0.107405, -3.10914e-05, -8.64353e-07, 0.105401, -3.71134e-05, 3.6907e-06, 0.103397, -3.87278e-05, 1.95752e-06, 0.101393, -3.43521e-05, 3.92396e-06, 0.0993888, -4.03437e-05, 1.05532e-05, 0.097385, -4.99512e-05, 4.81903e-06, 0.0953812, -4.9709e-05, -1.82452e-06, 0.0933774, -4.51968e-05, 1.00511e-07, 0.0913734, -4.52915e-05, 5.86963e-06, 0.0893695, -4.13276e-05, 6.6281e-06, 0.0873656, -3.81642e-05, 5.12729e-06, 0.0853618, -3.75794e-05, 1.22668e-05, 0.0833579, -2.57403e-05, 1.3947e-05, 0.081354, -1.7625e-05, 1.03398e-05, 0.0793501, -1.19515e-05, 7.60555e-06, 0.0773462, -1.43306e-05, 4.60767e-06, 0.0753422, -1.76597e-05, 3.8367e-06, 0.0733383, -1.27256e-05, 2.89724e-06, 0.0713342, -1.15464e-05, 1.36819e-06, 0.0693302, -8.21811e-06, 1.08382e-06, 0.0673262, -1.13749e-06, 6.21911e-06, 0.0653223, -7.87116e-06, 1.07089e-05, 0.0633183, -9.61334e-06, 1.27929e-05, 0.0613143, -1.09274e-05, 1.74269e-05, 0.0593105, -1.77114e-05, 1.57964e-05, 0.0573066, -2.30501e-05, 1.88146e-05, 0.055303, -2.56367e-05, 1.7804e-05, 0.0532993, -2.84788e-05, 1.86499e-05, 0.0512955, -2.35122e-05, 1.79482e-05, 0.0492916, -2.28124e-05, 1.74978e-05, 0.0472877, -2.18375e-05, 9.79481e-06, 0.0452838, -2.10649e-05, 9.13658e-06, 0.0432798, -1.79962e-05, 1.31518e-05, 0.0412758, -1.51132e-05, 1.66416e-05, 0.039272, -1.88571e-05, 1.84112e-05, 0.0372681, -2.40673e-05, 1.86353e-05, 0.0352642, -3.32627e-05, 1.61412e-05, 0.0332604, -3.4027e-05, 2.26647e-05, 0.0312564, -3.32789e-05, 2.62525e-05, 0.0292525, -3.47581e-05, 2.6905e-05, 0.0272485, -3.34649e-05, 2.35989e-05, 0.0252446, -3.23365e-05, 2.27991e-05, 0.0232405, -3.07553e-05, 2.10127e-05, 0.0212365, -2.65455e-05, 1.24435e-05, 0.0192327, -3.30915e-05, 1.34344e-05, 0.0172287, -2.87792e-05, 1.29544e-05, 0.0152248, -2.42584e-05, 8.89383e-06, 0.0132209, -2.12948e-05, 4.58823e-06, 0.011217, -1.01767e-05, 1.11015e-06, 0.00921321, 3.8299e-06, -8.13324e-06, 0.00720928, -7.31095e-07, -6.10494e-06, 0.00520537, -8.87956e-06, -2.13975e-06, 0.00320132, -8.01117e-06, 8.64952e-06, 0.00119727, -1.93524e-06, 1.25451e-05, 
0.120722, -4.01348e-06, -1.11853e-05, 0.118721, -1.99634e-05, -1.62526e-05, 0.116719, -3.18587e-05, -1.68931e-05, 0.114715, -3.58081e-05, -1.29975e-05, 0.112711, -4.37165e-05, -7.31675e-06, 0.110707, -5.38767e-05, -4.50296e-06, 0.108703, -4.91068e-05, -2.14099e-06, 0.1067, -4.36876e-05, -3.79248e-06, 0.104696, -4.33152e-05, 3.74393e-06, 0.102692, -3.96247e-05, 5.65532e-06, 0.100688, -4.37729e-05, 1.13771e-05, 0.098684, -4.97549e-05, 1.81451e-05, 0.09668, -4.34483e-05, 1.17552e-05, 0.094676, -4.51564e-05, 5.49305e-06, 0.0926722, -3.99534e-05, -3.6791e-07, 0.0906683, -3.15682e-05, -2.57711e-06, 0.0886644, -2.21158e-05, -9.88618e-07, 0.0866605, -1.96439e-05, -1.17397e-06, 0.0846567, -1.66382e-05, -7.953e-07, 0.0826529, -1.09306e-05, 7.40514e-06, 0.0806488, -7.18631e-06, 9.69194e-06, 0.0786448, -8.61884e-06, 1.30591e-05, 0.0766409, -1.36024e-05, 1.42285e-05, 0.074637, -1.46385e-05, 2.00117e-05, 0.0726332, -1.60696e-05, 2.08847e-05, 0.0706293, -1.71093e-05, 1.69359e-05, 0.0686253, -2.06458e-05, 1.47106e-05, 0.0666215, -1.91577e-05, 1.11018e-05, 0.0646176, -1.6409e-05, 1.04856e-05, 0.0626136, -1.35078e-05, 1.00147e-05, 0.0606097, -2.11813e-05, 5.31509e-06, 0.0586058, -2.34799e-05, -7.85356e-07, 0.0566019, -2.82393e-05, 1.20951e-06, 0.0545979, -3.82038e-05, 5.42597e-06, 0.052594, -4.13146e-05, 1.19392e-05, 0.0505902, -2.92653e-05, 1.14391e-05, 0.0485863, -2.60843e-05, 1.89425e-05, 0.0465823, -2.86584e-05, 2.41342e-05, 0.0445782, -3.47679e-05, 2.53427e-05, 0.0425741, -2.99546e-05, 2.41342e-05, 0.0405701, -2.964e-05, 2.3347e-05, 0.0385662, -3.35695e-05, 2.72909e-05, 0.0365623, -3.02469e-05, 2.81912e-05, 0.0345583, -2.64076e-05, 1.4693e-05, 0.0325543, -2.33249e-05, 1.66233e-05, 0.0305503, -2.47526e-05, 2.51485e-05, 0.0285464, -2.28663e-05, 2.34791e-05, 0.0265426, -2.65257e-05, 2.06803e-05, 0.0245387, -2.69192e-05, 1.35269e-05, 0.0225348, -2.50563e-05, 4.50624e-06, 0.0205309, -2.49298e-05, 2.45196e-06, 0.0185268, -1.52794e-05, 7.48569e-06, 0.0165227, -7.69573e-06, 1.085e-05, 0.0145187, -7.50019e-06, 2.05525e-05, 0.0125147, -4.19546e-06, 1.8708e-05, 0.0105107, -5.35681e-06, 1.93234e-05, 0.00850653, -2.50812e-06, 2.02673e-05, 0.00650257, -3.17441e-06, 1.03474e-05, 0.00449874, -5.10184e-06, 5.32632e-06, 0.00249488, 1.09042e-05, 6.06839e-06, 0.000490918, 1.13438e-05, 4.50518e-06, 
0.126028, -3.1022e-05, -1.94674e-05, 0.124026, -3.082e-05, -1.50801e-05, 0.122024, -3.27076e-05, -9.26715e-06, 0.12002, -3.23598e-05, -3.26714e-06, 0.118017, -3.36736e-05, -2.65394e-06, 0.116013, -3.63323e-05, -3.90147e-06, 0.114009, -4.58101e-05, -3.58264e-06, 0.112005, -5.14896e-05, -5.87647e-06, 0.110001, -5.60314e-05, -7.64441e-06, 0.107997, -5.73117e-05, -2.01132e-06, 0.105993, -5.07361e-05, -3.35698e-06, 0.10399, -4.29489e-05, 7.84749e-07, 0.101986, -3.92122e-05, -1.24075e-06, 0.0999818, -2.47971e-05, -1.0492e-06, 0.097978, -1.70568e-05, 5.67537e-06, 0.0959741, -1.7349e-05, 5.06001e-06, 0.0939704, -3.02084e-05, 1.26416e-05, 0.0919665, -3.17979e-05, 1.0198e-05, 0.0899626, -3.45671e-05, 1.23958e-05, 0.0879587, -2.60654e-05, 1.63777e-05, 0.0859548, -1.93605e-05, 2.39749e-05, 0.0839508, -1.56166e-05, 2.06099e-05, 0.0819469, -1.21315e-05, 8.19753e-06, 0.079943, -2.08285e-05, 6.63898e-06, 0.0779391, -1.59983e-05, 9.08424e-06, 0.0759353, -1.18641e-05, 1.65289e-06, 0.0739313, -2.07856e-05, 5.64656e-06, 0.0719274, -2.30355e-05, 5.47353e-06, 0.0699234, -2.26899e-05, 7.10102e-06, 0.0679193, -2.45653e-05, 1.36814e-05, 0.0659152, -2.09524e-05, 1.24927e-05, 0.0639114, -2.55406e-05, 1.0278e-05, 0.0619076, -3.74982e-05, 8.44185e-06, 0.0599036, -3.91378e-05, 5.12617e-06, 0.0578994, -3.26628e-05, 9.57155e-06, 0.0558955, -3.8072e-05, 1.50308e-05, 0.0538916, -3.6256e-05, 1.34389e-05, 0.0518878, -3.7452e-05, 1.8741e-05, 0.0498838, -3.46044e-05, 2.58682e-05, 0.0478798, -4.07658e-05, 2.47454e-05, 0.0458757, -4.47916e-05, 2.05566e-05, 0.0438717, -3.37462e-05, 1.8531e-05, 0.0418677, -2.95132e-05, 1.39984e-05, 0.0398638, -3.08519e-05, 1.47577e-05, 0.03786, -2.13107e-05, 1.56793e-05, 0.035856, -1.46337e-05, 1.61483e-05, 0.0338521, -1.05208e-05, 2.17862e-05, 0.0318481, -9.22776e-06, 2.45522e-05, 0.0298442, -2.17717e-05, 2.37914e-05, 0.0278402, -2.02999e-05, 2.59797e-05, 0.0258362, -1.28227e-05, 2.70724e-05, 0.0238322, -1.29178e-05, 2.52441e-05, 0.0218283, -9.43611e-06, 2.27004e-05, 0.0198245, -1.27824e-05, 1.91259e-05, 0.0178205, -8.59529e-06, 2.40292e-05, 0.0158167, -1.3692e-05, 2.58612e-05, 0.0138127, -1.44507e-05, 1.52943e-05, 0.0118087, -8.69711e-06, 1.43871e-05, 0.00980468, -1.38756e-05, 1.47247e-05, 0.00780067, -1.12447e-05, 1.25791e-05, 0.00579662, -4.06449e-06, 8.27462e-06, 0.00379252, 3.4727e-06, 9.72969e-07, 0.0017884, 9.64028e-06, 3.11195e-06, 
0.131333, -3.41245e-05, -9.79562e-07, 0.129331, -4.14521e-05, -8.75147e-06, 0.127329, -4.6851e-05, -5.49013e-06, 0.125325, -4.91204e-05, -1.35383e-06, 0.123321, -4.12678e-05, -8.36968e-06, 0.121317, -3.3601e-05, -1.32761e-05, 0.119313, -3.4446e-05, -1.30731e-05, 0.11731, -3.67807e-05, -1.73726e-05, 0.115306, -4.00184e-05, -1.21529e-05, 0.113302, -3.64417e-05, -8.36017e-06, 0.111298, -3.24691e-05, -8.13067e-06, 0.109294, -4.00292e-05, -5.43663e-06, 0.10729, -3.52568e-05, 1.37783e-06, 0.105286, -3.02639e-05, 1.16542e-05, 0.103282, -3.5179e-05, 1.77467e-05, 0.101278, -4.05735e-05, 1.08684e-05, 0.0992742, -3.78261e-05, 1.01075e-05, 0.0972703, -3.78108e-05, 1.8431e-05, 0.0952664, -3.17285e-05, 1.26825e-05, 0.0932625, -2.58889e-05, 1.13901e-05, 0.0912586, -1.49349e-05, 1.21067e-05, 0.0892546, -1.2329e-05, 1.64621e-05, 0.0872507, -1.89945e-05, 1.16913e-05, 0.0852469, -2.16619e-05, 5.98987e-06, 0.083243, -2.80122e-05, 3.7816e-06, 0.0812391, -3.20257e-05, 2.95149e-06, 0.0792352, -2.97707e-05, 5.25053e-06, 0.0772313, -3.3006e-05, 3.89715e-06, 0.0752275, -2.79677e-05, 5.05439e-06, 0.0732237, -1.79743e-05, 8.99678e-06, 0.0712201, -2.09103e-05, 1.00878e-05, 0.0692162, -2.86635e-05, 2.0219e-05, 0.0672123, -3.29124e-05, 2.05944e-05, 0.0652083, -4.37919e-05, 1.96835e-05, 0.0632042, -4.43611e-05, 1.50959e-05, 0.0612002, -4.37612e-05, 9.52521e-06, 0.0591963, -4.25618e-05, 1.13085e-05, 0.0571924, -3.38265e-05, 1.36539e-05, 0.0551884, -3.83771e-05, 1.09056e-05, 0.0531845, -3.49199e-05, 4.59143e-06, 0.0511807, -3.49326e-05, 2.2796e-06, 0.0491768, -3.48864e-05, 1.13654e-05, 0.047173, -2.75794e-05, 1.83439e-05, 0.0451692, -3.33673e-05, 2.09871e-05, 0.0431653, -3.07332e-05, 2.52859e-05, 0.0411614, -1.60914e-05, 2.74737e-05, 0.0391575, -7.8414e-06, 2.64112e-05, 0.0371535, -1.38499e-05, 2.98907e-05, 0.0351495, -1.50571e-05, 3.05551e-05, 0.0331456, -8.51303e-06, 3.32305e-05, 0.0311416, -9.84749e-06, 3.61892e-05, 0.0291376, -1.08639e-05, 3.2316e-05, 0.0271336, -1.33651e-05, 3.30467e-05, 0.0251296, -1.11144e-05, 2.8559e-05, 0.0231256, -1.58299e-05, 2.79289e-05, 0.0211218, -1.4749e-05, 2.01453e-05, 0.0191178, -1.84961e-05, 1.36114e-05, 0.0171137, -1.81289e-05, 1.73325e-05, 0.0151098, -1.43426e-05, 1.89302e-05, 0.0131057, -1.50195e-05, 1.26029e-05, 0.0111016, -1.48546e-05, 1.09818e-05, 0.00909756, -1.18209e-05, 1.3778e-05, 0.0070936, -4.31239e-06, 1.34102e-05, 0.00508979, -4.35279e-06, 6.89839e-06, 0.00308595, 3.41746e-06, 8.78445e-06, 0.00108205, 9.43823e-06, 4.50592e-06, 
0.136639, -5.64322e-05, 1.32365e-05, 0.134637, -5.7764e-05, -4.34782e-06, 0.132635, -5.17464e-05, -9.51471e-06, 0.130631, -4.43949e-05, -1.33038e-05, 0.128628, -3.85052e-05, -2.02505e-05, 0.126624, -3.97614e-05, -1.63565e-05, 0.12462, -3.03999e-05, -1.07795e-05, 0.122616, -2.39378e-05, -7.00071e-06, 0.120612, -2.45535e-05, -7.97504e-06, 0.118608, -3.05014e-05, -9.38985e-06, 0.116604, -3.57254e-05, -9.82233e-07, 0.114601, -3.4748e-05, 6.39215e-06, 0.112597, -3.63552e-05, 3.29003e-06, 0.110593, -3.78976e-05, 4.2863e-06, 0.108589, -3.22534e-05, 5.10207e-06, 0.106585, -2.85052e-05, 7.45186e-06, 0.104581, -2.67463e-05, 1.14198e-05, 0.102577, -3.4512e-05, 1.14291e-05, 0.100573, -4.03615e-05, 5.29365e-06, 0.0985694, -3.79934e-05, -9.78448e-08, 0.0965654, -3.47168e-05, 4.79782e-06, 0.0945615, -3.1984e-05, 1.04049e-05, 0.0925576, -2.91854e-05, 7.79315e-06, 0.0905538, -2.79941e-05, 8.989e-06, 0.0885498, -2.78327e-05, 1.40627e-05, 0.0865459, -3.44736e-05, 1.74122e-05, 0.0845419, -3.77773e-05, 1.81084e-05, 0.082538, -2.66915e-05, 1.91027e-05, 0.0805342, -2.51879e-05, 1.36358e-05, 0.0785305, -3.10955e-05, 1.05374e-05, 0.0765267, -3.80431e-05, 7.79584e-06, 0.0745228, -3.7404e-05, 6.0971e-06, 0.0725188, -4.14515e-05, 7.15912e-06, 0.070515, -4.58264e-05, 3.11505e-06, 0.068511, -4.59254e-05, 6.96898e-06, 0.066507, -3.8419e-05, 9.13443e-06, 0.064503, -3.38887e-05, 1.45663e-05, 0.0624991, -2.93332e-05, 1.1328e-05, 0.0604952, -2.95109e-05, 4.70925e-06, 0.0584913, -3.15775e-05, 9.97448e-06, 0.0564872, -2.90412e-05, 1.30003e-05, 0.054483, -3.25267e-05, 1.4222e-05, 0.052479, -3.53436e-05, 2.32113e-05, 0.0504749, -2.67713e-05, 2.66024e-05, 0.048471, -2.39961e-05, 2.71486e-05, 0.0464669, -2.21286e-05, 2.39003e-05, 0.044463, -2.02999e-05, 2.91117e-05, 0.0424591, -1.50625e-05, 3.12049e-05, 0.0404553, -1.68233e-05, 3.07802e-05, 0.0384514, -1.45649e-05, 3.40606e-05, 0.0364474, -1.06204e-05, 3.14916e-05, 0.0344433, -1.93148e-05, 3.54133e-05, 0.0324392, -2.01601e-05, 3.42038e-05, 0.0304351, -1.96928e-05, 3.44502e-05, 0.028431, -1.38461e-05, 3.56256e-05, 0.0264271, -1.52663e-05, 2.82621e-05, 0.0244232, -1.03953e-05, 2.18391e-05, 0.0224192, -5.94601e-06, 2.0925e-05, 0.0204151, -8.5013e-06, 1.98953e-05, 0.0184111, -1.74175e-05, 2.63265e-05, 0.016407, -2.51403e-05, 2.39023e-05, 0.0144031, -2.66272e-05, 2.23114e-05, 0.0123992, -2.45453e-05, 1.96049e-05, 0.0103955, -9.15066e-06, 1.28064e-05, 0.00839168, -5.52273e-06, 9.07573e-06, 0.00638774, -5.79978e-06, 5.63276e-06, 0.00438384, 3.31094e-06, -4.05267e-06, 0.00237976, 6.47852e-06, 3.24293e-06, 0.000375694, 5.34041e-06, 8.25956e-06, 
0.141946, -5.29317e-05, -1.56976e-05, 0.139943, -5.5706e-05, -1.88676e-05, 0.137941, -5.74458e-05, -1.93854e-05, 0.135938, -5.06745e-05, -9.78229e-06, 0.133934, -5.09548e-05, -1.70144e-06, 0.13193, -4.31331e-05, 7.25991e-07, 0.129926, -3.14125e-05, 4.33417e-06, 0.127923, -2.52843e-05, 3.79568e-06, 0.125919, -2.90216e-05, 2.0903e-06, 0.123915, -3.02587e-05, 2.54181e-06, 0.121911, -3.18575e-05, -3.44919e-06, 0.119907, -2.47196e-05, -1.10548e-05, 0.117903, -2.41168e-05, -1.35489e-05, 0.115899, -2.6395e-05, -1.42051e-05, 0.113895, -2.45033e-05, -7.25209e-06, 0.111891, -2.62274e-05, 1.91937e-06, 0.109887, -3.04181e-05, 1.43423e-06, 0.107883, -3.13747e-05, 1.79966e-06, 0.105879, -4.2095e-05, 1.00436e-05, 0.103875, -4.14998e-05, 1.05294e-05, 0.101872, -4.77186e-05, 1.38249e-05, 0.0998677, -4.43646e-05, 1.2377e-05, 0.0978638, -3.62351e-05, 1.19097e-05, 0.0958598, -3.75543e-05, 1.06318e-05, 0.0938557, -3.48508e-05, 1.61218e-05, 0.0918519, -3.52727e-05, 1.60064e-05, 0.0898479, -4.45977e-05, 1.43798e-05, 0.0878439, -4.84851e-05, 1.61898e-05, 0.08584, -4.29204e-05, 1.90406e-05, 0.0838361, -4.67937e-05, 1.29179e-05, 0.0818321, -4.61222e-05, 4.15791e-06, 0.079828, -3.95871e-05, 4.61998e-07, 0.0778241, -2.66394e-05, 5.01486e-06, 0.0758203, -2.38311e-05, 5.69416e-06, 0.0738162, -3.3817e-05, 4.41899e-06, 0.0718121, -3.82999e-05, 4.32023e-06, 0.0698082, -3.61241e-05, 4.99412e-06, 0.0678043, -3.66639e-05, 8.32751e-06, 0.0658003, -3.40481e-05, 1.34324e-05, 0.0637964, -3.34013e-05, 2.16012e-05, 0.0617925, -2.68969e-05, 1.52464e-05, 0.0597884, -2.22507e-05, 1.84338e-05, 0.0577846, -2.10619e-05, 2.61929e-05, 0.0557809, -2.31024e-05, 2.82634e-05, 0.053777, -2.28152e-05, 2.9494e-05, 0.0517732, -2.44097e-05, 2.61041e-05, 0.0497694, -2.97503e-05, 3.19451e-05, 0.0477655, -3.24685e-05, 3.25086e-05, 0.0457616, -1.98757e-05, 2.22332e-05, 0.0437577, -1.61019e-05, 2.48985e-05, 0.0417537, -2.29734e-05, 2.77814e-05, 0.0397497, -2.48698e-05, 3.13889e-05, 0.0377455, -1.94072e-05, 3.80457e-05, 0.0357414, -1.05578e-05, 3.95325e-05, 0.0337374, -1.60769e-05, 4.06055e-05, 0.0317334, -1.80708e-05, 3.93374e-05, 0.0297295, -2.00081e-05, 3.68514e-05, 0.0277255, -2.27596e-05, 3.33135e-05, 0.0257214, -1.96181e-05, 2.91863e-05, 0.0237174, -1.50516e-05, 2.92924e-05, 0.0217133, -1.36104e-05, 2.86231e-05, 0.0197092, -9.58392e-06, 2.10415e-05, 0.0177049, -1.09189e-05, 1.91524e-05, 0.0157009, -1.92967e-05, 1.90441e-05, 0.013697, -1.83573e-05, 1.16652e-05, 0.0116931, -1.94755e-05, 4.7765e-06, 0.00968906, -1.93337e-05, 1.21747e-05, 0.00768508, -1.55661e-05, 1.94945e-05, 0.0056812, -4.56444e-06, 2.14681e-05, 0.0036773, 6.86122e-06, 2.04038e-05, 0.00167318, 1.39867e-05, 1.34278e-05, 
0.14725, -5.85545e-05, -2.55766e-05, 0.145248, -5.41044e-05, -1.52242e-05, 0.143246, -5.36897e-05, -1.27409e-05, 0.141242, -5.85296e-05, -1.09683e-05, 0.139238, -5.07193e-05, -2.56509e-06, 0.137234, -4.38355e-05, -2.01247e-07, 0.13523, -3.77216e-05, -3.01804e-06, 0.133226, -2.97256e-05, -3.97799e-06, 0.131222, -2.81267e-05, -3.11942e-06, 0.129218, -3.01846e-05, -2.42966e-06, 0.127214, -2.73805e-05, 1.42293e-06, 0.125211, -3.12371e-05, -6.17149e-07, 0.123207, -3.14678e-05, -1.2187e-06, 0.121203, -2.64848e-05, -4.40449e-06, 0.119199, -2.3619e-05, -5.33914e-06, 0.117195, -2.22034e-05, -5.02634e-06, 0.115191, -2.16389e-05, -5.40275e-06, 0.113187, -2.40543e-05, -4.61039e-06, 0.111184, -2.64895e-05, -4.25835e-06, 0.10918, -4.26267e-05, 1.70037e-06, 0.107176, -4.63111e-05, 6.14175e-06, 0.105172, -5.09006e-05, 1.98751e-05, 0.103168, -5.5173e-05, 2.15387e-05, 0.101164, -5.11014e-05, 1.63059e-05, 0.0991606, -4.8604e-05, 1.65472e-05, 0.0971568, -5.12279e-05, 1.75133e-05, 0.095153, -5.16758e-05, 1.0322e-05, 0.093149, -4.99449e-05, 2.57903e-06, 0.091145, -5.37594e-05, 5.03798e-07, 0.0891411, -5.21032e-05, 6.85255e-06, 0.0871373, -4.81077e-05, 8.17549e-06, 0.0851334, -3.69666e-05, 1.06647e-05, 0.0831295, -2.55971e-05, 9.81674e-06, 0.0811257, -2.60857e-05, 9.13134e-06, 0.0791217, -2.86935e-05, 8.80121e-06, 0.0771177, -3.50227e-05, 1.05095e-05, 0.0751136, -3.75908e-05, 1.40617e-05, 0.0731096, -3.32547e-05, 1.72402e-05, 0.0711056, -2.6881e-05, 2.10818e-05, 0.0691016, -2.32807e-05, 1.62371e-05, 0.0670976, -2.16326e-05, 1.23303e-05, 0.0650935, -2.34681e-05, 1.56653e-05, 0.0630895, -2.71006e-05, 1.90649e-05, 0.0610854, -2.47157e-05, 1.42564e-05, 0.0590813, -3.06973e-05, 1.9145e-05, 0.0570773, -2.98221e-05, 3.6441e-05, 0.0550733, -2.55146e-05, 3.55367e-05, 0.0530695, -2.84488e-05, 2.86208e-05, 0.0510656, -2.52725e-05, 2.78545e-05, 0.0490617, -2.37862e-05, 3.46882e-05, 0.0470578, -2.64453e-05, 4.19724e-05, 0.0450539, -2.57859e-05, 3.88219e-05, 0.04305, -2.59759e-05, 3.797e-05, 0.0410461, -1.62582e-05, 3.85048e-05, 0.039042, -1.32204e-05, 3.8773e-05, 0.037038, -2.26266e-05, 2.8204e-05, 0.0350339, -2.92181e-05, 2.63384e-05, 0.03303, -3.08349e-05, 2.79006e-05, 0.0310262, -2.30222e-05, 3.02092e-05, 0.0290224, -1.9047e-05, 4.04482e-05, 0.0270185, -1.59745e-05, 4.33548e-05, 0.0250146, -1.62125e-05, 4.17145e-05, 0.0230107, -1.85728e-05, 3.83692e-05, 0.0210068, -1.49246e-05, 3.11966e-05, 0.0190027, -1.84732e-05, 3.09827e-05, 0.0169986, -1.51337e-05, 2.011e-05, 0.0149947, -1.20197e-05, 1.35466e-05, 0.0129908, -1.38141e-05, 1.14261e-05, 0.0109868, -7.94847e-06, 6.03561e-06, 0.00898281, -1.47988e-06, 1.58571e-06, 0.00697879, 5.39556e-06, -4.14383e-06, 0.00497467, 6.23026e-06, -6.52834e-06, 0.00297074, 5.08668e-06, -7.40743e-06, 0.000966825, 1.19396e-05, 1.33741e-06, 
0.152555, -6.08935e-05, -9.34497e-06, 0.150553, -5.84381e-05, -9.82024e-06, 0.148552, -5.12421e-05, -9.49689e-06, 0.146548, -5.05603e-05, -9.2019e-06, 0.144544, -5.14204e-05, -6.48034e-06, 0.14254, -4.58843e-05, -1.17712e-05, 0.140536, -4.126e-05, -1.75237e-05, 0.138532, -3.97722e-05, -1.16624e-05, 0.136528, -3.37936e-05, -1.0649e-05, 0.134525, -2.54465e-05, -7.64143e-06, 0.132521, -2.14339e-05, -6.97566e-06, 0.130517, -3.1762e-05, 4.17932e-07, 0.128513, -3.30149e-05, 3.62631e-06, 0.126509, -3.19857e-05, 8.51487e-06, 0.124505, -3.04282e-05, 8.57434e-06, 0.122501, -2.35519e-05, 6.51247e-06, 0.120498, -2.38474e-05, 1.00637e-05, 0.118494, -2.78279e-05, 4.14726e-06, 0.11649, -3.35769e-05, -3.70134e-06, 0.114486, -4.16246e-05, -3.52572e-07, 0.112482, -4.89731e-05, 1.5987e-06, 0.110478, -5.32048e-05, 1.90722e-08, 0.108474, -4.87239e-05, 3.96512e-07, 0.10647, -4.52513e-05, 1.57049e-06, 0.104466, -5.26815e-05, 1.77716e-06, 0.102462, -5.34007e-05, -1.32063e-06, 0.100458, -5.3609e-05, 3.72282e-07, 0.0984537, -5.83349e-05, 8.96552e-06, 0.0964497, -5.59123e-05, 1.68414e-05, 0.0944458, -5.69924e-05, 2.16669e-05, 0.0924421, -4.85709e-05, 2.41917e-05, 0.0904382, -3.96584e-05, 2.04679e-05, 0.0884344, -4.38412e-05, 1.52083e-05, 0.0864305, -3.90312e-05, 8.87163e-06, 0.0844266, -3.76731e-05, 3.56691e-06, 0.0824226, -2.98708e-05, 6.39348e-06, 0.0804187, -2.37762e-05, 1.36372e-05, 0.0784147, -2.20155e-05, 1.88102e-05, 0.0764108, -1.75357e-05, 1.77623e-05, 0.074407, -1.74343e-05, 1.53876e-05, 0.0724032, -2.98176e-05, 1.52336e-05, 0.0703992, -3.07908e-05, 1.55913e-05, 0.0683954, -2.97938e-05, 2.24266e-05, 0.0663915, -3.2001e-05, 2.66448e-05, 0.0643877, -2.96478e-05, 2.63523e-05, 0.0623837, -2.80301e-05, 2.67736e-05, 0.0603799, -2.45404e-05, 3.23972e-05, 0.0583762, -1.94863e-05, 3.18429e-05, 0.0563724, -2.00634e-05, 3.12089e-05, 0.0543685, -2.61327e-05, 2.84077e-05, 0.0523644, -2.82096e-05, 2.67225e-05, 0.0503604, -3.41307e-05, 3.19042e-05, 0.0483565, -3.78271e-05, 3.68005e-05, 0.0463525, -3.46186e-05, 4.2231e-05, 0.0443486, -3.20432e-05, 3.9982e-05, 0.0423446, -2.43303e-05, 4.00729e-05, 0.0403405, -1.72371e-05, 4.24811e-05, 0.0383365, -2.02299e-05, 4.6873e-05, 0.0363326, -2.18804e-05, 4.75513e-05, 0.0343284, -2.84391e-05, 4.74539e-05, 0.0323243, -3.30849e-05, 4.07145e-05, 0.0303202, -3.22776e-05, 3.5053e-05, 0.0283163, -2.55584e-05, 2.80974e-05, 0.0263123, -1.10446e-05, 2.39464e-05, 0.0243083, -6.19796e-06, 2.14805e-05, 0.0223044, -4.37789e-06, 2.17072e-05, 0.0203005, -1.56543e-06, 2.19009e-05, 0.0182966, -2.60495e-06, 2.26559e-05, 0.0162928, -8.37057e-06, 1.49464e-05, 0.0142888, -1.0705e-05, 9.07977e-06, 0.0122845, -9.23462e-06, 1.09435e-05, 0.0102803, -6.85077e-06, 1.26363e-05, 0.00827624, -6.76622e-06, 6.01774e-06, 0.0062723, -3.84793e-06, -5.03094e-06, 0.00426831, 6.09531e-07, 6.39042e-07, 0.00226431, 1.02471e-05, 2.5085e-06, 0.000260471, 9.7839e-06, 6.34553e-06, 
