0.00402685, 0, 0, 0.00201342, 0, 0, 
0.00476949, 3.24665e-07, -4.09289e-07, 0.00275804, -2.9236e-07, 3.68564e-07, 0.00075, -4.97497e-06, 6.27171e-06, 
0.00551876, 1.16604e-06, -1.46997e-06, 0.00350729, -9.67449e-07, 1.21962e-06, 0.0015, -4.97497e-06, 6.27171e-06, 
0.00627661, 2.2351e-06, -2.81779e-06, 0.00426288, -1.73293e-06, 2.15552e-06, 0.00224902, -4.93301e-06, 6.27277e-06, 0.000222973, -1.13392e-06, 1.11748e-05, 
0.00701647, 3.15713e-06, -4.01698e-06, 0.00500452, -2.5789e-06, 2.7705e-06, 0.00299534, -4.32315e-06, 6.34573e-06, 0.000972972, -1.13392e-06, 1.11748e-05, 
0.0077566, 3.62148e-06, -4.87533e-06, 0.00574435, -3.09942e-06, 2.75272e-06, 0.00373749, -3.46851e-06, 6.64854e-06, 0.00172297, -1.13392e-06, 1.11748e-05, 
0.00850849, 3.43034e-06, -5.4154e-06, 0.00649809, -2.91899e-06, 2.09792e-06, 0.00448933, -2.90662e-06, 7.21373e-06, 0.00246237, -1.03483e-06, 1.09604e-05, 0.000445945, 6.70019e-06, 4.59746e-06, 
0.00926126, 2.61193e-06, -5.80006e-06, 0.00724599, -2.05532e-06, 1.18863e-06, 0.00523482, -2.92375e-06, 8.16765e-06, 0.00321553, -6.3063e-07, 9.93052e-06, 0.00119594, 6.70019e-06, 4.59746e-06, 
0.0100044, 1.45721e-06, -6.28386e-06, 0.00799228, -9.3449e-07, 5.15157e-07, 0.00598359, -3.15352e-06, 8.78455e-06, 0.00396683, -6.40418e-08, 8.62988e-06, 0.00194594, 6.70019e-06, 4.59746e-06, 
0.0107524, 4.58145e-07, -7.08108e-06, 0.00874327, -1.81462e-07, 3.99319e-07, 0.00672991, -3.03573e-06, 8.49457e-06, 0.00470012, 7.05297e-07, 7.29511e-06, 0.00267768, 6.13442e-06, 5.17937e-06, 0.000668918, 2.00583e-06, 1.29192e-05, 
0.0114907, -1.76041e-07, -8.01091e-06, 0.00947673, -1.4648e-07, 8.1071e-07, 0.00746575, -2.09874e-06, 7.04474e-06, 0.00545239, 1.63099e-06, 5.98816e-06, 0.00343964, 4.59294e-06, 6.5872e-06, 0.00141892, 2.00583e-06, 1.29192e-05, 
0.0122284, -5.14588e-07, -8.73304e-06, 0.0102192, -6.78125e-07, 1.13516e-06, 0.0082166, -5.12161e-07, 4.93358e-06, 0.00619693, 2.33246e-06, 5.05066e-06, 0.0041783, 2.70387e-06, 8.2634e-06, 0.00216662, 2.03038e-06, 1.29025e-05, 0.00014189, 1.14568e-05, 9.9321e-06, 
0.0129897, -8.68833e-07, -8.95882e-06, 0.0109733, -1.27053e-06, 7.60951e-07, 0.00895915, 1.28383e-06, 2.79368e-06, 0.00693168, 2.59446e-06, 4.61369e-06, 0.00490751, 6.44279e-07, 9.9536e-06, 0.00289861, 2.62297e-06, 1.23997e-05, 0.00089189, 1.14568e-05, 9.9321e-06, 
0.0137252, -1.56193e-06, -8.3045e-06, 0.0117101, -1.37038e-06, -6.49165e-07, 0.00969827, 2.72965e-06, 1.03189e-06, 0.00768455, 2.30782e-06, 4.69092e-06, 0.00567049, -1.11466e-06, 1.11735e-05, 0.00364984, 3.26079e-06, 1.17391e-05, 0.00164189, 1.14568e-05, 9.9321e-06, 
0.0144555, -2.68886e-06, -7.11853e-06, 0.0124535, -7.76356e-07, -2.89594e-06, 0.0104526, 3.47042e-06, -2.69193e-07, 0.00843366, 1.59056e-06, 5.17207e-06, 0.00642325, -2.09462e-06, 1.16651e-05, 0.00440796, 3.65646e-06, 1.12997e-05, 0.00238633, 1.11354e-05, 9.99619e-06, 0.000364863, -1.51784e-06, 1.21789e-05, 
0.0152303, -4.08334e-06, -6.04994e-06, 0.0132155, 2.84579e-07, -5.39136e-06, 0.0112001, 3.50766e-06, -1.24561e-06, 0.00917218, 6.22884e-07, 5.83676e-06, 0.00714753, -2.11601e-06, 1.14566e-05, 0.00513011, 4.60667e-06, 1.10573e-05, 0.00311829, 9.03848e-06, 1.04033e-05, 0.00111486, -1.51784e-06, 1.21789e-05, 
0.0159786, -5.25361e-06, -5.53093e-06, 0.0139569, 1.41322e-06, -7.42523e-06, 0.0119395, 2.82192e-06, -1.99546e-06, 0.00991794, -3.60479e-07, 6.26266e-06, 0.00789265, -1.07914e-06, 1.06597e-05, 0.00587773, 5.45867e-06, 1.1048e-05, 0.00387044, 6.31266e-06, 1.09514e-05, 0.00186486, -1.51784e-06, 1.21789e-05, 
0.0166872, -5.67706e-06, -5.98692e-06, 0.0146826, 1.97862e-06, -8.5262e-06, 0.0126858, 1.8008e-06, -2.726e-06, 0.0106721, -1.08937e-06, 6.1136e-06, 0.00865895, 6.89752e-07, 9.72131e-06, 0.0066458, 5.73556e-06, 1.1167e-05, 0.0046215, 3.35586e-06, 1.17114e-05, 0.00259277, -8.84756e-07, 1.19227e-05, 0.000587835, 9.21003e-06, 5.2707e-06, 
0.0174488, -5.42405e-06, -7.36421e-06, 0.0154387, 1.73042e-06, -8.93828e-06, 0.0134267, 8.58292e-07, -3.49317e-06, 0.0114043, -1.36541e-06, 5.39445e-06, 0.00938898, 2.72788e-06, 9.03223e-06, 0.00736942, 5.14114e-06, 1.13574e-05, 0.00536334, 1.33429e-07, 1.28346e-05, 0.00335546, 9.50118e-07, 1.12367e-05, 0.00133784, 9.21003e-06, 5.2707e-06, 
0.0182074, -4.34021e-06, -9.48162e-06, 0.0161898, 5.44987e-07, -8.72849e-06, 0.0141688, 6.1676e-09, -4.10161e-06, 0.012142, -7.98874e-07, 3.91414e-06, 0.0101235, 4.42837e-06, 8.5655e-06, 0.00810206, 3.74996e-06, 1.17006e-05, 0.00608983, -2.34307e-06, 1.39584e-05, 0.00408783, 2.81013e-06, 1.05053e-05, 0.00208717, 9.20518e-06, 5.2679e-06, 6.08082e-05, 1.0799e-06, -4.70031e-06, 
0.018923, -2.67362e-06, -1.19211e-05, 0.016916, -1.28598e-06, -8.25052e-06, 0.0149176, -8.22814e-07, -4.4282e-06, 0.0128949, 7.34941e-07, 1.86327e-06, 0.0108685, 5.24291e-06, 8.13417e-06, 0.00885731, 1.81033e-06, 1.22936e-05, 0.00683621, -3.54121e-06, 1.47879e-05, 0.00480678, 4.29648e-06, 1.03391e-05, 0.00280163, 8.57122e-06, 5.08219e-06, 0.000810808, 1.0799e-06, -4.70031e-06, 
0.0196745, -1.09285e-06, -1.43252e-05, 0.0176543, -3.15626e-06, -8.05965e-06, 0.0156403, -1.59343e-06, -4.54594e-06, 0.0136273, 2.82736e-06, -1.34603e-07, 0.0116089, 5.08205e-06, 7.53535e-06, 0.00958859, -4.01701e-07, 1.31665e-05, 0.00757835, -3.0167e-06, 1.50539e-05, 0.00558019, 5.01962e-06, 1.10879e-05, 0.00357117, 7.69137e-06, 5.14288e-06, 0.00156081, 1.0799e-06, -4.70031e-06, 
0.0204044, -8.78144e-08, -1.62595e-05, 0.0183948, -4.58918e-06, -8.40584e-06, 0.0163809, -2.13633e-06, -4.72645e-06, 0.0143556, 4.70428e-06, -1.67834e-06, 0.0123456, 4.23413e-06, 6.66881e-06, 0.0103397, -2.28946e-06, 1.40471e-05, 0.00833249, -1.7021e-06, 1.53003e-05, 0.00632894, 5.18738e-06, 1.23425e-05, 0.00431449, 6.64643e-06, 5.10262e-06, 0.00230262, 1.11788e-06, -4.56154e-06, 0.000283781, -3.17194e-06, 2.28904e-06, 
0.0211281, 4.29015e-10, -1.7636e-05, 0.0191276, -5.27486e-06, -9.32475e-06, 0.0171322, -2.27155e-06, -5.12816e-06, 0.0151158, 5.73985e-06, -2.71674e-06, 0.0130999, 3.09292e-06, 5.62159e-06, 0.0110841, -3.45415e-06, 1.46649e-05, 0.00906277, -2.79046e-07, 1.59383e-05, 0.00703857, 4.96535e-06, 1.36144e-05, 0.00502554, 5.45299e-06, 4.40158e-06, 0.00303011, 1.63178e-06, -3.21989e-06, 0.00103378, -3.17194e-06, 2.28904e-06, 
0.0219137, -7.18977e-07, -1.88092e-05, 0.0198886, -5.33836e-06, -1.07051e-05, 0.0178663, -1.90294e-06, -5.81829e-06, 0.0158491, 5.60777e-06, -3.12357e-06, 0.0138256, 1.81146e-06, 4.75725e-06, 0.011798, -3.41523e-06, 1.45976e-05, 0.00978525, 8.35093e-07, 1.70787e-05, 0.0077826, 4.37828e-06, 1.45446e-05, 0.00578323, 4.52948e-06, 3.81317e-06, 0.00377684, 2.50931e-06, -1.52541e-06, 0.00178378, -3.17194e-06, 2.28904e-06, 
0.0226428, -2.39964e-06, -1.94587e-05, 0.0206308, -4.54142e-06, -1.23621e-05, 0.0186168, -1.04551e-06, -6.96908e-06, 0.0165788, 3.98888e-06, -3.00563e-06, 0.0145501, 6.87326e-07, 4.11144e-06, 0.0125441, -2.3234e-06, 1.38045e-05, 0.0105424, 1.28738e-06, 1.87368e-05, 0.00853465, 3.76764e-06, 1.5122e-05, 0.0065357, 4.06838e-06, 3.63763e-06, 0.00452702, 3.29815e-06, 1.38538e-07, 0.00251109, -2.95086e-06, 2.02943e-06, 0.000506753, -2.05374e-06, -1.68203e-06, 
0.0233487, -4.63499e-06, -1.99145e-05, 0.0213426, -3.15791e-06, -1.40753e-05, 0.0193448, 6.97059e-08, -8.38523e-06, 0.0173367, 1.30487e-06, -2.76988e-06, 0.0153328, -5.33745e-08, 3.45041e-06, 0.0133169, -8.19285e-07, 1.28578e-05, 0.011292, 1.28678e-06, 2.05302e-05, 0.00926829, 3.21489e-06, 1.53732e-05, 0.00725019, 4.06289e-06, 4.19994e-06, 0.0052482, 3.32878e-06, 1.8427e-06, 0.00324899, -1.89241e-06, 1.1354e-06, 0.00125675, -2.05374e-06, -1.68203e-06, 
0.0241076, -7.00269e-06, -2.05919e-05, 0.0220939, -1.67891e-06, -1.58975e-05, 0.020086, 9.17563e-07, -9.89441e-06, 0.0180748, -1.25296e-06, -2.79013e-06, 0.0160602, -6.95507e-07, 3.19006e-06, 0.0140358, 7.98953e-07, 1.24423e-05, 0.0120241, 1.13234e-06, 2.12539e-05, 0.0100242, 2.67812e-06, 1.55706e-05, 0.00800749, 4.29179e-06, 5.9319e-06, 0.00600019, 3.02829e-06, 3.14109e-06, 0.00400324, -3.92865e-07, 1.86913e-07, 0.00200675, -2.05374e-06, -1.68203e-06, 
0.0248739, -8.91873e-06, -2.1529e-05, 0.0228595, -5.01099e-07, -1.76369e-05, 0.0208378, 1.19056e-06, -1.13663e-05, 0.0187963, -3.03769e-06, -3.30093e-06, 0.0167687, -1.30551e-06, 3.24112e-06, 0.0147679, 2.01796e-06, 1.24709e-05, 0.0127644, 1.11063e-06, 2.10753e-05, 0.0107605, 2.26722e-06, 1.60817e-05, 0.00876683, 4.44844e-06, 8.38397e-06, 0.00676592, 2.78904e-06, 3.89746e-06, 0.00474159, 6.4008e-07, -7.77874e-07, 0.0027211, -1.35519e-06, -1.48352e-06, 0.000729726, 1.47705e-05, 3.91385e-06, 
0.02559, -9.78942e-06, -2.26918e-05, 0.0235788, -4.61446e-08, -1.90046e-05, 0.0215761, 6.74359e-07, -1.2653e-05, 0.0195664, -3.5962e-06, -4.58058e-06, 0.0175472, -1.93237e-06, 3.23203e-06, 0.0155271, 2.56116e-06, 1.28088e-05, 0.0135062, 1.39421e-06, 2.04141e-05, 0.0114857, 2.03142e-06, 1.72145e-05, 0.00947156, 4.36131e-06, 1.09598e-05, 0.00746305, 2.73311e-06, 4.08746e-06, 0.00547919, 5.16138e-07, -1.68732e-06, 0.00348615, 3.11061e-08, -1.28263e-06, 0.00147973, 1.47705e-05, 3.91385e-06, 
0.0263334, -9.77717e-06, -2.42391e-05, 0.0243218, -4.66146e-07, -2.02468e-05, 0.0223154, -4.19737e-08, -1.39998e-05, 0.0203056, -3.3926e-06, -6.07582e-06, 0.0182922, -2.27814e-06, 3.46046e-06, 0.016265, 2.17196e-06, 1.33309e-05, 0.0142436, 2.06405e-06, 1.90531e-05, 0.0122302, 2.07109e-06, 1.88105e-05, 0.0102199, 3.93788e-06, 1.37086e-05, 0.00820174, 2.85606e-06, 4.19571e-06, 0.00619839, -4.58505e-07, -2.67802e-06, 0.00420634, 1.76484e-06, -1.31755e-06, 0.00221699, 1.4678e-05, 3.87027e-06, 0.000202699, -2.61833e-06, -4.90661e-06, 
0.027094, -8.94821e-06, -2.60663e-05, 0.0250838, -1.75202e-06, -2.14182e-05, 0.0230636, -7.42955e-07, -1.55113e-05, 0.0210181, -2.74744e-06, -7.50592e-06, 0.0189952, -2.27348e-06, 3.80583e-06, 0.0169922, 1.07811e-06, 1.36114e-05, 0.0149907, 2.86751e-06, 1.76792e-05, 0.0129744, 2.42215e-06, 2.0597e-05, 0.0109667, 3.3462e-06, 1.61664e-05, 0.00896952, 2.71588e-06, 4.54878e-06, 0.00694772, -1.59789e-06, -3.51548e-06, 0.00492174, 4.49055e-06, -1.18973e-06, 0.00294162, 1.32516e-05, 3.23973e-06, 0.000952698, -2.61834e-06, -4.90661e-06, 
0.0278144, -7.43487e-06, -2.79176e-05, 0.025799, -3.61035e-06, -2.24547e-05, 0.023794, -1.57684e-06, -1.69922e-05, 0.0217831, -1.80371e-06, -8.88442e-06, 0.019762, -2.14973e-06, 3.56288e-06, 0.017728, -1.34294e-07, 1.34292e-05, 0.0157101, 3.44665e-06, 1.71436e-05, 0.0137086, 3.08717e-06, 2.22909e-05, 0.0116934, 2.82235e-06, 1.82758e-05, 0.0096858, 1.76363e-06, 4.95376e-06, 0.00770339, -1.81903e-06, -3.76397e-06, 0.00571368, 7.66967e-06, -9.95888e-07, 0.0037033, 1.14906e-05, 2.38854e-06, 0.0017027, -2.61834e-06, -4.90661e-06, 
0.0285466, -5.88473e-06, -2.97817e-05, 0.0265315, -5.48909e-06, -2.37356e-05, 0.0245229, -2.46632e-06, -1.85038e-05, 0.0225069, -9.51663e-07, -9.75833e-06, 0.0204959, -1.86859e-06, 3.04865e-06, 0.0184859, -1.07344e-06, 1.24738e-05, 0.016459, 3.47809e-06, 1.75836e-05, 0.0144438, 3.9912e-06, 2.36632e-05, 0.0124453, 2.49438e-06, 2.02831e-05, 0.0104399, 8.45516e-08, 5.78721e-06, 0.00843597, -1.18872e-06, -3.99251e-06, 0.00644754, 1.06947e-05, -8.6539e-07, 0.00443911, 9.38647e-06, 9.64118e-07, 0.00243374, -2.34474e-06, -4.58824e-06, 0.000425671, -4.82177e-06, 2.5576e-06, 
0.02928, -4.87131e-06, -3.15261e-05, 0.0272743, -6.81407e-06, -2.53886e-05, 0.0252682, -3.52237e-06, -1.99561e-05, 0.023235, -4.18105e-07, -1.04746e-05, 0.021206, -1.5413e-06, 2.15841e-06, 0.0192106, -1.47405e-06, 1.12796e-05, 0.0172189, 2.96003e-06, 1.87933e-05, 0.0152081, 5.01435e-06, 2.48552e-05, 0.0131993, 2.21639e-06, 2.19954e-05, 0.011193, -2.06512e-06, 6.96857e-06, 0.00916285, 5.67563e-07, -3.7934e-06, 0.00714067, 1.26198e-05, -1.20796e-06, 0.00513981, 7.29906e-06, -1.35872e-06, 0.00315637, -9.02007e-07, -3.24999e-06, 0.00117567, -4.82177e-06, 2.5576e-06, 
0.0300253, -4.54854e-06, -3.32197e-05, 0.0280049, -7.39788e-06, -2.73353e-05, 0.0259876, -4.60819e-06, -2.10463e-05, 0.0239904, -5.05802e-07, -1.12315e-05, 0.0219877, -1.13442e-06, 3.47396e-07, 0.0199534, -1.6024e-06, 1.0151e-05, 0.0179337, 2.40056e-06, 2.04688e-05, 0.0159274, 5.87119e-06, 2.62433e-05, 0.0139048, 1.71735e-06, 2.29199e-05, 0.0118918, -3.83688e-06, 8.37555e-06, 0.00989909, 3.46397e-06, -2.34537e-06, 0.0079066, 1.26259e-05, -2.48446e-06, 0.00591226, 6.47945e-06, -3.85443e-06, 0.003911, 8.88575e-07, -1.9905e-06, 0.00192567, -4.82178e-06, 2.5576e-06, 
0.0307546, -4.9324e-06, -3.49169e-05, 0.0287575, -7.34186e-06, -2.95119e-05, 0.0267577, -5.69727e-06, -2.22302e-05, 0.0247244, -1.07809e-06, -1.20574e-05, 0.0227007, -7.39759e-07, -1.53004e-06, 0.0206823, -1.27195e-06, 9.41764e-06, 0.0186569, 1.95691e-06, 2.18831e-05, 0.0166368, 6.08639e-06, 2.76686e-05, 0.0146327, 9.85881e-07, 2.35389e-05, 0.0126371, -4.8803e-06, 1.04822e-05, 0.0106493, 6.16751e-06, -6.20991e-07, 0.00865467, 1.20173e-05, -4.60774e-06, 0.00666826, 6.86355e-06, -6.14681e-06, 0.00466119, 2.1813e-06, -1.09444e-06, 0.00264654, -4.24911e-06, 2.54859e-06, 0.000648644, 5.63326e-06, 6.42369e-06, 
0.0315288, -5.68641e-06, -3.69694e-05, 0.0295077, -7.03562e-06, -3.15913e-05, 0.0274834, -6.35558e-06, -2.32013e-05, 0.025442, -2.25822e-06, -1.31354e-05, 0.0234107, -4.56045e-07, -3.52072e-06, 0.0214031, -5.79343e-07, 9.03491e-06, 0.0193988, 1.86436e-06, 2.27703e-05, 0.0173947, 5.60031e-06, 2.91793e-05, 0.0154032, 1.64808e-08, 2.45864e-05, 0.0133976, -5.06901e-06, 1.2959e-05, 0.0113847, 7.96908e-06, 8.96017e-07, 0.00936562, 1.15625e-05, -7.32729e-06, 0.00735785, 7.997e-06, -8.04963e-06, 0.00537119, 2.23375e-06, -8.17145e-07, 0.00337748, -2.7939e-06, 2.52237e-06, 0.00139864, 5.63326e-06, 6.42369e-06, 
0.032232, -6.68101e-06, -3.91788e-05, 0.0302062, -6.64127e-06, -3.31428e-05, 0.0281978, -6.49043e-06, -2.41722e-05, 0.0262012, -3.84713e-06, -1.48889e-05, 0.0241876, -4.86618e-07, -5.71578e-06, 0.0221627, 2.4862e-07, 8.50552e-06, 0.0201533, 2.18681e-06, 2.35165e-05, 0.0181455, 4.62539e-06, 3.09569e-05, 0.0161248, -1.35553e-06, 2.5957e-05, 0.0141003, -3.49708e-06, 1.53489e-05, 0.0120968, 8.09417e-06, 2.22703e-06, 0.0101083, 1.13924e-05, -9.86285e-06, 0.00809839, 9.5913e-06, -9.84591e-06, 0.00610837, 1.75035e-06, -1.37567e-06, 0.00412996, -1.61531e-06, 2.6213e-06, 0.00214429, 5.62675e-06, 6.42556e-06, 0.000121616, 7.03528e-06, 7.14331e-06, 
0.0329297, -7.6028e-06, -4.16978e-05, 0.0309374, -6.43119e-06, -3.45364e-05, 0.0289505, -6.47127e-06, -2.5577e-05, 0.0269325, -5.31397e-06, -1.69599e-05, 0.0249253, -8.55787e-07, -7.40799e-06, 0.0229187, 1.20949e-06, 7.94263e-06, 0.0208925, 2.91032e-06, 2.40783e-05, 0.0188569, 2.75716e-06, 3.2301e-05, 0.0168396, -2.50526e-06, 2.78182e-05, 0.0148474, -9.52667e-07, 1.81648e-05, 0.0128388, 6.95605e-06, 3.37726e-06, 0.0108455, 1.19308e-05, -1.22339e-05, 0.0088617, 1.11294e-05, -1.19285e-05, 0.00686025, 1.23361e-06, -2.6489e-06, 0.00484293, -5.78284e-07, 3.0852e-06, 0.00285072, 5.03331e-06, 6.37135e-06, 0.000871616, 7.03528e-06, 7.14332e-06, 
0.0337272, -8.35708e-06, -4.47302e-05, 0.0317116, -6.46019e-06, -3.59999e-05, 0.0296824, -6.51027e-06, -2.72107e-05, 0.0276449, -6.36029e-06, -1.92376e-05, 0.0256239, -1.57845e-06, -8.65281e-06, 0.0236042, 2.32742e-06, 7.76474e-06, 0.0215985, 3.72151e-06, 2.43451e-05, 0.0196113, 3.05758e-07, 3.29897e-05, 0.0176094, -3.04827e-06, 3.06096e-05, 0.0156073, 1.29809e-06, 2.12795e-05, 0.0135966, 5.56858e-06, 4.17111e-06, 0.0115767, 1.29986e-05, -1.43552e-05, 0.00956758, 1.20735e-05, -1.43289e-05, 0.00757492, 1.27984e-06, -4.48367e-06, 0.00559551, 3.10058e-07, 3.64363e-06, 0.00360748, 3.75841e-06, 6.35681e-06, 0.00162162, 7.03528e-06, 7.14332e-06, 
0.0344567, -8.78537e-06, -4.74368e-05, 0.0324344, -6.78717e-06, -3.72923e-05, 0.0304149, -6.68922e-06, -2.92012e-05, 0.0283963, -6.76871e-06, -2.16548e-05, 0.0263672, -2.6498e-06, -9.97467e-06, 0.0243442, 3.40013e-06, 6.95709e-06, 0.0223378, 4.42049e-06, 2.4404e-05, 0.02034, -2.08423e-06, 3.40937e-05, 0.0183289, -3.1823e-06, 3.40751e-05, 0.0163121, 2.64527e-06, 2.40852e-05, 0.0143226, 5.07208e-06, 4.31753e-06, 0.0123328, 1.37084e-05, -1.52075e-05, 0.0103312, 1.27094e-05, -1.74303e-05, 0.00832594, 2.04232e-06, -6.83048e-06, 0.00634067, 4.54201e-07, 4.25453e-06, 0.00434744, 2.32614e-06, 6.6867e-06, 0.00234133, 6.92618e-06, 7.16995e-06, 0.000344589, -1.67531e-06, 8.2609e-06, 
0.0351429, -8.93479e-06, -4.96721e-05, 0.033141, -7.35018e-06, -3.88438e-05, 0.031153, -7.01624e-06, -3.14291e-05, 0.0291425, -6.79116e-06, -2.38988e-05, 0.027128, -3.51207e-06, -1.13685e-05, 0.0251246, 4.11233e-06, 5.67796e-06, 0.0230893, 4.59266e-06, 2.4109e-05, 0.0210407, -3.77886e-06, 3.55987e-05, 0.0190429, -3.09335e-06, 3.79505e-05, 0.0170535, 2.71939e-06, 2.74622e-05, 0.0150523, 5.4708e-06, 4.44615e-06, 0.0130533, 1.42688e-05, -1.62441e-05, 0.0110773, 1.30966e-05, -2.10315e-05, 0.00908387, 3.55614e-06, -9.53885e-06, 0.00706105, -7.1439e-08, 4.58825e-06, 0.00505424, 1.59071e-06, 7.44249e-06, 0.00308548, 6.33505e-06, 7.31021e-06, 0.00109459, -1.67531e-06, 8.2609e-06, 
0.0359115, -9.00886e-06, -5.19552e-05, 0.0338955, -8.01543e-06, -4.10001e-05, 0.0318798, -7.44923e-06, -3.37053e-05, 0.0298573, -6.8567e-06, -2.5959e-05, 0.0278379, -3.66787e-06, -1.26217e-05, 0.0258184, 4.30175e-06, 5.05278e-06, 0.0238254, 3.63493e-06, 2.32101e-05, 0.0218347, -3.98984e-06, 3.6883e-05, 0.0198191, -3.24721e-06, 4.23629e-05, 0.0177924, 1.8634e-06, 3.11753e-05, 0.0157863, 6.66911e-06, 4.9991e-06, 0.013779, 1.46838e-05, -1.78079e-05, 0.0117594, 1.34884e-05, -2.51226e-05, 0.00976892, 5.36208e-06, -1.21434e-05, 0.00780593, -8.56907e-07, 4.08769e-06, 0.00582529, 1.30625e-06, 8.65339e-06, 0.00383257, 5.67309e-06, 7.63223e-06, 0.00184459, -1.67531e-06, 8.2609e-06, 
0.0366553, -9.03577e-06, -5.37165e-05, 0.0346377, -8.69178e-06, -4.36332e-05, 0.0326128, -7.99421e-06, -3.60533e-05, 0.030586, -6.9871e-06, -2.78512e-05, 0.0285806, -3.2201e-06, -1.43964e-05, 0.0265612, 3.91341e-06, 3.70367e-06, 0.02455, 2.50603e-06, 2.23787e-05, 0.0225498, -3.53883e-06, 3.90002e-05, 0.0205418, -3.55728e-06, 4.65407e-05, 0.0185352, 4.9311e-07, 3.45694e-05, 0.0165212, 8.38104e-06, 6.33611e-06, 0.0145187, 1.46336e-05, -1.92248e-05, 0.0125203, 1.4335e-05, -2.95409e-05, 0.0105198, 7.29347e-06, -1.5872e-05, 0.008525, -1.97984e-06, 3.8718e-06, 0.00653836, 1.24517e-06, 1.0524e-05, 0.00454133, 4.6441e-06, 8.41991e-06, 0.0025501, -1.22949e-06, 8.05546e-06, 0.000567561, 4.01578e-06, 2.04245e-06, 
0.0373491, -9.10387e-06, -5.49989e-05, 0.0353547, -9.28905e-06, -4.65271e-05, 0.0333726, -8.69116e-06, -3.86004e-05, 0.0313513, -7.12856e-06, -2.9788e-05, 0.0293244, -2.32151e-06, -1.63844e-05, 0.0273102, 2.91691e-06, 1.84981e-06, 0.0252836, 1.42531e-06, 2.15316e-05, 0.0232483, -2.68016e-06, 4.15684e-05, 0.021238, -4.21652e-06, 5.07273e-05, 0.0192602, -8.331e-07, 3.80454e-05, 0.0172641, 9.92098e-06, 8.5428e-06, 0.0152671, 1.47051e-05, -2.10371e-05, 0.0132805, 1.54915e-05, -3.40146e-05, 0.0112759, 8.82804e-06, -2.02548e-05, 0.00924458, -2.5114e-06, 3.27397e-06, 0.00723644, 8.88896e-07, 1.27332e-05, 0.00525204, 2.89932e-06, 1.01661e-05, 0.00327762, -1.99276e-07, 7.86239e-06, 0.00131756, 4.01578e-06, 2.04245e-06, 
0.0381449, -9.25197e-06, -5.67183e-05, 0.0361101, -9.83995e-06, -4.96149e-05, 0.0340792, -9.49197e-06, -4.11038e-05, 0.0320649, -7.03486e-06, -3.14705e-05, 0.0300439, -1.29653e-06, -1.82449e-05, 0.028024, 1.36873e-06, -1.45212e-07, 0.0260151, 4.74134e-07, 2.09151e-05, 0.0240227, -1.66476e-06, 4.34758e-05, 0.0220108, -5.26971e-06, 5.5388e-05, 0.0199831, -1.96128e-06, 4.27441e-05, 0.0179812, 1.08606e-05, 1.09219e-05, 0.0159806, 1.55101e-05, -2.37734e-05, 0.0139598, 1.67056e-05, -3.85464e-05, 0.0119668, 9.40293e-06, -2.4295e-05, 0.0100026, -1.42929e-06, 1.18635e-06, 0.00802815, -2.35292e-07, 1.50107e-05, 0.00604207, 9.74464e-07, 1.29624e-05, 0.00405335, 6.57294e-07, 8.06566e-06, 0.00206712, 4.0139e-06, 2.04357e-06, 4.05342e-05, -3.85922e-06, 7.15369e-06, 
0.0388458, -9.51903e-06, -5.83244e-05, 0.0368386, -1.03424e-05, -5.23906e-05, 0.0348285, -1.02375e-05, -4.3923e-05, 0.032799, -6.67488e-06, -3.33828e-05, 0.0307756, -7.40582e-07, -2.03547e-05, 0.0287684, -1.20077e-07, -2.91724e-06, 0.0267551, -1.11996e-07, 2.03629e-05, 0.0247439, -1.19251e-06, 4.59701e-05, 0.0227402, -6.18406e-06, 5.96297e-05, 0.0207203, -2.40465e-06, 4.78923e-05, 0.0187003, 1.05829e-05, 1.36358e-05, 0.016693, 1.70121e-05, -2.61009e-05, 0.0147089, 1.81682e-05, -4.36905e-05, 0.0127327, 1.02236e-05, -3.04015e-05, 0.0107524, -3.95915e-07, -5.47756e-07, 0.00876314, -2.0117e-06, 1.85087e-05, 0.00677931, -9.64864e-07, 1.66118e-05, 0.00477761, 1.90775e-06, 8.08068e-06, 0.00277359, 3.56224e-06, 2.40741e-06, 0.000790534, -3.85922e-06, 7.15369e-06, 
0.039551, -9.87014e-06, -6.02704e-05, 0.0375554, -1.08963e-05, -5.48665e-05, 0.0355617, -1.07638e-05, -4.67481e-05, 0.0335457, -6.09355e-06, -3.56028e-05, 0.0315319, -9.78366e-07, -2.29404e-05, 0.0295125, -1.10488e-06, -5.85327e-06, 0.0274861, -4.44805e-07, 1.99103e-05, 0.0254458, -1.50067e-06, 4.85385e-05, 0.023429, -6.62749e-06, 6.36012e-05, 0.0214477, -2.33434e-06, 5.31525e-05, 0.0194696, 9.11038e-06, 1.76209e-05, 0.0174806, 1.90492e-05, -2.75795e-05, 0.0154934, 2.01898e-05, -5.08805e-05, 0.0134795, 1.11852e-05, -3.78377e-05, 0.0114604, 4.40371e-07, -1.84096e-06, 0.00945285, -4.28213e-06, 2.26593e-05, 0.00746256, -2.82738e-06, 2.10403e-05, 0.00548629, 3.53349e-06, 7.99469e-06, 0.00350673, 3.13645e-06, 2.75856e-06, 0.00154053, -3.85922e-06, 7.15369e-06, 
0.0403337, -1.02834e-05, -6.27328e-05, 0.0383049, -1.1561e-05, -5.73221e-05, 0.0362741, -1.09837e-05, -4.94796e-05, 0.0342574, -5.54684e-06, -3.80596e-05, 0.03224, -1.77589e-06, -2.55188e-05, 0.0302025, -1.48596e-06, -7.94495e-06, 0.0282027, -7.45509e-07, 1.96654e-05, 0.0262259, -2.49755e-06, 4.96621e-05, 0.0242273, -6.75623e-06, 6.82558e-05, 0.0222131, -3.04638e-06, 6.10545e-05, 0.0202042, 7.80415e-06, 2.1797e-05, 0.0181975, 2.15389e-05, -3.06014e-05, 0.0161852, 2.21871e-05, -5.87552e-05, 0.0141794, 1.22427e-05, -4.46899e-05, 0.0121969, 1.58721e-06, -4.7049e-06, 0.0102096, -6.74491e-06, 2.63204e-05, 0.0082008, -4.6598e-06, 2.66189e-05, 0.00622249, 5.17955e-06, 8.20875e-06, 0.00425942, 3.55525e-06, 2.11704e-06, 0.00226531, -3.76318e-06, 7.15408e-06, 0.000263507, 1.06664e-05, 1.10521e-05, 
0.0410335, -1.09258e-05, -6.52084e-05, 0.0390261, -1.21844e-05, -5.95129e-05, 0.0370199, -1.06713e-05, -5.20839e-05, 0.0349781, -5.45379e-06, -4.10263e-05, 0.0329575, -2.85602e-06, -2.85124e-05, 0.0309725, -1.44038e-06, -1.09625e-05, 0.0289742, -9.47149e-07, 1.81712e-05, 0.0269587, -3.83732e-06, 5.17924e-05, 0.024951, -6.79879e-06, 7.4158e-05, 0.0229423, -3.9524e-06, 6.87029e-05, 0.0209232, 7.03135e-06, 2.58993e-05, 0.0189091, 2.32289e-05, -3.26185e-05, 0.0169057, 2.44952e-05, -6.66412e-05, 0.0149183, 1.41498e-05, -5.34362e-05, 0.0129231, 2.25767e-06, -7.8867e-06, 0.0109478, -9.47293e-06, 3.078e-05, 0.00897874, -6.49057e-06, 3.32827e-05, 0.00697079, 6.58126e-06, 9.05083e-06, 0.00495611, 3.65966e-06, 6.57325e-07, 0.00299083, -3.15615e-06, 6.41406e-06, 0.00101351, 1.06664e-05, 1.10521e-05, 
0.0417376, -1.18465e-05, -6.78375e-05, 0.039729, -1.26408e-05, -6.16006e-05, 0.0377451, -9.9826e-06, -5.43589e-05, 0.0357542, -5.99468e-06, -4.47371e-05, 0.0337487, -3.82467e-06, -3.26274e-05, 0.0317285, -1.18646e-06, -1.4196e-05, 0.0296883, -1.26679e-06, 1.71204e-05, 0.0276594, -5.1654e-06, 5.42636e-05, 0.0256461, -6.93231e-06, 8.03704e-05, 0.02364, -4.87686e-06, 7.56969e-05, 0.0216454, 6.80728e-06, 3.05091e-05, 0.0196607, 2.39142e-05, -3.30677e-05, 0.0176676, 2.74168e-05, -7.5298e-05, 0.0156806, 1.70517e-05, -6.47149e-05, 0.0136738, 2.40956e-06, -1.19927e-05, 0.0116542, -1.27194e-05, 3.72578e-05, 0.0096635, -7.87176e-06, 4.02796e-05, 0.00769969, 6.96317e-06, 1.13991e-05, 0.00572445, 3.63779e-06, -1.52061e-06, 0.00374966, -2.98941e-06, 4.60225e-06, 0.00176351, 1.06664e-05, 1.10521e-05, 
0.0425343, -1.31012e-05, -7.08174e-05, 0.0405114, -1.29238e-05, -6.39863e-05, 0.0384855, -9.50358e-06, -5.68272e-05, 0.0364635, -6.66583e-06, -4.84585e-05, 0.034437, -4.32595e-06, -3.64214e-05, 0.0324095, -1.04816e-06, -1.61416e-05, 0.0304059, -1.94426e-06, 1.5975e-05, 0.0284113, -6.03783e-06, 5.53936e-05, 0.0263948, -7.51256e-06, 8.65123e-05, 0.0243819, -6.19933e-06, 8.45641e-05, 0.0223866, 6.51042e-06, 3.73361e-05, 0.0203952, 2.46876e-05, -3.43977e-05, 0.0183853, 3.10042e-05, -8.62583e-05, 0.0163722, 2.02855e-05, -7.61654e-05, 0.0144006, 1.76328e-06, -1.64602e-05, 0.0124316, -1.53605e-05, 4.23536e-05, 0.0104257, -9.86431e-06, 4.96627e-05, 0.00843219, 7.31478e-06, 1.43815e-05, 0.00645398, 3.64033e-06, -5.20295e-06, 0.00445626, -2.77521e-06, 1.90506e-06, 0.00245758, 1.03274e-05, 1.08766e-05, 0.000486479, 5.39766e-06, 1.039e-06, 
0.0432664, -1.46021e-05, -7.35189e-05, 0.0412623, -1.273e-05, -6.6285e-05, 0.0392358, -9.42493e-06, -5.93993e-05, 0.0371793, -7.4147e-06, -5.22384e-05, 0.0351478, -4.4843e-06, -4.05113e-05, 0.0331412, -1.17897e-06, -1.91084e-05, 0.0311359, -2.6096e-06, 1.41023e-05, 0.0291257, -6.6235e-06, 5.72837e-05, 0.0271342, -8.76348e-06, 9.31825e-05, 0.0251462, -7.55609e-06, 9.47001e-05, 0.0231193, 6.21417e-06, 4.5219e-05, 0.0210916, 2.55267e-05, -3.67219e-05, 0.0191174, 3.48419e-05, -9.72901e-05, 0.017134, 2.50414e-05, -9.18717e-05, 0.0151288, 5.686e-07, -2.18303e-05, 0.013141, -1.86692e-05, 5.01593e-05, 0.0111648, -1.18019e-05, 6.01879e-05, 0.00916369, 6.62033e-06, 1.89124e-05, 0.00715355, 3.76876e-06, -9.21605e-06, 0.00516583, -1.18516e-06, -1.35275e-06, 0.00321205, 8.79787e-06, 1.08382e-05, 0.00123648, 5.39766e-06, 1.039e-06, 
0.0439487, -1.6169e-05, -7.59259e-05, 0.0419418, -1.22247e-05, -6.83737e-05, 0.0399464, -9.72005e-06, -6.19999e-05, 0.0379499, -8.03355e-06, -5.61075e-05, 0.0359402, -4.53813e-06, -4.52155e-05, 0.0339079, -1.57019e-06, -2.32677e-05, 0.0318786, -3.10088e-06, 1.15147e-05, 0.0298573, -7.04672e-06, 5.90759e-05, 0.0278345, -1.06531e-05, 0.000101321, 0.0258213, -8.43881e-06, 0.000104546, 0.0238513, 5.78933e-06, 5.3611e-05, 0.0218747, 2.57766e-05, -3.55587e-05, 0.019865, 3.95827e-05, -0.000110763, 0.0178576, 3.01254e-05, -0.00010982, 0.0158586, -6.10801e-07, -2.86014e-05, 0.0138439, -2.23196e-05, 5.88991e-05, 0.0118442, -1.36794e-05, 7.20304e-05, 0.00987077, 4.61857e-06, 2.50627e-05, 0.00791817, 4.4693e-06, -1.32156e-05, 0.00594786, 7.84784e-07, -5.94225e-06, 0.0039675, 7.03736e-06, 1.16216e-05, 0.00198648, 5.39766e-06, 1.039e-06, 
0.0446969, -1.76517e-05, -7.83828e-05, 0.0426767, -1.19913e-05, -7.06961e-05, 0.0406684, -1.01335e-05, -6.48338e-05, 0.0386585, -8.3689e-06, -5.98824e-05, 0.0366463, -4.41255e-06, -4.93132e-05, 0.0346357, -2.27545e-06, -2.71949e-05, 0.0326232, -3.51745e-06, 9.24764e-06, 0.0306138, -7.47643e-06, 6.00856e-05, 0.0286086, -1.27196e-05, 0.00010832, 0.0265837, -1.01591e-05, 0.000118484, 0.0245673, 4.80946e-06, 6.46158e-05, 0.0225674, 2.7245e-05, -3.78237e-05, 0.020558, 4.45949e-05, -0.000125687, 0.0185578, 3.45702e-05, -0.000127033, 0.0165785, -1.12792e-06, -3.66723e-05, 0.0146023, -2.53282e-05, 6.47929e-05, 0.0126226, -1.71077e-05, 8.85918e-05, 0.010633, 2.7705e-06, 3.32994e-05, 0.00864713, 5.90339e-06, -2.0569e-05, 0.00666069, 2.95395e-06, -1.17686e-05, 0.00465782, 4.69468e-06, 1.16845e-05, 0.00267676, 5.79328e-06, 2.37234e-06, 0.000709452, 1.25195e-05, 9.53352e-06, 
0.0454399, -1.8625e-05, -8.05583e-05, 0.0434286, -1.23508e-05, -7.31944e-05, 0.0414164, -1.04853e-05, -6.79523e-05, 0.0393702, -8.43467e-06, -6.37235e-05, 0.0373411, -4.42227e-06, -5.36915e-05, 0.0353487, -2.89593e-06, -3.18909e-05, 0.0333543, -3.75047e-06, 6.67929e-06, 0.0313413, -8.24478e-06, 6.19128e-05, 0.0293392, -1.46233e-05, 0.000115632, 0.0273401, -1.18056e-05, 0.000131377, 0.025302, 3.46947e-06, 7.63606e-05, 0.0232729, 2.89754e-05, -3.8663e-05, 0.0212886, 4.97693e-05, -0.000140336, 0.0193093, 4.04688e-05, -0.000150033, 0.0173168, -1.22861e-06, -4.8196e-05, 0.0153381, -2.99936e-05, 7.51909e-05, 0.0133604, -2.14623e-05, 0.000109289, 0.0113651, 5.83925e-07, 4.25463e-05, 0.00934563, 7.96017e-06, -2.7582e-05, 0.00735578, 5.36701e-06, -1.913e-05, 0.00538749, 1.83284e-06, 9.321e-06, 0.00341593, 5.8762e-06, 5.40856e-06, 0.00145945, 1.25195e-05, 9.53352e-06, 
0.0461587, -1.9031e-05, -8.23571e-05, 0.044143, -1.32987e-05, -7.57322e-05, 0.0421358, -1.06588e-05, -7.12197e-05, 0.0401346, -8.24767e-06, -6.75443e-05, 0.0381245, -4.78377e-06, -5.91635e-05, 0.0360784, -3.21615e-06, -3.79852e-05, 0.0340481, -3.88114e-06, 3.95256e-06, 0.032042, -9.34207e-06, 6.42353e-05, 0.0300149, -1.63855e-05, 0.000124215, 0.028013, -1.32372e-05, 0.000142474, 0.0260503, 2.11911e-06, 8.74616e-05, 0.024082, 2.98884e-05, -3.28765e-05, 0.022075, 5.58907e-05, -0.000156771, 0.0200528, 4.7273e-05, -0.000178741, 0.0180503, -8.28514e-07, -6.25759e-05, 0.0160461, -3.58151e-05, 8.87244e-05, 0.0140208, -2.65373e-05, 0.000132408, 0.012048, -2.23082e-06, 5.26057e-05, 0.010098, 1.04779e-05, -3.14106e-05, 0.00813102, 8.00409e-06, -3.02897e-05, 0.00616194, -1.3428e-06, 6.22933e-06, 0.0041837, 5.03668e-06, 9.77247e-06, 0.00219954, 1.25265e-05, 9.55154e-06, 0.000182425, 1.4118e-05, 1.35144e-05, 
0.046892, -1.91651e-05, -8.3908e-05, 0.0448867, -1.46693e-05, -7.84297e-05, 0.0428745, -1.07785e-05, -7.45967e-05, 0.0408427, -7.84808e-06, -7.13349e-05, 0.0388219, -5.20595e-06, -6.40655e-05, 0.036803, -3.37876e-06, -4.35368e-05, 0.0347784, -4.19853e-06, 3.49147e-07, 0.0327704, -1.05805e-05, 6.54292e-05, 0.0307773, -1.79987e-05, 0.000131974, 0.0287759, -1.65396e-05, 0.000160212, 0.0267635, -7.37699e-08, 0.0001039, 0.0247618, 3.30667e-05, -3.42757e-05, 0.0227729, 6.2191e-05, -0.000175645, 0.0207769, 5.21064e-05, -0.000203342, 0.0187733, 1.0679e-06, -7.74078e-05, 0.0167863, -3.95285e-05, 9.57076e-05, 0.0148067, -3.43766e-05, 0.000159947, 0.0128244, -5.68479e-06, 7.01598e-05, 0.0108416, 1.49812e-05, -4.18075e-05, 0.00885191, 1.07787e-05, -4.62605e-05, 0.00686557, -4.41442e-06, 2.82474e-06, 0.00487269, 3.56637e-06, 1.56071e-05, 0.00289917, 1.23622e-05, 1.00288e-05, 0.000932424, 1.4118e-05, 1.35144e-05, 
0.0476256, -1.93559e-05, -8.52799e-05, 0.0456128, -1.59519e-05, -8.11275e-05, 0.0435939, -1.10303e-05, -7.79374e-05, 0.041554, -7.46754e-06, -7.5234e-05, 0.0395214, -5.55162e-06, -6.91225e-05, 0.0375334, -3.39878e-06, -4.93493e-05, 0.0355456, -4.54874e-06, -5.1215e-06, 0.033528, -1.17551e-05, 6.53702e-05, 0.0315172, -1.98971e-05, 0.000141827, 0.0295009, -2.03528e-05, 0.000179212, 0.0274756, -2.3258e-06, 0.00012181, 0.0254579, 3.63096e-05, -3.37203e-05, 0.0234598, 6.90641e-05, -0.000196216, 0.0214819, 5.73637e-05, -0.000231534, 0.019516, 4.42776e-06, -9.77426e-05, 0.0175558, -4.4119e-05, 0.000103928, 0.0155868, -4.44112e-05, 0.00019414, 0.0135738, -8.96433e-06, 9.03191e-05, 0.0115583, 2.0015e-05, -5.22062e-05, 0.00955661, 1.35513e-05, -6.53904e-05, 0.00757428, -6.43987e-06, -3.72625e-06, 0.00560125, 7.5582e-07, 2.32437e-05, 0.00363217, 1.2283e-05, 1.12477e-05, 0.00168242, 1.4118e-05, 1.35144e-05, 
0.0483211, -1.97088e-05, -8.63771e-05, 0.0462995, -1.6876e-05, -8.37121e-05, 0.0442986, -1.15028e-05, -8.12649e-05, 0.0423228, -7.39321e-06, -7.9449e-05, 0.040318, -5.67155e-06, -7.53509e-05, 0.0382738, -3.22349e-06, -5.69075e-05, 0.036241, -4.97378e-06, -1.00556e-05, 0.0342289, -1.30219e-05, 6.68277e-05, 0.0322133, -2.20063e-05, 0.000152572, 0.0301915, -2.37957e-05, 0.00019564, 0.0282027, -4.04749e-06, 0.000138291, 0.0262329, 3.82041e-05, -2.56236e-05, 0.0242438, 7.67901e-05, -0.000216158, 0.0222371, 6.71467e-05, -0.000275868, 0.0202452, 7.77666e-06, -0.000125532, 0.0182413, -5.22789e-05, 0.000123964, 0.0162322, -5.49311e-05, 0.000230992, 0.0142611, -1.22131e-05, 0.000110263, 0.0123159, 2.34916e-05, -5.34384e-05, 0.0103383, 1.71202e-05, -8.90429e-05, 0.00834528, -7.90976e-06, -1.36077e-05, 0.00637899, -3.62266e-06, 3.30192e-05, 0.00439978, 1.24887e-05, 1.43164e-05, 0.00238151, 1.41522e-05, 1.3143e-05, 0.000405397, 5.78707e-06, -2.15323e-06, 
0.0490541, -2.04835e-05, -8.74624e-05, 0.047058, -1.76298e-05, -8.61838e-05, 0.0450553, -1.22513e-05, -8.45773e-05, 0.0430093, -7.37805e-06, -8.39857e-05, 0.0409883, -5.22524e-06, -8.11893e-05, 0.0389833, -3.23235e-06, -6.33497e-05, 0.0369662, -5.61069e-06, -1.54919e-05, 0.0349445, -1.40705e-05, 6.72892e-05, 0.0329396, -2.44417e-05, 0.000162198, 0.0309551, -2.83538e-05, 0.00021571, 0.0289579, -7.4525e-06, 0.000163525, 0.0269546, 4.15921e-05, -2.05732e-05, 0.0249645, 8.55513e-05, -0.000241991, 0.0229477, 7.64538e-05, -0.000319118, 0.0209394, 1.07614e-05, -0.000150141, 0.0189681, -5.80268e-05, 0.000134648, 0.0169902, -6.87718e-05, 0.000274433, 0.0150073, -1.72848e-05, 0.000144264, 0.0130256, 3.03849e-05, -6.4762e-05, 0.0110653, 2.18725e-05, -0.000121198, 0.00910167, -9.2808e-06, -2.60556e-05, 0.00709713, -8.61497e-06, 4.33844e-05, 0.00510869, 1.22911e-05, 2.24472e-05, 0.00314844, 1.5156e-05, 1.21222e-05, 0.0011554, 5.78707e-06, -2.15324e-06, 
0.0498182, -2.16143e-05, -8.85753e-05, 0.0477963, -1.80567e-05, -8.83605e-05, 0.0457652, -1.30032e-05, -8.78764e-05, 0.0437189, -7.74703e-06, -8.881e-05, 0.0416919, -4.48353e-06, -8.74095e-05, 0.039677, -3.21465e-06, -7.02341e-05, 0.0376822, -6.21384e-06, -2.15117e-05, 0.0357017, -1.47833e-05, 6.52008e-05, 0.033704, -2.76069e-05, 0.000172289, 0.0316884, -3.38095e-05, 0.000240911, 0.0296562, -1.03045e-05, 0.000188728, 0.0276367, 4.57558e-05, -1.85769e-05, 0.0256499, 9.33659e-05, -0.000266613, 0.023667, 8.56833e-05, -0.00035951, 0.0216895, 1.65208e-05, -0.000184572, 0.0197332, -6.42966e-05, 0.000142609, 0.0177479, -8.52322e-05, 0.000327725, 0.0157649, -2.37741e-05, 0.000188689, 0.0137715, 3.89818e-05, -7.86872e-05, 0.0117573, 2.86601e-05, -0.000163238, 0.00977846, -1.08647e-05, -4.10751e-05, 0.00781284, -1.46284e-05, 5.41635e-05, 0.00583821, 1.16033e-05, 3.65168e-05, 0.00387901, 1.75502e-05, 1.07433e-05, 0.0019054, 5.78707e-06, -2.15324e-06, 
0.0504911, -2.27909e-05, -8.95801e-05, 0.048469, -1.81712e-05, -9.02085e-05, 0.0464696, -1.37435e-05, -9.12942e-05, 0.0444843, -8.46383e-06, -9.37803e-05, 0.0424761, -3.75656e-06, -9.41792e-05, 0.040446, -2.91941e-06, -8.00754e-05, 0.0384169, -6.21965e-06, -3.11507e-05, 0.0363905, -1.57762e-05, 6.48862e-05, 0.034363, -3.18538e-05, 0.000187328, 0.0323462, -3.81161e-05, 0.000263912, 0.0303635, -1.17759e-05, 0.000208577, 0.0284, 4.71796e-05, -6.10737e-06, 0.0264087, 0.000101677, -0.000287769, 0.0244043, 9.91126e-05, -0.00041512, 0.0224181, 2.29173e-05, -0.000227306, 0.0204582, -7.37045e-05, 0.000157825, 0.0184522, -0.000102245, 0.000386579, 0.0164565, -2.98129e-05, 0.000231039, 0.0145125, 4.41969e-05, -8.21018e-05, 0.0125275, 3.80231e-05, -0.00020793, 0.0105239, -1.18724e-05, -6.57429e-05, 0.00854983, -2.26459e-05, 6.91451e-05, 0.00656313, 1.0788e-05, 5.73631e-05, 0.00455499, 2.17726e-05, 8.76915e-06, 0.00256824, 6.09432e-06, -2.84206e-06, 0.000628369, 4.24161e-06, -2.93436e-07, 
0.0511976, -2.40185e-05, -9.04088e-05, 0.0492043, -1.85847e-05, -9.17815e-05, 0.0472161, -1.45288e-05, -9.45097e-05, 0.0451892, -8.95804e-06, -9.90375e-05, 0.0431615, -3.07145e-06, -0.000101278, 0.0411568, -2.5072e-06, -8.86186e-05, 0.0391313, -6.28497e-06, -3.86372e-05, 0.0370936, -1.7333e-05, 6.45655e-05, 0.0350944, -3.58503e-05, 0.000197792, 0.0330981, -4.38715e-05, 0.000290871, 0.0310801, -1.54286e-05, 0.000239992, 0.0290886, 5.05393e-05, 1.18004e-06, 0.0271242, 0.000111672, -0.000315604, 0.0251346, 0.000113325, -0.000472821, 0.0231176, 2.86386e-05, -0.000267931, 0.0211531, -8.26502e-05, 0.000170511, 0.0191947, -0.0001187, 0.000441617, 0.0171977, -3.99107e-05, 0.000290219, 0.0152256, 5.08294e-05, -8.89703e-05, 0.0132552, 4.88031e-05, -0.000256652, 0.0112734, -1.13633e-05, -0.000100091, 0.00926468, -3.05561e-05, 8.30519e-05, 0.00726744, 8.22927e-06, 8.30604e-05, 0.00531122, 2.64157e-05, 1.05937e-05, 0.00335645, 8.0705e-06, -6.50959e-06, 0.00137837, 4.24161e-06, -2.93437e-07, 
0.0519896, -2.531e-05, -9.09044e-05, 0.0499621, -1.93612e-05, -9.31818e-05, 0.0479119, -1.50336e-05, -9.76714e-05, 0.0458679, -9.18275e-06, -0.000104401, 0.0438438, -2.80095e-06, -0.000108794, 0.0418233, -1.79834e-06, -9.67872e-05, 0.0398271, -6.263e-06, -4.50917e-05, 0.0378479, -1.90511e-05, 6.10974e-05, 0.0358471, -4.0124e-05, 0.000207798, 0.0338266, -4.98737e-05, 0.000320061, 0.0318057, -1.96953e-05, 0.000274959, 0.0297939, 5.29759e-05, 1.34772e-05, 0.0277959, 0.000123402, -0.000349728, 0.0257951, 0.000126014, -0.000527163, 0.0238316, 3.54559e-05, -0.000310435, 0.021896, -8.95171e-05, 0.000170405, 0.019917, -0.000135381, 0.000500681, 0.0179251, -5.16189e-05, 0.000354387, 0.0159617, 5.58718e-05, -8.64138e-05, 0.0139506, 6.08679e-05, -0.000309169, 0.0119738, -9.28304e-06, -0.000141051, 0.0100305, -3.84545e-05, 9.01635e-05, 0.00807425, 2.76261e-06, 0.000119981, 0.00609281, 3.33496e-05, 1.36313e-05, 0.00410271, 1.14974e-05, -1.50305e-05, 0.00212503, 4.23954e-06, -3.1677e-07, 0.000101342, 1.22448e-05, -8.07977e-07, 
0.052635, -2.6014e-05, -9.11713e-05, 0.050629, -2.03449e-05, -9.47577e-05, 0.0486299, -1.53232e-05, -0.000100797, 0.0466212, -9.41682e-06, -0.0001095, 0.0446014, -3.04604e-06, -0.000116756, 0.0425655, -5.29625e-07, -0.000108077, 0.0405414, -5.45365e-06, -5.63195e-05, 0.0385274, -2.13346e-05, 5.97422e-05, 0.0365059, -4.54991e-05, 0.000224431, 0.0344949, -5.45187e-05, 0.000346505, 0.0324964, -2.12696e-05, 0.000298378, 0.0305137, 5.43599e-05, 2.45348e-05, 0.0285458, 0.000132291, -0.000367699, 0.0265233, 0.000142076, -0.000588348, 0.0245205, 4.26977e-05, -0.00036041, 0.022587, -9.85784e-05, 0.00017649, 0.0205979, -0.000150717, 0.000559004, 0.0186071, -6.23538e-05, 0.000409724, 0.0167049, 5.51153e-05, -6.44961e-05, 0.0147553, 7.62466e-05, -0.000362195, 0.0127734, -4.74818e-06, -0.000206874, 0.0107945, -5.17242e-05, 0.000109841, 0.00879702, -2.50531e-06, 0.000167154, 0.0068049, 4.02788e-05, 2.10737e-05, 0.00480171, 1.74315e-05, -2.69612e-05, 0.0028222, 4.07908e-06, -2.87571e-06, 0.000851342, 1.22448e-05, -8.07975e-07, 
0.0533309, -2.68325e-05, -9.09108e-05, 0.0513278, -2.15769e-05, -9.60708e-05, 0.0493364, -1.55845e-05, -0.000103659, 0.0473176, -9.37353e-06, -0.000114897, 0.0453035, -3.23494e-06, -0.000125077, 0.0432979, 6.47079e-07, -0.000118724, 0.0412588, -4.78713e-06, -6.67224e-05, 0.0392068, -2.41488e-05, 5.94502e-05, 0.0371957, -5.05241e-05, 0.000238111, 0.0351975, -5.99026e-05, 0.000374007, 0.0331733, -2.37672e-05, 0.000326897, 0.0311723, 5.81138e-05, 2.64399e-05, 0.0292283, 0.000140984, -0.000390257, 0.0272405, 0.00015345, -0.000629113, 0.0252175, 4.89047e-05, -0.000401969, 0.0232937, -0.000102204, 0.000167452, 0.0213669, -0.000166538, 0.000608515, 0.0193753, -8.17056e-05, 0.000503322, 0.0174407, 6.02411e-05, -4.9198e-05, 0.0154784, 9.51014e-05, -0.000439498, 0.013495, -2.90689e-07, -0.00027306, 0.0115249, -6.19495e-05, 0.000118512, 0.0095092, -1.02495e-05, 0.00021289, 0.00752981, 4.39315e-05, 4.28804e-05, 0.00555519, 2.68034e-05, -4.17989e-05, 0.00356453, 2.79827e-06, -1.00654e-05, 0.00160134, 1.22448e-05, -8.07971e-07, 
0.0540922, -2.79719e-05, -9.00717e-05, 0.0520599, -2.28403e-05, -9.70453e-05, 0.0500279, -1.59602e-05, -0.000106355, 0.047994, -9.28357e-06, -0.00012041, 0.0459567, -3.03072e-06, -0.000133997, 0.0439292, 1.57207e-06, -0.000127724, 0.0419312, -5.13149e-06, -7.18756e-05, 0.0399458, -2.6829e-05, 5.72394e-05, 0.0379296, -5.49163e-05, 0.00024748, 0.0358803, -6.4591e-05, 0.000399548, 0.0338583, -2.64083e-05, 0.000353595, 0.0318682, 6.01247e-05, 3.78143e-05, 0.0298755, 0.000151086, -0.000418326, 0.0278959, 0.00016213, -0.000663348, 0.0259526, 5.77487e-05, -0.00045069, 0.0240583, -0.000102161, 0.00013916, 0.0221074, -0.000185717, 0.00067187, 0.0200865, -9.82693e-05, 0.000589306, 0.0181667, 6.1696e-05, -2.32069e-05, 0.016195, 0.000111142, -0.00050416, 0.0141736, 6.85706e-06, -0.000339307, 0.0122437, -6.72338e-05, 0.00010677, 0.0102795, -2.26878e-05, 0.000261043, 0.00829922, 4.63018e-05, 7.86693e-05, 0.00632613, 3.85935e-05, -6.01796e-05, 0.0043397, 1.35724e-06, -2.45664e-05, 0.00233002, 1.19187e-05, -6.16246e-07, 0.000324315, 1.05931e-05, 1.18731e-05, 
0.0547463, -2.90886e-05, -8.91838e-05, 0.0527345, -2.36839e-05, -9.80432e-05, 0.0507202, -1.65612e-05, -0.000109228, 0.0486918, -9.35973e-06, -0.000125858, 0.0466691, -2.57469e-06, -0.000142678, 0.0446362, 2.57651e-06, -0.000139401, 0.0425959, -5.12935e-06, -8.01309e-05, 0.0405686, -3.0793e-05, 6.33486e-05, 0.0385701, -5.95757e-05, 0.000263052, 0.0365722, -6.68133e-05, 0.000413771, 0.0345589, -2.75298e-05, 0.00036894, 0.0325866, 6.12306e-05, 5.03206e-05, 0.0306409, 0.000158078, -0.000422683, 0.0286381, 0.000179807, -0.000724035, 0.0266074, 6.56041e-05, -0.000510404, 0.0246922, -0.000110213, 0.000146123, 0.0227666, -0.000197838, 0.000715855, 0.0207676, -0.000109375, 0.000641043, 0.0188711, 5.35284e-05, 1.89192e-05, 0.0169576, 0.000117587, -0.000520408, 0.0149659, 2.32721e-05, -0.000428853, 0.0130235, -7.37949e-05, 8.09036e-05, 0.0110335, -3.81984e-05, 0.000325856, 0.00903525, 4.93162e-05, 0.000123429, 0.00703344, 5.09196e-05, -7.86644e-05, 0.00504118, 4.00873e-06, -4.84787e-05, 0.00306126, 8.32451e-06, -1.04053e-06, 0.00107431, 1.05931e-05, 1.18731e-05, 
0.0553879, -3.03989e-05, -8.79489e-05, 0.0533934, -2.43301e-05, -9.8742e-05, 0.0513976, -1.73051e-05, -0.000112121, 0.049369, -9.44325e-06, -0.000131629, 0.0473398, -1.58375e-06, -0.000151357, 0.0453164, 2.87484e-06, -0.000148777, 0.0432921, -5.92885e-06, -8.70867e-05, 0.0412563, -3.36647e-05, 6.43677e-05, 0.0392408, -6.41809e-05, 0.000275885, 0.0372587, -7.07428e-05, 0.000433476, 0.0352511, -3.00687e-05, 0.00039135, 0.0332559, 6.48708e-05, 5.58464e-05, 0.0313098, 0.000166195, -0.000439837, 0.0293078, 0.000187409, -0.000754332, 0.0272859, 7.12104e-05, -0.00054479, 0.0253875, -0.000108556, 0.000124132, 0.023473, -0.000206916, 0.000738645, 0.02147, -0.000124629, 0.000709505, 0.0195793, 4.49532e-05, 7.11607e-05, 0.0176856, 0.000125491, -0.000546299, 0.0157033, 3.95103e-05, -0.000514648, 0.0137632, -7.49963e-05, 4.07467e-05, 0.0117652, -5.22375e-05, 0.000371665, 0.00977618, 4.50828e-05, 0.000182932, 0.00778768, 6.33096e-05, -8.19999e-05, 0.00578025, 1.13731e-05, -8.48886e-05, 0.00379506, 1.49554e-06, -3.21831e-06, 0.00182431, 1.05931e-05, 1.18731e-05, 
0.056096, -3.20471e-05, -8.58841e-05, 0.0540635, -2.50405e-05, -9.89645e-05, 0.0520255, -1.79362e-05, -0.000115279, 0.0500093, -9.38272e-06, -0.000137844, 0.0479943, -3.23955e-07, -0.00016014, 0.0459681, 2.83916e-06, -0.000156968, 0.0439682, -7.87316e-06, -9.0629e-05, 0.041993, -3.56402e-05, 6.18139e-05, 0.0399765, -6.82507e-05, 0.000282669, 0.0379218, -7.60644e-05, 0.000458484, 0.0358854, -3.09766e-05, 0.000409528, 0.033891, 7.01609e-05, 5.37769e-05, 0.0319306, 0.00017305, -0.000457925, 0.0299464, 0.000187954, -0.000761338, 0.0279883, 7.64898e-05, -0.000565363, 0.0261148, -0.000100854, 8.36646e-05, 0.0242073, -0.000213525, 0.000746377, 0.0221943, -0.000143318, 0.000790137, 0.0202978, 3.52761e-05, 0.000135203, 0.0183811, 0.000134828, -0.000579955, 0.0163521, 5.24134e-05, -0.000585648, 0.0144545, -6.80779e-05, -1.6929e-05, 0.0125163, -6.52066e-05, 0.000391246, 0.0105241, 3.43372e-05, 0.000256086, 0.00855923, 7.42609e-05, -6.88416e-05, 0.00657698, 2.38179e-05, -0.00012986, 0.00456823, -7.118e-06, -1.27494e-05, 0.00253161, 9.94812e-06, 1.32343e-05, 0.000547287, 1.49359e-05, 1.49939e-05, 
0.0567006, -3.33687e-05, -8.39429e-05, 0.0547001, -2.58054e-05, -9.9169e-05, 0.0527079, -1.86952e-05, -0.000117987, 0.0506856, -9.3252e-06, -0.000143834, 0.048668, 9.44447e-07, -0.000169517, 0.0466672, 3.48335e-06, -0.000168773, 0.0446298, -9.29099e-06, -9.8253e-05, 0.0425878, -3.96464e-05, 7.13203e-05, 0.0405858, -7.21526e-05, 0.000298915, 0.0385805, -7.77059e-05, 0.00046572, 0.0365657, -2.9741e-05, 0.000411893, 0.0345819, 7.2521e-05, 5.92645e-05, 0.0326418, 0.00017654, -0.000453283, 0.0306574, 0.000196847, -0.00079041, 0.0286389, 8.32646e-05, -0.000605226, 0.0267459, -0.00010154, 7.30998e-05, 0.0248767, -0.000216819, 0.000750754, 0.0228645, -0.000154771, 0.000833731, 0.0209631, 2.17858e-05, 0.000185614, 0.0191161, 0.000130708, -0.000548469, 0.0171179, 7.1991e-05, -0.000666242, 0.0151845, -5.96873e-05, -9.76276e-05, 0.0132412, -8.0798e-05, 0.000423616, 0.0112483, 2.22948e-05, 0.000341408, 0.00928558, 8.46677e-05, -4.85429e-05, 0.00727796, 3.8089e-05, -0.000172924, 0.00529852, -1.18979e-05, -3.86073e-05, 0.00331046, 5.02752e-06, 1.77475e-05, 0.00129729, 1.49359e-05, 1.49939e-05, 
0.0573751, -3.4926e-05, -8.08768e-05, 0.0553664, -2.69423e-05, -9.86668e-05, 0.053369, -1.93342e-05, -0.000120518, 0.0513491, -8.96694e-06, -0.000150231, 0.0493114, 2.22706e-06, -0.000179935, 0.0472773, 3.70243e-06, -0.000178262, 0.0452529, -1.17292e-05, -0.000100383, 0.0432331, -4.29572e-05, 7.72502e-05, 0.0412319, -7.54315e-05, 0.00031036, 0.0392347, -7.99755e-05, 0.000474063, 0.0372355, -2.86124e-05, 0.000415539, 0.035264, 7.51003e-05, 6.52406e-05, 0.0333192, 0.000180088, -0.000452645, 0.0313317, 0.000202663, -0.000809519, 0.0293123, 9.08229e-05, -0.000640951, 0.027407, -9.83862e-05, 4.65668e-05, 0.025524, -0.000219912, 0.000756186, 0.0235279, -0.000166983, 0.000877672, 0.0216416, 5.17977e-06, 0.000253008, 0.0198172, 0.000127142, -0.000520214, 0.0178336, 8.88084e-05, -0.000734182, 0.0159036, -4.64363e-05, -0.000189558, 0.0139818, -9.30776e-05, 0.000432573, 0.0119643, 7.12212e-06, 0.000426709, 0.0100052, 9.1388e-05, -6.80226e-06, 0.00800283, 5.54801e-05, -0.000216158, 0.00600342, -1.35636e-05, -7.83995e-05, 0.0040279, -4.15226e-06, 2.43788e-05, 0.00204716, 1.49354e-05, 1.49962e-05, 2.02602e-05, 7.22999e-06, 2.84875e-06, 
0.0580861, -3.66288e-05, -7.67952e-05, 0.0560461, -2.83951e-05, -9.76613e-05, 0.0539894, -1.96208e-05, -0.000123512, 0.0519527, -8.05598e-06, -0.000157661, 0.049934, 3.05404e-06, -0.000189833, 0.0478991, 3.40176e-06, -0.000185903, 0.0458979, -1.40489e-05, -0.000102364, 0.0439182, -4.56437e-05, 7.83047e-05, 0.0419162, -7.90599e-05, 0.000318393, 0.0398952, -8.43711e-05, 0.000490136, 0.0378713, -2.84246e-05, 0.00042706, 0.0358904, 8.01385e-05, 6.35612e-05, 0.0339389, 0.000184263, -0.000461353, 0.0319554, 0.000203342, -0.000812073, 0.0299809, 9.48729e-05, -0.000653264, 0.0281102, -8.80259e-05, -7.55772e-07, 0.0262318, -0.000221068, 0.000744318, 0.0242319, -0.000185819, 0.000947027, 0.0223186, -1.13655e-05, 0.000337065, 0.0204711, 0.000129243, -0.000517083, 0.0184709, 0.000102773, -0.000799895, 0.016561, -3.14165e-05, -0.000272398, 0.014695, -9.68512e-05, 0.000403165, 0.0126882, -1.1771e-05, 0.000500968, 0.0107311, 9.1311e-05, 6.07259e-05, 0.00877004, 7.41415e-05, -0.000245565, 0.00676002, -1.00566e-05, -0.000136696, 0.00473596, -1.67218e-05, 3.09356e-05, 0.00274025, 1.35854e-05, 1.95835e-05, 0.00077026, 7.22999e-06, 2.84875e-06, 
0.058618, -3.77124e-05, -7.38656e-05, 0.0566373, -2.96198e-05, -9.75716e-05, 0.0546596, -1.98208e-05, -0.000126258, 0.0526248, -7.35713e-06, -0.000164227, 0.0505991, 3.43982e-06, -0.000199156, 0.0485884, 3.60421e-06, -0.000196739, 0.0465642, -1.50875e-05, -0.000110807, 0.0445332, -4.9477e-05, 8.39479e-05, 0.0425265, -8.37385e-05, 0.000333236, 0.0405313, -8.70235e-05, 0.000501878, 0.0385113, -2.77779e-05, 0.000434121, 0.0365276, 8.37451e-05, 6.46018e-05, 0.0346042, 0.000187119, -0.000458521, 0.0326354, 0.000210271, -0.00082824, 0.030618, 0.000101424, -0.000686446, 0.0287342, -8.44266e-05, -2.42108e-05, 0.0268896, -0.000221227, 0.00073563, 0.0248905, -0.000198423, 0.000985435, 0.0229625, -2.81667e-05, 0.000402729, 0.0211624, 0.000121507, -0.000467524, 0.0191974, 0.000119967, -0.000866196, 0.0172228, -1.60347e-05, -0.000371487, 0.0153523, -0.000100992, 0.00038131, 0.0133907, -3.11407e-05, 0.000575651, 0.011441, 8.77876e-05, 0.000144282, 0.00946828, 8.98682e-05, -0.000262134, 0.00748474, 1.11278e-06, -0.000201625, 0.00552448, -2.92055e-05, 1.8187e-05, 0.0035266, 8.79151e-06, 3.61297e-05, 0.00152026, 7.22999e-06, 2.84875e-06, 
0.0592874, -3.96254e-05, -6.84332e-05, 0.0572639, -3.10887e-05, -9.63793e-05, 0.0552536, -1.96174e-05, -0.000129878, 0.0532601, -6.3784e-06, -0.000171694, 0.0512579, 3.81584e-06, -0.000208798, 0.0492339, 3.26136e-06, -0.000206071, 0.0471976, -1.66625e-05, -0.000114429, 0.0451796, -5.282e-05, 8.66148e-05, 0.0431706, -8.8182e-05, 0.00034283, 0.0411531, -8.96028e-05, 0.000514903, 0.039155, -2.81532e-05, 0.000445132, 0.0371914, 8.49967e-05, 7.7492e-05, 0.0352496, 0.00019251, -0.000462624, 0.0332739, 0.000217875, -0.000850347, 0.0312613, 0.00010994, -0.000726219, 0.0293565, -8.03437e-05, -5.16261e-05, 0.0275072, -0.000222613, 0.000734774, 0.0255235, -0.000208749, 0.00101263, 0.0236064, -4.70694e-05, 0.000473445, 0.0218152, 0.00011125, -0.000413412, 0.0198735, 0.000130642, -0.000897592, 0.0179294, 4.56379e-06, -0.000483257, 0.0160808, -0.00010276, 0.000327858, 0.0140739, -5.02694e-05, 0.000658006, 0.0121208, 8.2289e-05, 0.000237464, 0.0102051, 0.000107754, -0.000270267, 0.00822112, 1.51625e-05, -0.000282634, 0.00624779, -4.13467e-05, -2.12305e-06, 0.00425023, -1.21299e-06, 6.25046e-05, 0.00225912, 7.29844e-06, 3.33806e-06, 0.000243233, 3.2426e-07, 9.45614e-07, 
0.0599554, -4.19383e-05, -6.21234e-05, 0.0579309, -3.25917e-05, -9.42148e-05, 0.0559062, -1.98259e-05, -0.000132179, 0.0538734, -5.26669e-06, -0.000179719, 0.0518287, 4.73557e-06, -0.000220313, 0.0498104, 2.22995e-06, -0.000212894, 0.0478198, -1.87171e-05, -0.000114252, 0.0458403, -5.59134e-05, 8.82209e-05, 0.043848, -9.19632e-05, 0.000346378, 0.0418222, -9.34536e-05, 0.000529143, 0.0397968, -3.02338e-05, 0.000465073, 0.0378103, 8.77636e-05, 8.56616e-05, 0.0358571, 0.00019913, -0.000473699, 0.0338755, 0.000222984, -0.000866237, 0.0318882, 0.000116084, -0.000750262, 0.0300036, -7.18413e-05, -9.04218e-05, 0.0281615, -0.000222456, 0.000718785, 0.0261711, -0.000222976, 0.00105581, 0.0242373, -6.64641e-05, 0.00055507, 0.0224569, 0.000103296, -0.000365396, 0.0205161, 0.000142162, -0.000939051, 0.0185604, 2.13699e-05, -0.000572049, 0.0167646, -9.63589e-05, 0.000249798, 0.0148276, -7.05301e-05, 0.000722457, 0.0128639, 7.24395e-05, 0.000356736, 0.0109446, 0.00012744, -0.000275746, 0.00891846, 3.00842e-05, -0.000370333, 0.00693004, -5.0219e-05, -3.80994e-05, 0.00493563, -1.69725e-05, 9.297e-05, 0.00295964, 8.24384e-06, 1.28641e-05, 0.000993232, 3.2426e-07, 9.45605e-07, 
0.060552, -4.43259e-05, -5.61552e-05, 0.0585524, -3.35506e-05, -9.25704e-05, 0.056544, -1.98699e-05, -0.000135169, 0.0545045, -4.59709e-06, -0.000187189, 0.0524841, 5.34083e-06, -0.000230496, 0.0504761, 2.48546e-06, -0.000225335, 0.0484479, -1.95868e-05, -0.000122003, 0.0464184, -6.0575e-05, 9.58741e-05, 0.04443, -9.67549e-05, 0.000359874, 0.0424478, -9.49538e-05, 0.000537495, 0.0404241, -2.98482e-05, 0.000472353, 0.0384322, 8.93499e-05, 8.89789e-05, 0.0365101, 0.00020164, -0.000466334, 0.0345305, 0.000230326, -0.000880547, 0.0324985, 0.000124003, -0.000783889, 0.0306062, -6.64527e-05, -0.000117029, 0.0287938, -0.000221674, 0.000700585, 0.0268234, -0.000236761, 0.00109378, 0.0248524, -8.52876e-05, 0.000631907, 0.0230922, 9.32354e-05, -0.000309217, 0.0212211, 0.000155628, -0.000980043, 0.0192209, 4.12233e-05, -0.000699377, 0.0174092, -9.58383e-05, 0.000193436, 0.0154962, -8.66591e-05, 0.000790303, 0.0135196, 6.13362e-05, 0.000455092, 0.0116317, 0.000135722, -0.00023803, 0.00965187, 5.04165e-05, -0.000435856, 0.00769465, -5.03456e-05, -0.000111212, 0.00571527, -3.87734e-05, 0.00012505, 0.00371705, 1.04206e-05, 3.59165e-05, 0.00174323, 3.24263e-07, 9.45591e-07, 
0.0611679, -4.72008e-05, -4.88222e-05, 0.0591576, -3.43011e-05, -9.07678e-05, 0.0571542, -1.96737e-05, -0.000138858, 0.0551544, -4.2382e-06, -0.000194233, 0.0531443, 5.9324e-06, -0.000240677, 0.0510943, 2.47375e-06, -0.000235535, 0.0490672, -2.12483e-05, -0.000127031, 0.0470636, -6.37191e-05, 9.42088e-05, 0.0450368, -0.000101961, 0.000371303, 0.043008, -9.67762e-05, 0.000551816, 0.0410123, -2.78739e-05, 0.000474976, 0.039059, 8.99505e-05, 9.37804e-05, 0.0371279, 0.000203632, -0.000462646, 0.0351565, 0.000233878, -0.00088275, 0.0331529, 0.000134524, -0.000814649, 0.0312437, -5.66402e-05, -0.000163112, 0.0293955, -0.000223096, 0.000691432, 0.0274393, -0.000248689, 0.00112627, 0.0254949, -0.00010758, 0.000721872, 0.0237304, 8.32609e-05, -0.000248807, 0.0218585, 0.00016602, -0.00101764, 0.0198566, 5.84187e-05, -0.000803455, 0.018061, -8.87685e-05, 0.000113763, 0.0161683, -9.87611e-05, 0.000828502, 0.0141855, 4.61364e-05, 0.000562635, 0.0123514, 0.000142539, -0.000172223, 0.0104022, 7.51206e-05, -0.000514164, 0.00843659, -4.97564e-05, -0.00019801, 0.00649245, -6.22546e-05, 0.000150972, 0.00450271, 8.56304e-06, 7.95998e-05, 0.00247589, 1.67127e-06, 1.58651e-06, 0.000466205, 1.18029e-05, -4.52514e-06, 
0.0618211, -5.05488e-05, -3.9705e-05, 0.0598024, -3.5373e-05, -8.7602e-05, 0.0577802, -1.95871e-05, -0.000141723, 0.0557422, -3.46838e-06, -0.000203082, 0.0537147, 6.54054e-06, -0.000251304, 0.0516984, 1.88909e-06, -0.000241807, 0.0496854, -2.38004e-05, -0.000128648, 0.0476769, -6.72247e-05, 9.75428e-05, 0.0456769, -0.000104846, 0.000374095, 0.0436617, -0.000100378, 0.00056239, 0.0416328, -2.98704e-05, 0.00049269, 0.0396449, 9.24872e-05, 9.83042e-05, 0.0377061, 0.000207986, -0.000469211, 0.0357467, 0.000237674, -0.000889109, 0.0337492, 0.000139999, -0.000824141, 0.0318645, -4.64132e-05, -0.000199571, 0.0300504, -0.000218279, 0.000650205, 0.0280806, -0.00026229, 0.00116144, 0.0260827, -0.000125037, 0.000790766, 0.0243218, 7.25755e-05, -0.000197131, 0.0224791, 0.000167842, -0.00101415, 0.020488, 7.40488e-05, -0.000883159, 0.0187164, -7.45717e-05, 1.22585e-05, 0.0169058, -0.000110406, 0.000836139, 0.0149178, 2.63601e-05, 0.000710207, 0.0130804, 0.000155058, -0.000106394, 0.0111315, 0.000102294, -0.000617076, 0.00914963, -5.02194e-05, -0.00029523, 0.00718345, -8.38072e-05, 0.000166111, 0.00518536, -3.07512e-06, 0.000140622, 0.0031969, 8.81239e-06, 8.73084e-06, 0.0012162, 1.18029e-05, -4.52515e-06, 
0.0624177, -5.35291e-05, -3.10487e-05, 0.0604061, -3.62751e-05, -8.52147e-05, 0.0583992, -1.94086e-05, -0.000144777, 0.0563609, -3.10586e-06, -0.000210803, 0.0543205, 6.98025e-06, -0.00026089, 0.0523069, 1.55265e-06, -0.000248886, 0.050285, -2.6627e-05, -0.000130113, 0.0482673, -7.10738e-05, 0.000102723, 0.0462832, -0.0001071, 0.00037859, 0.0442818, -0.000101727, 0.000566013, 0.0422515, -3.06152e-05, 0.00049971, 0.0402681, 9.21878e-05, 0.000110401, 0.0383386, 0.000209736, -0.000459552, 0.0363689, 0.000246301, -0.000905773, 0.0343275, 0.000149057, -0.000853955, 0.0324108, -4.25718e-05, -0.000215352, 0.0306121, -0.000215337, 0.00063125, 0.0286793, -0.000265455, 0.00114985, 0.0267009, -0.000141386, 0.00083518, 0.0249572, 5.34026e-05, -0.000109014, 0.0231648, 0.000168053, -0.000992451, 0.0211514, 9.49115e-05, -0.00100388, 0.0193601, -6.51649e-05, -8.60151e-05, 0.0175885, -0.000123645, 0.000867368, 0.015583, 1.14396e-05, 0.000841067, 0.0137576, 0.000160074, -3.02801e-05, 0.0118404, 0.000123901, -0.000670541, 0.00986208, -4.01003e-05, -0.000402388, 0.00791518, -0.000100603, 0.000137788, 0.00591844, -2.47953e-05, 0.000219625, 0.00395399, 1.94685e-05, 2.68141e-05, 0.0019662, 1.18029e-05, -4.52517e-06, 
0.0630082, -5.65007e-05, -2.14821e-05, 0.0609875, -3.72127e-05, -8.29731e-05, 0.0589761, -1.89101e-05, -0.000149129, 0.0569754, -2.84651e-06, -0.000218161, 0.054958, 7.09129e-06, -0.000268617, 0.0529163, 8.3378e-07, -0.000254869, 0.0508909, -2.92948e-05, -0.000132182, 0.0488887, -7.41372e-05, 0.000102199, 0.0468706, -0.000109847, 0.000385415, 0.0448477, -0.000102039, 0.000570063, 0.0428552, -3.03862e-05, 0.000500254, 0.0408914, 9.11948e-05, 0.000121691, 0.0389346, 0.000210404, -0.000454127, 0.0369479, 0.00024915, -0.000904279, 0.034949, 0.000158346, -0.000869155, 0.0330299, -3.03137e-05, -0.0002635, 0.031199, -0.000213528, 0.000608829, 0.0292753, -0.000274592, 0.00116498, 0.0273127, -0.000161051, 0.000906259, 0.0255575, 3.87047e-05, -3.54008e-05, 0.0237891, 0.000169049, -0.000988686, 0.0217861, 0.000112021, -0.00110101, 0.0199931, -5.35597e-05, -0.000181953, 0.0182394, -0.000128696, 0.000859695, 0.0162183, -1.89157e-08, 0.000930476, 0.0144202, 0.000153285, 7.59716e-05, 0.0125638, 0.000141799, -0.000671457, 0.0105799, -2.16683e-05, -0.000519811, 0.00869297, -0.00011405, 7.29577e-05, 0.00670495, -5.32888e-05, 0.000307119, 0.00469216, 3.00103e-05, 6.32014e-05, 0.00267459, 1.38424e-05, -8.20765e-06, 0.000689178, 2.51732e-06, -3.14753e-06, 
0.0635927, -5.93739e-05, -1.1223e-05, 0.0615924, -3.85875e-05, -7.94309e-05, 0.0595805, -1.87464e-05, -0.000152264, 0.057546, -2.04903e-06, -0.000226942, 0.0555299, 7.18374e-06, -0.000276264, 0.0535166, -7.4145e-07, -0.000258148, 0.0514996, -3.20456e-05, -0.000132665, 0.0494908, -7.70783e-05, 0.000104066, 0.047488, -0.000111478, 0.000385602, 0.0454721, -0.000104063, 0.000573442, 0.043426, -2.99941e-05, 0.000503166, 0.0414275, 9.47205e-05, 0.000111706, 0.0395177, 0.000208615, -0.000445503, 0.0375668, 0.000249657, -0.000885093, 0.0355546, 0.000166333, -0.000876383, 0.0336412, -1.78713e-05, -0.000306459, 0.0318443, -0.000207326, 0.00056104, 0.0299239, -0.000289524, 0.00119876, 0.0278876, -0.000181674, 0.000995595, 0.0261089, 2.91931e-05, 1.47031e-05, 0.0243662, 0.000168957, -0.000990759, 0.0223618, 0.000122074, -0.00115456, 0.0205852, -3.92624e-05, -0.00025781, 0.018902, -0.000121638, 0.000778835, 0.0169285, -1.66631e-05, 0.0010167, 0.015104, 0.000144573, 0.000210649, 0.013303, 0.000163362, -0.000672988, 0.0112861, -2.42063e-06, -0.00065664, 0.00938379, -0.000126525, 6.90251e-06, 0.00740775, -8.02035e-05, 0.000366617, 0.00543837, 2.93041e-05, 0.000139693, 0.00345171, 2.29087e-05, -1.60276e-05, 0.00143918, 2.51732e-06, -3.14754e-06, 
0.0641871, -6.23003e-05, 1.16484e-07, 0.0621818, -3.99862e-05, -7.58918e-05, 0.0601724, -1.87168e-05, -0.000155565, 0.0581418, -1.25041e-06, -0.000234509, 0.0561139, 7.39533e-06, -0.000284189, 0.0540954, -2.40068e-06, -0.000262245, 0.0520808, -3.50342e-05, -0.000131743, 0.050065, -8.01571e-05, 0.000108853, 0.0480572, -0.000112394, 0.000387813, 0.0460512, -0.000102257, 0.000565655, 0.0440429, -3.01295e-05, 0.000498317, 0.0420632, 9.10503e-05, 0.000127646, 0.0401279, 0.000207989, -0.000430726, 0.0381591, 0.00025442, -0.000883402, 0.0361407, 0.000176865, -0.000899139, 0.0342128, -8.60591e-06, -0.000339661, 0.0324017, -0.000204932, 0.000541212, 0.0304846, -0.000292869, 0.00119159, 0.0284838, -0.000195102, 0.00102987, 0.0267169, 9.1565e-06, 9.75597e-05, 0.0250011, 0.000162329, -0.000950761, 0.0230037, 0.000138071, -0.0012414, 0.021199, -2.60395e-05, -0.000370037, 0.0195403, -0.000122953, 0.000744879, 0.0175751, -3.14103e-05, 0.00112711, 0.0157245, 0.000139008, 0.000328265, 0.0139735, 0.000176621, -0.000647092, 0.011989, 2.0484e-05, -0.000768815, 0.0101046, -0.000130847, -0.0001014, 0.00815542, -0.000108931, 0.000408339, 0.00615656, 2.10889e-05, 0.000240691, 0.00417265, 3.8024e-05, -1.96812e-05, 0.00218201, 2.60665e-06, -3.57238e-06, 0.000162151, 8.54411e-06, -3.8757e-06, 
0.0647864, -6.53121e-05, 1.26419e-05, 0.0627588, -4.13937e-05, -7.23363e-05, 0.0607429, -1.86997e-05, -0.000159468, 0.0587386, -4.61931e-07, -0.000241147, 0.0567111, 7.4318e-06, -0.000291362, 0.0546642, -4.31978e-06, -0.000265947, 0.0526369, -3.8346e-05, -0.000128366, 0.0506426, -8.26761e-05, 0.000112311, 0.0486542, -0.000113257, 0.000385629, 0.0466393, -0.00010159, 0.00056023, 0.0446394, -3.04827e-05, 0.000496543, 0.0426745, 8.79586e-05, 0.000139758, 0.040718, 0.000207764, -0.000417381, 0.0387395, 0.000258164, -0.000878465, 0.0367166, 0.000185633, -0.000913613, 0.0347677, -7.22322e-07, -0.000360559, 0.0329541, -0.000199717, 0.000514155, 0.0310683, -0.000293813, 0.0011703, 0.0290844, -0.00020932, 0.00106668, 0.0273023, -1.01766e-05, 0.000172256, 0.0256158, 0.000153838, -0.000906534, 0.0236653, 0.000152269, -0.0013152, 0.0218178, -1.1416e-05, -0.000495618, 0.0201531, -0.000122984, 0.000713762, 0.0181946, -4.34636e-05, 0.00121753, 0.0163536, 0.000131096, 0.00046283, 0.0146494, 0.000189734, -0.000598702, 0.012662, 4.27662e-05, -0.000881287, 0.0107796, -0.00013145, -0.000219531, 0.00889524, -0.000133592, 0.000414571, 0.0068881, 1.81776e-06, 0.000358586, 0.00489442, 5.45033e-05, -1.45958e-07, 0.00290508, 7.61162e-06, -1.79051e-05, 0.00091215, 8.54411e-06, -3.8757e-06, 
0.0653463, -6.78834e-05, 2.42749e-05, 0.063342, -4.30087e-05, -6.80236e-05, 0.0613347, -1.90313e-05, -0.000161984, 0.0592878, 5.42157e-07, -0.000248666, 0.0572577, 6.82462e-06, -0.000296632, 0.0552616, -6.51208e-06, -0.000267871, 0.0532566, -4.02187e-05, -0.000131484, 0.0512411, -8.47048e-05, 0.000110955, 0.0492444, -0.000115187, 0.000385187, 0.047236, -0.000103251, 0.000561735, 0.0451994, -3.09082e-05, 0.000499578, 0.0432015, 8.93611e-05, 0.000132991, 0.041265, 0.000206917, -0.000409086, 0.0393126, 0.000257308, -0.000857061, 0.0372997, 0.000190742, -0.000906738, 0.0353698, 1.22484e-05, -0.000392926, 0.0335731, -0.000189357, 0.000458305, 0.0316853, -0.000301035, 0.00117229, 0.029652, -0.000227535, 0.00113387, 0.02786, -2.59013e-05, 0.000238097, 0.0261916, 0.00014847, -0.000885306, 0.0242148, 0.000156181, -0.0013425, 0.022381, 3.13568e-06, -0.000568671, 0.020788, -0.000108353, 0.000602976, 0.0188982, -5.79787e-05, 0.0012698, 0.0169847, 0.000122476, 0.000605678, 0.0153032, 0.000200588, -0.00053306, 0.0133537, 6.68582e-05, -0.000989477, 0.0114426, -0.000129721, -0.000356051, 0.00957182, -0.000154638, 0.000405456, 0.00759337, -2.45928e-05, 0.00047168, 0.00565887, 6.62488e-05, 6.25899e-05, 0.00365899, 2.09212e-05, -5.15367e-05, 0.00166215, 8.5441e-06, -3.8757e-06, 
0.065904, -7.04687e-05, 3.63604e-05, 0.0638955, -4.43689e-05, -6.45719e-05, 0.0618919, -1.91696e-05, -0.000165114, 0.0598827, 8.21412e-07, -0.000253452, 0.0578748, 6.56827e-06, -0.000302466, 0.0558466, -8.0295e-06, -0.000273036, 0.0538266, -4.26608e-05, -0.000132696, 0.0518221, -8.68416e-05, 0.000110463, 0.0498043, -0.000116845, 0.000386125, 0.0477822, -0.000102875, 0.000559222, 0.0457633, -3.05223e-05, 0.000493617, 0.043783, 8.68981e-05, 0.0001383, 0.0418485, 0.00020486, -0.000389955, 0.0398883, 0.000259882, -0.000845584, 0.0378851, 0.000199792, -0.000917232, 0.0359487, 2.4427e-05, -0.000429117, 0.0341278, -0.000184374, 0.000429661, 0.0322505, -0.00030415, 0.00116559, 0.0302337, -0.000242817, 0.00117684, 0.0284206, -4.26394e-05, 0.00029828, 0.0267699, 0.000137577, -0.00083944, 0.024838, 0.000163015, -0.00138114, 0.0229557, 1.96005e-05, -0.000681998, 0.0213581, -9.94299e-05, 0.000538159, 0.0194954, -6.32817e-05, 0.00129373, 0.0176, 0.000110861, 0.000723308, 0.0159542, 0.0002017, -0.000412383, 0.0140476, 8.85129e-05, -0.00104937, 0.0121286, -0.000117937, -0.000516594, 0.0103197, -0.000178561, 0.000362221, 0.00831825, -5.34986e-05, 0.000596895, 0.00637051, 7.47815e-05, 0.000147426, 0.00437987, 4.31672e-05, -9.66856e-05, 0.00238385, 8.34591e-06, -6.3602e-06, 0.000385123, -4.82421e-06, 1.33758e-05, 
0.066488, -7.35285e-05, 5.06187e-05, 0.064477, -4.61442e-05, -5.91484e-05, 0.0624693, -1.93972e-05, -0.000166977, 0.0604607, 1.28762e-06, -0.000259392, 0.0584428, 6.47067e-06, -0.000309513, 0.0564026, -9.6982e-06, -0.000277043, 0.0543758, -4.54418e-05, -0.000131396, 0.0523726, -8.89999e-05, 0.000113133, 0.0503653, -0.000117159, 0.000383016, 0.0483578, -0.0001026, 0.000551906, 0.0463575, -3.23651e-05, 0.00049194, 0.04438, 8.29658e-05, 0.000152852, 0.0424341, 0.000203845, -0.0003706, 0.0404639, 0.000265916, -0.000844524, 0.038444, 0.000209927, -0.000936507, 0.0364814, 3.24811e-05, -0.000452108, 0.0346574, -0.000179597, 0.000408946, 0.0328025, -0.000303712, 0.00114715, 0.0308161, -0.000255757, 0.00120243, 0.0289968, -6.20122e-05, 0.000366573, 0.0273526, 0.000124624, -0.000784967, 0.0254473, 0.000167801, -0.00141235, 0.0235246, 3.67114e-05, -0.000796328, 0.0219401, -9.08117e-05, 0.000460746, 0.0201231, -7.16037e-05, 0.00133337, 0.0181845, 0.000102891, 0.000853793, 0.0165568, 0.000204296, -0.00030143, 0.0147213, 0.00010907, -0.00110145, 0.0127842, -0.000104361, -0.00067225, 0.0110339, -0.000197133, 0.000286148, 0.00905789, -8.39122e-05, 0.000695803, 0.007083, 7.22077e-05, 0.000265384, 0.00511081, 7.24763e-05, -0.000125624, 0.00312465, 1.03584e-05, -3.31737e-05, 0.00113512, -4.82422e-06, 1.33758e-05, 
0.0670796, -7.67866e-05, 6.54783e-05, 0.0650744, -4.81118e-05, -5.22518e-05, 0.0630568, -1.97857e-05, -0.000167487, 0.0610012, 1.76155e-06, -0.000266417, 0.0589559, 5.88598e-06, -0.000315509, 0.0569542, -1.16166e-05, -0.00027838, 0.0549505, -4.7631e-05, -0.000131796, 0.0529415, -9.05216e-05, 0.000111827, 0.0509562, -0.000117724, 0.000376733, 0.0489549, -0.000104734, 0.000549839, 0.0469274, -3.51709e-05, 0.000497135, 0.0449262, 8.17141e-05, 0.000161035, 0.0429766, 0.000204166, -0.000361761, 0.0410152, 0.000269292, -0.000836889, 0.0389958, 0.000216331, -0.000938166, 0.0370474, 4.34287e-05, -0.000479706, 0.0352498, -0.000168472, 0.000359662, 0.0333841, -0.000308293, 0.00114602, 0.0313508, -0.000270627, 0.00124654, 0.0295369, -7.83255e-05, 0.000421239, 0.0279082, 0.000111326, -0.000736563, 0.0260123, 0.000168294, -0.00142303, 0.0240863, 5.31359e-05, -0.000887467, 0.0225289, -7.79261e-05, 0.000355943, 0.0207851, -7.91638e-05, 0.00134969, 0.0187801, 9.43954e-05, 0.00100974, 0.0171531, 0.000210747, -0.000195137, 0.0153891, 0.000132048, -0.00116039, 0.013398, -9.44129e-05, -0.000826325, 0.0116641, -0.000211279, 0.000202957, 0.00976564, -0.000112035, 0.00075064, 0.00782624, 5.57124e-05, 0.00041617, 0.00590468, 0.000105206, -0.000120862, 0.00389028, 1.86681e-05, -9.16923e-05, 0.00188512, -4.82423e-06, 1.33758e-05, 
0.0676277, -7.95859e-05, 7.82378e-05, 0.0656077, -4.91425e-05, -4.8231e-05, 0.0635938, -2.00809e-05, -0.000168902, 0.0615892, 7.16715e-07, -0.000268519, 0.0595698, 5.27862e-06, -0.000319777, 0.057536, -1.24573e-05, -0.000283763, 0.055514, -4.9508e-05, -0.000135015, 0.0535149, -9.21782e-05, 0.000107621, 0.0515156, -0.00011941, 0.000375578, 0.0494858, -0.000106037, 0.000549808, 0.0474644, -3.61225e-05, 0.000494815, 0.0454823, 7.96973e-05, 0.000168637, 0.0435324, 0.000202934, -0.000348525, 0.0415804, 0.000271915, -0.00082389, 0.0395771, 0.000225998, -0.000948235, 0.0376052, 5.49415e-05, -0.000513008, 0.0357789, -0.000162611, 0.000337931, 0.0339366, -0.00030915, 0.00113471, 0.0319353, -0.000285782, 0.00128455, 0.0300868, -9.72971e-05, 0.00048784, 0.0284527, 9.84262e-05, -0.000693316, 0.0265928, 0.000170776, -0.00144751, 0.0246408, 6.95166e-05, -0.000994736, 0.0230635, -6.79617e-05, 0.000281347, 0.02135, -7.6451e-05, 0.00133747, 0.0193803, 8.4032e-05, 0.00112221, 0.0177482, 0.000208241, -6.33732e-05, 0.016042, 0.000149973, -0.0011513, 0.0140689, -7.72922e-05, -0.000984884, 0.0123691, -0.00022613, 6.33062e-05, 0.0104989, -0.000147908, 0.000835749, 0.00849641, 4.51359e-05, 0.000567042, 0.00660793, 0.000132711, -8.78137e-05, 0.00461218, 3.83947e-05, -0.000172746, 0.00261044, -4.99373e-06, 5.16786e-06, 0.000608096, 5.17743e-07, 4.57944e-07, 
0.0681505, -8.20965e-05, 8.97153e-05, 0.0661524, -5.03413e-05, -4.25896e-05, 0.0641622, -2.09101e-05, -0.000167941, 0.0621541, -1.51321e-07, -0.000271546, 0.060141, 4.39448e-06, -0.000323769, 0.0581176, -1.33217e-05, -0.000288206, 0.0560951, -5.06637e-05, -0.000140628, 0.054069, -9.3885e-05, 0.000104608, 0.0520408, -0.000120745, 0.000376004, 0.0500282, -0.00010699, 0.000545052, 0.048027, -3.86823e-05, 0.000495535, 0.046045, 7.67405e-05, 0.00018037, 0.0440948, 0.000202138, -0.000333439, 0.0421283, 0.000275863, -0.000817184, 0.0401136, 0.000233169, -0.00095389, 0.0381532, 6.51958e-05, -0.000536642, 0.0363275, -0.000153358, 0.000305719, 0.0344907, -0.000309176, 0.00112112, 0.0324891, -0.000297369, 0.00130776, 0.0306279, -0.00011658, 0.000546146, 0.0290056, 8.18362e-05, -0.000634501, 0.0271601, 0.000171207, -0.00146115, 0.0251762, 8.23322e-05, -0.00107486, 0.0236102, -5.44537e-05, 0.000182494, 0.0219375, -7.39846e-05, 0.00131402, 0.0199366, 7.67724e-05, 0.00122685, 0.018322, 0.000205146, 6.69052e-05, 0.0167164, 0.000170692, -0.00111586, 0.0147173, -6.34562e-05, -0.00113688, 0.012998, -0.000235137, -7.0918e-05, 0.0112086, -0.000180581, 0.000863877, 0.00920785, 2.77137e-05, 0.000715782, 0.00731515, 0.000149684, -2.27382e-06, 0.00531701, 6.87656e-05, -0.000257525, 0.00333196, -5.47122e-06, -3.08068e-05, 0.00135809, 5.17737e-07, 4.57969e-07, 
0.0687463, -8.57058e-05, 0.00010605, 0.0667419, -5.22561e-05, -3.33283e-05, 0.0647275, -2.16118e-05, -0.000167066, 0.0626841, -3.57984e-07, -0.00027696, 0.0606586, 3.50513e-06, -0.000328769, 0.0586397, -1.51053e-05, -0.000288854, 0.0566254, -5.26397e-05, -0.000138775, 0.0546266, -9.45114e-05, 0.000101291, 0.0526366, -0.00012089, 0.00036473, 0.0506292, -0.000109891, 0.00053991, 0.0485799, -4.23918e-05, 0.000503096, 0.0465637, 7.59879e-05, 0.00018565, 0.0446284, 0.000202522, -0.000324523, 0.0426787, 0.000278432, -0.000806128, 0.0406576, 0.000240487, -0.000958202, 0.0386928, 7.52202e-05, -0.000556744, 0.0368755, -0.000143468, 0.000273172, 0.0350415, -0.000308056, 0.00110515, 0.0330248, -0.00030688, 0.00132216, 0.0311525, -0.000135074, 0.000592014, 0.0295331, 6.33774e-05, -0.000576328, 0.0277185, 0.000166475, -0.00144332, 0.0257302, 9.39533e-05, -0.00114374, 0.0241557, -3.81206e-05, 7.13245e-05, 0.0225468, -7.15163e-05, 0.00127423, 0.0205243, 6.70107e-05, 0.00137237, 0.0188789, 0.000209928, 0.00018905, 0.0173103, 0.0001871, -0.00109614, 0.0153123, -5.43134e-05, -0.00124559, 0.0135989, -0.000234633, -0.000219754, 0.0118949, -0.000207922, 0.000822581, 0.00991236, 5.40893e-06, 0.000840168, 0.00803943, 0.0001521, 0.000141829, 0.00610783, 0.000108957, -0.000324502, 0.00412685, -2.83981e-06, -0.000105199, 0.00210767, 4.745e-07, 4.46585e-07, 8.10684e-05, 6.75817e-06, 8.82367e-06, 
0.0693126, -8.87195e-05, 0.000120588, 0.067291, -5.37272e-05, -2.59694e-05, 0.0652699, -2.25727e-05, -0.000165818, 0.0632455, -1.35083e-06, -0.000278637, 0.0612145, 2.46328e-06, -0.000332433, 0.0591834, -1.62958e-05, -0.000291858, 0.0571725, -5.3711e-05, -0.000141786, 0.0551755, -9.54486e-05, 9.73489e-05, 0.0531638, -0.000121794, 0.000360551, 0.0511427, -0.000109875, 0.000532066, 0.0491418, -4.44468e-05, 0.000499324, 0.0471585, 7.04707e-05, 0.000202362, 0.0451822, 0.000201793, -0.000308904, 0.0432077, 0.00028168, -0.00080016, 0.0412049, 0.000248381, -0.000963938, 0.0392278, 8.58897e-05, -0.000577658, 0.0373924, -0.000136271, 0.000254499, 0.0355659, -0.000304154, 0.00108317, 0.0335813, -0.000314553, 0.00132431, 0.0316958, -0.000157032, 0.000651304, 0.0300586, 4.49152e-05, -0.000519388, 0.0282834, 0.000162136, -0.00143346, 0.0262899, 0.000106573, -0.00123588, 0.0246601, -2.44228e-05, -1.49516e-05, 0.0230711, -6.37123e-05, 0.00123905, 0.0210929, 6.12251e-05, 0.00144818, 0.0194381, 0.000208792, 0.00031612, 0.0179152, 0.000197878, -0.00100882, 0.0159583, -3.70002e-05, -0.00135718, 0.0142153, -0.000237715, -0.000396858, 0.0125792, -0.000240585, 0.000780628, 0.0106074, -1.76645e-05, 0.00099047, 0.00874836, 0.000156223, 0.000295256, 0.00684553, 0.000147867, -0.000367965, 0.00483347, 1.01658e-05, -0.000215855, 0.00283712, -3.93169e-06, -5.26059e-06, 0.000831068, 6.75817e-06, 8.82368e-06, 
0.0698104, -9.03842e-05, 0.000130532, 0.0678094, -5.50194e-05, -1.98736e-05, 0.0658206, -2.40996e-05, -0.000162321, 0.0638119, -2.88627e-06, -0.000277943, 0.0617852, 1.04819e-06, -0.00033407, 0.059758, -1.70043e-05, -0.000296386, 0.0577225, -5.428e-05, -0.000146748, 0.0556964, -9.66652e-05, 9.55548e-05, 0.0536968, -0.000122843, 0.000354568, 0.0516871, -0.000111463, 0.000526165, 0.0496657, -4.57857e-05, 0.00049646, 0.0476746, 6.989e-05, 0.000200162, 0.0457288, 0.000199342, -0.000293196, 0.0437758, 0.000281637, -0.000779578, 0.0417545, 0.0002548, -0.000962331, 0.0397622, 9.63186e-05, -0.000592886, 0.0379384, -0.000125114, 0.000221422, 0.036116, -0.000300349, 0.0010604, 0.0341165, -0.000324909, 0.00134222, 0.0322187, -0.00017853, 0.000708968, 0.0305883, 2.62575e-05, -0.000462084, 0.0288106, 0.000157083, -0.00143082, 0.0267978, 0.000114104, -0.00128548, 0.0251751, -7.03782e-06, -0.000113337, 0.0236361, -5.53096e-05, 0.00116957, 0.0216532, 5.70971e-05, 0.0015279, 0.0199767, 0.000210704, 0.000444205, 0.0185163, 0.00020929, -0.000909586, 0.0166055, -1.66751e-05, -0.00148196, 0.0148172, -0.000246973, -0.000574226, 0.0132635, -0.000274263, 0.000719849, 0.0112881, -4.32781e-05, 0.00114787, 0.00939312, 0.000161226, 0.000439487, 0.00753339, 0.00017834, -0.000353402, 0.00553985, 3.942e-05, -0.000355124, 0.00357814, -1.39361e-05, -3.18886e-05, 0.00158107, 6.75817e-06, 8.82371e-06, 
0.0703714, -9.29524e-05, 0.000145492, 0.0683668, -5.71141e-05, -1.03875e-05, 0.066353, -2.52243e-05, -0.000159889, 0.0643223, -3.93573e-06, -0.000279701, 0.0623011, -7.91149e-07, -0.000334601, 0.0602912, -1.87713e-05, -0.000295871, 0.0582808, -5.45621e-05, -0.000149781, 0.056266, -9.64705e-05, 8.65769e-05, 0.0542522, -0.000123828, 0.000345122, 0.0522294, -0.000113581, 0.000521658, 0.0501969, -4.81899e-05, 0.000496617, 0.0481929, 6.86875e-05, 0.00020231, 0.0462466, 0.000198485, -0.00028428, 0.044297, 0.000281281, -0.00076419, 0.0422977, 0.000258494, -0.000949043, 0.0403303, 0.000109549, -0.000612501, 0.0384918, -0.0001121, 0.000183734, 0.0366572, -0.000296148, 0.00103821, 0.0346486, -0.000335613, 0.00136171, 0.032717, -0.000197173, 0.000749831, 0.0310902, 7.46091e-06, -0.000414149, 0.0293465, 0.00014624, -0.00140032, 0.0273389, 0.000123268, -0.00134894, 0.0256882, 9.48696e-06, -0.000216996, 0.0241821, -4.75946e-05, 0.00111239, 0.0222394, 5.24177e-05, 0.00162865, 0.0205102, 0.000217451, 0.000594715, 0.0190721, 0.000222776, -0.000844245, 0.0171919, -1.93945e-06, -0.00158488, 0.015382, -0.000255818, -0.000715064, 0.0138686, -0.000290671, 0.000603575, 0.0119691, -7.53594e-05, 0.00122938, 0.0100757, 0.000154257, 0.000610515, 0.00828177, 0.000205017, -0.000275359, 0.00628461, 7.83184e-05, -0.000506767, 0.004312, -2.62641e-05, -8.88576e-05, 0.00230954, 6.10614e-06, 1.05617e-05, 0.000304041, 1.17522e-05, 9.52987e-06, 
0.0709097, -9.49471e-05, 0.000158982, 0.0689009, -5.90537e-05, -2.00576e-06, 0.0668868, -2.67445e-05, -0.000155849, 0.0648687, -5.45299e-06, -0.000278526, 0.0628447, -2.19488e-06, -0.000336004, 0.0608041, -2.02843e-05, -0.000296828, 0.0587905, -5.55517e-05, -0.000149396, 0.0567996, -9.64755e-05, 8.09997e-05, 0.0547888, -0.000123945, 0.000335001, 0.0527691, -0.000114252, 0.00051121, 0.0507581, -5.095e-05, 0.000492831, 0.0487605, 6.40849e-05, 0.000215233, 0.0467929, 0.000196546, -0.000267759, 0.044827, 0.000284264, -0.000756757, 0.0428234, 0.000265728, -0.000951697, 0.0408392, 0.000118235, -0.000620287, 0.038981, -0.000104271, 0.000174288, 0.0371619, -0.000287198, 0.00100217, 0.0352061, -0.00033965, 0.00134547, 0.0332676, -0.000219111, 0.000803077, 0.0316134, -1.48995e-05, -0.000349352, 0.0298847, 0.000135452, -0.0013798, 0.0278732, 0.00013338, -0.00142872, 0.026182, 2.37544e-05, -0.000312367, 0.0246914, -3.9026e-05, 0.00107198, 0.0227778, 5.55299e-05, 0.0016806, 0.0210118, 0.00021934, 0.000707829, 0.019595, 0.000226511, -0.00073859, 0.0178155, 1.6956e-05, -0.0016131, 0.0159728, -0.00025906, -0.000875345, 0.0144639, -0.000307489, 0.000458946, 0.0126592, -0.000112698, 0.0013012, 0.010738, 0.00014742, 0.000792951, 0.00897541, 0.000228216, -0.000179165, 0.00701385, 0.000118633, -0.000620384, 0.00505252, -2.60298e-05, -0.000205095, 0.00307378, -4.18478e-06, 1.91516e-05, 0.00105404, 1.17522e-05, 9.52988e-06, 
0.0714239, -9.64166e-05, 0.000170948, 0.0694238, -6.09377e-05, 6.18036e-06, 0.0674248, -2.86546e-05, -0.000150329, 0.0654004, -7.22862e-06, -0.000276341, 0.0633769, -3.90969e-06, -0.000335652, 0.0613553, -2.11577e-05, -0.000299188, 0.0593249, -5.58499e-05, -0.000153487, 0.0573034, -9.7023e-05, 7.73956e-05, 0.0553088, -0.000124321, 0.000326808, 0.0533151, -0.000115477, 0.000500964, 0.0512981, -5.30586e-05, 0.000488085, 0.049297, 6.13237e-05, 0.000220947, 0.0473395, 0.00019351, -0.000251492, 0.0453742, 0.000285562, -0.000742258, 0.0433418, 0.000271867, -0.000949715, 0.0413487, 0.000126543, -0.00062389, 0.0395178, -8.9854e-05, 0.000140319, 0.0376969, -0.000280044, 0.000972141, 0.0357047, -0.000346978, 0.00134889, 0.0337729, -0.000236616, 0.000833084, 0.0321257, -3.87073e-05, -0.000286137, 0.0304052, 0.0001206, -0.00134269, 0.0283784, 0.000138484, -0.00146442, 0.0266742, 3.85311e-05, -0.000391389, 0.0252054, -2.44611e-05, 0.000988696, 0.0233192, 6.22169e-05, 0.00169081, 0.0215236, 0.000218105, 0.000835362, 0.020142, 0.000236149, -0.000608, 0.0184342, 3.56805e-05, -0.00165017, 0.0165399, -0.000264587, -0.00104739, 0.0150474, -0.000330594, 0.000314216, 0.0133316, -0.000150511, 0.00135987, 0.0113662, 0.000140099, 0.000974102, 0.00964272, 0.000249933, -6.17722e-05, 0.00775629, 0.000158354, -0.000691527, 0.00577537, -1.27694e-05, -0.000368961, 0.0037946, -2.45728e-05, 2.36008e-05, 0.00180404, 1.17522e-05, 9.52992e-06, 
0.0719624, -9.82872e-05, 0.000185128, 0.0699512, -6.28997e-05, 1.53098e-05, 0.067945, -3.05413e-05, -0.000145246, 0.0659199, -9.10139e-06, -0.000273679, 0.0638903, -5.7409e-06, -0.000334477, 0.0618789, -2.24229e-05, -0.000298844, 0.0598751, -5.58448e-05, -0.000158802, 0.0578679, -9.64986e-05, 6.53184e-05, 0.0558559, -0.000125589, 0.000317631, 0.0538282, -0.000117828, 0.000497085, 0.0518, -5.44025e-05, 0.000484569, 0.0498043, 6.01062e-05, 0.000220945, 0.0478429, 0.000191922, -0.000246181, 0.0458968, 0.000283498, -0.000721388, 0.0439112, 0.00027666, -0.000934474, 0.0419165, 0.000141301, -0.000646389, 0.0400408, -7.61667e-05, 0.000108695, 0.0382055, -0.000275466, 0.000955025, 0.0362254, -0.000355268, 0.00135919, 0.0342679, -0.00025482, 0.000868715, 0.0325881, -5.89027e-05, -0.000252579, 0.0308851, 0.000102822, -0.00129546, 0.028906, 0.00013993, -0.00147657, 0.0271804, 5.40463e-05, -0.000479973, 0.0257285, -8.24082e-06, 0.000891348, 0.0238957, 6.61723e-05, 0.00172564, 0.0220207, 0.000222168, 0.00098655, 0.0206578, 0.00025183, -0.000511389, 0.0190076, 4.82587e-05, -0.00168231, 0.0170778, -0.000267676, -0.00120422, 0.0156039, -0.000353439, 0.000167427, 0.0139877, -0.000187058, 0.00135797, 0.0120201, 0.00012422, 0.00116584, 0.0103183, 0.000273098, 8.31844e-05, 0.00846302, 0.000193428, -0.000731651, 0.00647966, 1.2738e-05, -0.000552017, 0.00454392, -5.01741e-05, -7.45347e-06, 0.00252208, 9.39801e-06, 1.71368e-05, 0.000527013, 4.69879e-06, -8.92818e-07, 
0.0724815, -9.98115e-05, 0.000197978, 0.0704685, -6.47065e-05, 2.43164e-05, 0.0684619, -3.27463e-05, -0.0001392, 0.0664565, -1.13318e-05, -0.000268969, 0.0644427, -7.11506e-06, -0.000333678, 0.0624103, -2.29407e-05, -0.000301877, 0.0603848, -5.63326e-05, -0.00016332, 0.0583792, -9.68856e-05, 5.90744e-05, 0.0563729, -0.000126201, 0.000309716, 0.0543545, -0.000119137, 0.000487666, 0.0523364, -5.70048e-05, 0.000481427, 0.0503418, 5.63892e-05, 0.000228274, 0.04838, 0.000189144, -0.000231628, 0.0464161, 0.000285016, -0.000710639, 0.0444105, 0.000281206, -0.00092624, 0.0424215, 0.000149555, -0.000644457, 0.0405495, -6.27869e-05, 8.56883e-05, 0.0387221, -0.000265537, 0.000919277, 0.0367559, -0.000357712, 0.00134391, 0.0347876, -0.000273541, 0.000903574, 0.0331013, -8.59795e-05, -0.00018325, 0.0314198, 8.60942e-05, -0.00126494, 0.0294206, 0.00014546, -0.0015478, 0.0276427, 6.69023e-05, -0.000565476, 0.0261998, 6.75118e-06, 0.000842856, 0.0244115, 7.50691e-05, 0.00174238, 0.0225044, 0.000226588, 0.00109591, 0.0211524, 0.000260326, -0.000401971, 0.0195933, 6.28851e-05, -0.00164782, 0.0176266, -0.000264782, -0.00136511, 0.0161559, -0.00038075, 1.2984e-05, 0.0146243, -0.0002242, 0.00133021, 0.0126393, 0.000108641, 0.00133055, 0.0109601, 0.000290155, 0.000251532, 0.00918488, 0.000228934, -0.000721247, 0.00717449, 4.40513e-05, -0.000724868, 0.00527559, -6.76483e-05, -0.00010169, 0.00328058, -5.32929e-06, 5.28038e-05, 0.00127701, 4.69879e-06, -8.9281e-07, 
0.0729924, -0.000101187, 0.000210284, 0.0710032, -6.68264e-05, 3.54846e-05, 0.0690078, -3.53723e-05, -0.000130573, 0.0669751, -1.32674e-05, -0.000265647, 0.0649477, -8.4377e-06, -0.000333135, 0.0629283, -2.3624e-05, -0.000303793, 0.0609085, -5.65086e-05, -0.000169478, 0.0588897, -9.72968e-05, 5.25053e-05, 0.0568843, -0.000126777, 0.000301602, 0.0548904, -0.000120734, 0.000478043, 0.0528779, -6.05456e-05, 0.000480998, 0.0508645, 5.30892e-05, 0.000234262, 0.0489033, 0.000186954, -0.000219859, 0.0469388, 0.000286077, -0.000698584, 0.0449114, 0.000285979, -0.000918065, 0.0429147, 0.000157933, -0.000641605, 0.0410532, -4.95048e-05, 6.4696e-05, 0.0392367, -0.000254738, 0.000883278, 0.0372809, -0.000359148, 0.0013264, 0.0353122, -0.000293433, 0.000942703, 0.0336086, -0.000113427, -0.000116856, 0.0319137, 6.96525e-05, -0.00124231, 0.0299142, 0.000144928, -0.00158263, 0.0281311, 8.10244e-05, -0.000656797, 0.0266831, 2.37704e-05, 0.000774861, 0.0249066, 8.55791e-05, 0.001754, 0.0229909, 0.000233697, 0.00120203, 0.021642, 0.000270006, -0.000282474, 0.020145, 7.65644e-05, -0.00160623, 0.0181571, -0.000262905, -0.00150458, 0.016691, -0.000406267, -0.000140093, 0.0152516, -0.000264281, 0.00125115, 0.0132641, 9.01058e-05, 0.0014838, 0.0115596, 0.00030346, 0.000426315, 0.00989357, 0.000265886, -0.000665723, 0.00790639, 7.89172e-05, -0.000882699, 0.00600046, -7.5025e-05, -0.000250111, 0.00403072, -3.31651e-05, 0.000102439, 0.00202701, 4.6988e-06, -8.92783e-07, 
0.0735482, -0.000103318, 0.000226732, 0.071535, -6.89438e-05, 4.69787e-05, 0.0695122, -3.75534e-05, -0.000124144, 0.0674876, -1.54758e-05, -0.000261159, 0.0654646, -9.81795e-06, -0.000331183, 0.0634379, -2.4346e-05, -0.00030545, 0.0614274, -5.6711e-05, -0.000175429, 0.0594328, -9.71802e-05, 4.14808e-05, 0.0574275, -0.000127895, 0.000290733, 0.055399, -0.000123149, 0.000474088, 0.0533725, -6.26842e-05, 0.000479377, 0.0513702, 5.07119e-05, 0.000235202, 0.049402, 0.00018539, -0.000213941, 0.0474453, 0.000284643, -0.000681521, 0.0454585, 0.000290129, -0.000901573, 0.0434654, 0.000173527, -0.000660939, 0.0415709, -3.42819e-05, 3.34024e-05, 0.0397366, -0.000248107, 0.000866283, 0.037772, -0.000363728, 0.00132692, 0.0357802, -0.00030972, 0.00095924, 0.0340644, -0.000136002, -8.58121e-05, 0.0323949, 4.68283e-05, -0.00118545, 0.0304318, 0.000136729, -0.00157363, 0.028611, 9.50172e-05, -0.000718877, 0.0271638, 4.55702e-05, 0.000679602, 0.0254593, 9.43314e-05, 0.00174244, 0.023487, 0.000244374, 0.00132703, 0.0221095, 0.000282984, -0.000175455, 0.0206612, 9.11272e-05, -0.00157311, 0.0186934, -0.000262342, -0.00164745, 0.0172013, -0.000435346, -0.000289022, 0.0158189, -0.000300763, 0.0011614, 0.0139222, 6.27501e-05, 0.00161569, 0.0121742, 0.000315712, 0.000638804, 0.0105779, 0.000308517, -0.000604529, 0.00862009, 0.000109935, -0.00101867, 0.00670085, -7.06096e-05, -0.00043506, 0.00475819, -6.99247e-05, 0.000128657, 0.00274591, 2.09514e-06, 2.20048e-05, 0.000749986, 9.87473e-06, 4.36917e-06, 
0.0740383, -0.000104289, 0.000237601, 0.0720328, -7.06933e-05, 5.64001e-05, 0.0700349, -4.0293e-05, -0.000114558, 0.0680263, -1.81924e-05, -0.000253504, 0.0660026, -1.11823e-05, -0.000328342, 0.0639772, -2.43683e-05, -0.000310121, 0.0619504, -5.65676e-05, -0.000184197, 0.059928, -9.80642e-05, 3.50362e-05, 0.0579204, -0.000128973, 0.000283939, 0.0559057, -0.000124385, 0.000466861, 0.0538874, -6.51809e-05, 0.000475049, 0.0518958, 4.67975e-05, 0.000239159, 0.0499334, 0.000181858, -0.000199345, 0.0479721, 0.000284941, -0.000666641, 0.0459668, 0.00029646, -0.000896348, 0.0439586, 0.000184977, -0.000667512, 0.0420671, -2.16038e-05, 1.52958e-05, 0.0402313, -0.000237999, 0.000839333, 0.0382689, -0.00036377, 0.00130919, 0.0362791, -0.000326828, 0.000980205, 0.0345461, -0.00016219, -3.67153e-05, 0.0328837, 2.32455e-05, -0.00114, 0.0309275, 0.000128529, -0.00158063, 0.0290748, 0.000109123, -0.000782493, 0.0276269, 6.68041e-05, 0.000600433, 0.0259559, 0.000109179, 0.00171573, 0.0239744, 0.000255131, 0.00139919, 0.0225821, 0.000290912, -4.23298e-05, 0.0211939, 0.00011284, -0.00150361, 0.0192328, -0.000263477, -0.00177866, 0.0177162, -0.000468536, -0.000469446, 0.0163953, -0.000348808, 0.00107435, 0.0145241, 4.20269e-05, 0.00174706, 0.0127507, 0.000328361, 0.000835793, 0.0112345, 0.000350236, -0.000502074, 0.00932032, 0.000141126, -0.00111393, 0.00737431, -5.53535e-05, -0.000632557, 0.00550208, -0.000106529, 8.58776e-05, 0.00350201, -1.02969e-05, 9.318e-05, 0.00149999, 9.87474e-06, 4.36916e-06, 
