0.0268158, 0, 0, 0.0234638, 0, 0, 0.0201118, 0, 0, 0.0167599, 0, 0, 0.0134079, 0, 0, 0.0100559, 0, 0, 0.00670394, 0, 0, 0.00335197, 0, 0, 
0.0302595, 6.87568e-05, 3.70926e-08, 0.0269082, 2.56002e-06, 4.08475e-08, 0.0235569, -6.33097e-05, 4.33238e-08, 0.0202055, -0.00012401, 3.7475e-08, 0.0168537, -0.000160728, 1.59804e-07, 0.0135018, -0.000142714, 1.01819e-06, 0.0101521, -1.85321e-05, -6.24787e-06, 0.00681185, 0.000258737, -4.37359e-05, 0.00342795, 0.000407625, 6.9292e-05, 0.000226692, 0.000274814, 0.000404643, 
0.033706, 5.25604e-05, 5.50716e-05, 0.0303548, -6.85956e-06, 1.75397e-05, 0.0270036, -6.53525e-05, -2.26591e-05, 0.0236523, -0.000118633, -6.84754e-05, 0.0203009, -0.000157176, -0.000116132, 0.0169492, -0.000168472, -0.000150997, 0.0135976, -0.000120088, -0.000134894, 0.010253, 6.30873e-05, -7.7337e-06, 0.00687235, 0.000205257, 0.000183489, 0.00365729, 3.2226e-05, 0.000291167, 0.000459413, -0.000169316, 0.000425048, 
0.037136, 5.53565e-05, 0.000102261, 0.0337852, -1.97478e-06, 3.79978e-05, 0.0304343, -5.55236e-05, -2.72334e-05, 0.0270832, -9.58714e-05, -9.61695e-05, 0.023732, -0.000109491, -0.000166369, 0.0203808, -8.82917e-05, -0.000233821, 0.0170294, -3.73418e-05, -0.000267209, 0.0136801, 3.1706e-05, -0.000151725, 0.0102998, 5.37163e-05, 8.99778e-05, 0.00707996, -3.47924e-05, 0.000146287, 0.00387704, -0.000196322, 0.000133621, 0.000689523, -0.000403383, 8.82117e-05, 
0.0405512, 6.60257e-05, 0.000168805, 0.0372009, 1.25492e-05, 7.58744e-05, 0.0338506, -3.83785e-05, -1.50808e-05, 0.0304999, -7.50321e-05, -0.00010164, 0.0271488, -8.07728e-05, -0.00017453, 0.0237976, -3.364e-05, -0.000228942, 0.0204473, 6.91585e-05, -0.000256641, 0.0170966, 0.000141094, -0.000199414, 0.013712, 7.943e-05, -3.70721e-05, 0.0104922, 7.13261e-06, 3.97797e-05, 0.00728629, -7.41132e-05, 1.43373e-05, 0.0040948, -0.000171446, -8.63396e-05, 0.000918472, -0.000263241, -0.000250309, 
0.0439517, 7.04943e-05, 0.000246776, 0.0406019, 2.56185e-05, 0.000133274, 0.0372521, -1.93066e-05, 2.14959e-05, 0.033902, -5.43467e-05, -8.48451e-05, 0.0305512, -6.74276e-05, -0.000172857, 0.0271998, -3.32455e-05, -0.000221538, 0.0238495, 7.25069e-05, -0.000208167, 0.0205001, 0.000183011, -0.000138927, 0.0171122, 0.000159542, -5.04488e-05, 0.0138921, 9.02983e-05, 1.50714e-05, 0.0106857, 3.28873e-05, 2.57019e-05, 0.00749205, -1.11142e-05, -3.87684e-05, 0.00431236, 8.36959e-06, -0.000155138, 0.0011465, 5.15445e-05, -0.00031031, 
0.047338, 8.35488e-05, 0.000331407, 0.0439888, 3.65588e-05, 0.000204534, 0.0406396, -1.09425e-05, 7.73805e-05, 0.0372901, -4.84441e-05, -4.72993e-05, 0.0339401, -6.50065e-05, -0.000160416, 0.030589, -4.39813e-05, -0.000234558, 0.0272379, 2.88406e-05, -0.000220718, 0.0238888, 0.000127915, -0.000121463, 0.0205014, 0.000162763, -2.19951e-05, 0.0172808, 0.000129287, 4.52744e-05, 0.0140744, 7.5092e-05, 8.03105e-05, 0.0108802, 3.67351e-05, 4.98636e-05, 0.00769877, 5.80731e-05, 3.31131e-06, 0.00453022, 0.00013352, -5.35009e-05, 0.00137362, 0.000245369, -0.000112929, 
0.0507101, 0.000115713, 0.000439781, 0.047362, 5.27351e-05, 0.000291196, 0.044014, -9.69128e-06, 0.00014156, 0.0406656, -5.96735e-05, -6.24684e-06, 0.0373166, -8.04662e-05, -0.000144796, 0.0339664, -5.68204e-05, -0.000250084, 0.030615, 3.66504e-06, -0.000272912, 0.0272649, 7.64055e-05, -0.000189193, 0.0238787, 0.000122746, -5.77279e-05, 0.0206589, 0.000116932, 4.61497e-05, 0.0174528, 6.95952e-05, 0.000109396, 0.0142585, 3.41289e-05, 0.000107558, 0.0110766, 3.09566e-05, 8.68043e-05, 0.00790687, 6.43873e-05, 7.68247e-05, 0.00474831, 0.000122911, 9.02576e-05, 0.00159996, 0.000197665, 0.000119624, 
0.0540661, 0.000161554, 0.000587374, 0.0507202, 7.86782e-05, 0.000402609, 0.0473744, -3.2356e-06, 0.000216711, 0.0440282, -7.17099e-05, 3.2605e-05, 0.0406807, -0.000105319, -0.000138206, 0.0373315, -8.25398e-05, -0.000270579, 0.0339807, -1.19872e-05, -0.000328596, 0.03063, 6.79877e-05, -0.000284677, 0.0272439, 0.000115403, -0.000150621, 0.0240255, 0.000114877, -9.736e-06, 0.0208203, 7.06123e-05, 8.90865e-05, 0.0176262, 3.56561e-05, 0.000126628, 0.0144443, 2.59434e-05, 0.000127144, 0.0112743, 3.20955e-05, 0.000123213, 0.00811523, 3.72566e-05, 0.00013278, 0.00496598, 2.66929e-05, 0.000159486, 0.00182565, 9.14797e-06, 0.000197505, 
0.0574018, 0.000216581, 0.000778833, 0.0540593, 0.000114229, 0.000548013, 0.0507169, 1.28771e-05, 0.000315717, 0.0473742, -7.39683e-05, 8.32344e-05, 0.0440297, -0.000124447, -0.00013477, 0.0406821, -0.000114311, -0.000306342, 0.0373322, -3.9038e-05, -0.000395651, 0.033982, 6.88823e-05, -0.000379969, 0.030596, 0.000140039, -0.000253539, 0.0273787, 0.000147037, -8.86164e-05, 0.0241748, 0.000108829, 4.69826e-05, 0.0209816, 7.22059e-05, 0.000130321, 0.0178, 6.14261e-05, 0.000171629, 0.0146301, 6.59807e-05, 0.00018861, 0.0114709, 6.13962e-05, 0.00019215, 0.00832181, 2.40482e-05, 0.000176964, 0.00518216, -4.63358e-05, 0.000143935, 0.00205086, -0.000138386, 0.000100479, 
0.06071, 0.000284978, 0.00102034, 0.0573725, 0.000159788, 0.000735265, 0.0540351, 3.57861e-05, 0.000448119, 0.0506974, -7.07815e-05, 0.000158583, 0.0473576, -0.000137058, -0.000118894, 0.0440136, -0.000140991, -0.000349601, 0.0406651, -7.16381e-05, -0.000486997, 0.0373155, 5.46612e-05, -0.000495309, 0.0339304, 0.000157241, -0.000367673, 0.0307145, 0.000183547, -0.000179747, 0.0275126, 0.000161496, 1.48309e-07, 0.0243212, 0.00013268, 0.000139528, 0.021141, 0.000123159, 0.000240828, 0.0179718, 0.000130822, 0.000312108, 0.0148129, 0.000129806, 0.000350463, 0.0116637, 0.000102679, 0.000336801, 0.00852463, 4.35108e-05, 0.00025864, 0.00539586, -4.0913e-05, 0.000120472, 0.00227568, -0.000142372, -5.36671e-05, 
0.0639792, 0.000370704, 0.00132397, 0.0606491, 0.000217358, 0.000973417, 0.0573193, 6.53197e-05, 0.000620037, 0.053989, -6.64393e-05, 0.00026293, 0.0506561, -0.000151154, -8.3376e-05, 0.0473179, -0.000165927, -0.000386837, 0.0439731, -0.000101707, -0.000595615, 0.0406241, 2.98192e-05, -0.000649095, 0.0372394, 0.000151179, -0.000527227, 0.0340251, 0.000197939, -0.000316826, 0.0308266, 0.000195994, -8.31784e-05, 0.0276394, 0.000185028, 0.000132721, 0.024463, 0.000186243, 0.000319982, 0.0212972, 0.000198822, 0.000480772, 0.0181401, 0.000196993, 0.000595977, 0.0149911, 0.000170677, 0.000638046, 0.0118514, 0.000123389, 0.000580939, 0.00872309, 6.95878e-05, 0.000419207, 0.00560683, 1.7366e-05, 0.000169471, 0.00250021, -3.55652e-05, -0.000134794, 
0.06719, 0.000473944, 0.00170035, 0.0638707, 0.000288729, 0.00127213, 0.0605518, 0.000104864, 0.000839894, 0.0572326, -5.75274e-05, 0.000401286, 0.0539099, -0.000168044, -2.6855e-05, 0.0505805, -0.000197585, -0.000413632, 0.0472422, -0.000135742, -0.000710278, 0.0438955, -8.55121e-07, -0.000839517, 0.0405099, 0.000128827, -0.000755202, 0.0372962, 0.000191257, -0.000540137, 0.0341017, 0.000207142, -0.000257489, 0.0309221, 0.000215667, 5.04271e-05, 0.027755, 0.000235711, 0.000356787, 0.0245989, 0.000259746, 0.00065122, 0.021449, 0.000259844, 0.000893108, 0.0183032, 0.000223861, 0.00103897, 0.0151632, 0.000163161, 0.00105288, 0.0120334, 0.000104209, 0.000924325, 0.00891738, 6.97315e-05, 0.000669318, 0.00581564, 6.33809e-05, 0.00031481, 0.00272514, 7.30273e-05, -0.000101729, 
0.0703034, 0.000594456, 0.00215226, 0.0669985, 0.000374835, 0.0016372, 0.0636944, 0.000156735, 0.00111659, 0.0603908, -3.91753e-05, 0.000583971, 0.0570835, -0.000181372, 5.76019e-05, 0.0537673, -0.000234654, -0.000428277, 0.0504396, -0.000181104, -0.000827229, 0.0470985, -4.3219e-05, -0.00105818, 0.0437122, 9.38733e-05, -0.00105186, 0.0404969, 0.00017111, -0.000867063, 0.0373047, 0.000205698, -0.000560725, 0.0341347, 0.000234689, -0.000166538, 0.0309848, 0.000277504, 0.000281404, 0.0278509, 0.000319473, 0.00075595, 0.0247218, 0.00032905, 0.00119042, 0.0215888, 0.000288063, 0.00150889, 0.0184525, 0.000207181, 0.00165287, 0.0153213, 0.000118405, 0.00159945, 0.0122036, 5.49794e-05, 0.00137049, 0.0091038, 3.45757e-05, 0.00100031, 0.00602146, 5.48916e-05, 0.000527494, 0.0029528, 9.89006e-05, -1.21196e-05, 
0.0732489, 0.000731074, 0.00267194, 0.0699624, 0.000474905, 0.00206475, 0.066677, 0.00022044, 0.00145065, 0.0633935, -1.05863e-05, 0.000817129, 0.0601073, -0.000186287, 0.000180397, 0.0568108, -0.000268681, -0.000421452, 0.0534994, -0.000233168, -0.000939979, 0.0501689, -9.97132e-05, -0.00129469, 0.0467846, 4.32816e-05, -0.00140218, 0.0435664, 0.000136258, -0.00128803, 0.0403732, 0.000194335, -0.000996594, 0.0372114, 0.000250765, -0.000543976, 0.0340847, 0.000322963, 4.18631e-05, 0.0309895, 0.000390188, 0.000722811, 0.0279059, 0.000415897, 0.00140894, 0.0248098, 0.000377391, 0.0019847, 0.0216922, 0.000282239, 0.00235155, 0.0185631, 0.000163877, 0.00245307, 0.0154419, 5.92877e-05, 0.00229961, 0.0123422, -5.8378e-06, 0.00193344, 0.00926835, -2.45055e-05, 0.00140837, 0.00622211, -1.49923e-06, 0.000752859, 0.00318397, 3.76335e-05, 6.21838e-05, 6.39684e-05, -3.71354e-05, 6.71639e-05, 
0.0759507, 0.00087844, 0.00324197, 0.072686, 0.000585358, 0.00254055, 0.0694229, 0.000293733, 0.00183139, 0.0661638, 2.63812e-05, 0.00109523, 0.0629039, -0.000183571, 0.000343621, 0.0596338, -0.000296514, -0.000383799, 0.0563459, -0.000284834, -0.00103623, 0.0530333, -0.000163758, -0.00153413, 0.0496566, -1.97132e-05, -0.0017838, 0.0464368, 8.63629e-05, -0.00177629, 0.0432395, 0.000168882, -0.0015412, 0.0400811, 0.000259178, -0.00107066, 0.0369781, 0.000370079, -0.000375187, 0.0339351, 0.000474064, 0.000506965, 0.0309275, 0.000526066, 0.00147217, 0.0279092, 0.000497126, 0.00237071, 0.0248467, 0.000391668, 0.00305889, 0.0217393, 0.000244255, 0.00343029, 0.0186162, 9.67478e-05, 0.00345719, 0.0155095, -1.84625e-05, 0.00317149, 0.0124379, -8.65932e-05, 0.00263736, 0.00942272, -0.000101129, 0.00185114, 0.00646871, -7.10139e-05, 0.000860297, 0.00340277, -6.03688e-05, 0.000277275, 0.000282243, -6.92712e-05, 6.38378e-07, 
0.0783459, 0.00102661, 0.0038358, 0.0751062, 0.000698432, 0.00304062, 0.0718684, 0.000371301, 0.00223721, 0.0686369, 6.84514e-05, 0.00139957, 0.0654078, -0.00017524, 0.000534016, 0.0621694, -0.000317816, -0.000319083, 0.0589115, -0.000330606, -0.00110771, 0.0556241, -0.000227043, -0.00175427, 0.0522623, -8.80174e-05, -0.00215978, 0.0490452, 2.68114e-05, -0.0022838, 0.0458432, 0.000131726, -0.00213888, 0.0426828, 0.000257495, -0.00169005, 0.0395978, 0.000411681, -0.0009264, 0.0366099, 0.000559558, 0.000122216, 0.0336992, 0.000646856, 0.00134693, 0.0308001, 0.000636275, 0.00257728, 0.0278454, 0.000527012, 0.00363623, 0.0248041, 0.00035164, 0.00436793, 0.0217004, 0.000155992, 0.00469096, 0.0185845, -1.94274e-05, 0.00460502, 0.0154982, -0.000148622, 0.00417771, 0.0124866, -0.000213167, 0.00338021, 0.00961751, -0.000205243, 0.00216484, 0.00668157, -0.000159303, 0.00110744, 0.00360782, -0.00010608, 0.000504477, 0.000510657, -3.91861e-05, -5.88991e-05, 
0.0804334, 0.00116837, 0.00443158, 0.0772211, 0.00080755, 0.00354463, 0.074011, 0.000447478, 0.00264959, 0.07081, 0.00011141, 0.00171338, 0.0676154, -0.000164387, 0.000736389, 0.0644131, -0.000335335, -0.000239241, 0.0611899, -0.00037199, -0.00115871, 0.0579337, -0.000286651, -0.00194937, 0.0545941, -0.000155744, -0.00251133, 0.0513858, -3.52487e-05, -0.00277619, 0.0481813, 8.96296e-05, -0.00274259, 0.0450153, 0.000249305, -0.00234788, 0.0419399, 0.000446833, -0.0015557, 0.0390007, 0.000640705, -0.000384267, 0.0361927, 0.000768219, 0.00105755, 0.033441, 0.000783642, 0.00258929, 0.0306447, 0.000679223, 0.00401526, 0.027729, 0.000481818, 0.00514452, 0.0246905, 0.000236569, 0.00583988, 0.0215856, -1.09414e-05, 0.00605129, 0.0184814, -0.00022505, 0.00584428, 0.0154384, -0.000368352, 0.00518887, 0.0125913, -0.000400068, 0.00392317, 0.00981186, -0.00034391, 0.00250496, 0.00684772, -0.000253215, 0.00149502, 0.00381867, -0.000126376, 0.000644703, 0.000740391, 1.81575e-05, -6.97689e-05, 
0.082244, 0.0012996, 0.00501389, 0.0790614, 0.000908376, 0.00403737, 0.0758808, 0.00051776, 0.00305397, 0.0727121, 0.000151424, 0.0020238, 0.069555, -0.000153462, 0.000939846, 0.0663928, -0.000351175, -0.00015433, 0.0632081, -0.000410974, -0.00119836, 0.059987, -0.000343069, -0.00212328, 0.0566753, -0.000220705, -0.0028327, 0.0534816, -9.58036e-05, -0.00323632, 0.0502789, 4.77028e-05, -0.00332182, 0.0471063, 0.000239481, -0.00300114, 0.0440329, 0.000478862, -0.002213, 0.0411303, 0.000718136, -0.000961326, 0.0384182, 0.000887251, 0.000649877, 0.035824, 0.000933389, 0.00243495, 0.0332219, 0.000841939, 0.00419108, 0.0304904, 0.000632558, 0.00571109, 0.0275779, 0.00034544, 0.00681158, 0.0245249, 2.61879e-05, 0.00738053, 0.0214233, -0.000287506, 0.0074616, 0.0183449, -0.000545554, 0.00705344, 0.0154451, -0.0006605, 0.005919, 0.0127529, -0.000626886, 0.00434071, 0.00994257, -0.000526955, 0.00296002, 0.00703098, -0.000365376, 0.00177225, 0.00402438, -0.000167228, 0.000808783, 0.000972858, 5.30167e-05, -3.58805e-05, 
0.0838147, 0.00141773, 0.00557144, 0.0806639, 0.000998365, 0.00450744, 0.0775147, 0.000579604, 0.00343847, 0.0743795, 0.000186068, 0.00231979, 0.0712609, -0.000144565, 0.0011363, 0.0681415, -0.000366633, -7.04553e-05, 0.0649989, -0.000448083, -0.00123353, 0.0618157, -0.000396472, -0.00228261, 0.0585353, -0.000281928, -0.00312607, 0.0553605, -0.000152949, -0.00365745, 0.0521638, 8.14042e-06, -0.00385806, 0.048986, 0.000230498, -0.00361972, 0.0459096, 0.00051026, -0.00285679, 0.0430315, 0.000794037, -0.00155874, 0.0403996, 0.00100504, 0.000175721, 0.0379553, 0.00108455, 0.00216012, 0.0355618, 0.00101218, 0.00419214, 0.0330585, 0.000800827, 0.00606411, 0.0303353, 0.000483999, 0.00756742, 0.0273895, 0.00010419, 0.00852894, 0.0243249, -0.000303116, 0.0089378, 0.021235, -0.000689093, 0.00882106, 0.0182575, -0.000933998, 0.00793598, 0.0155466, -0.000977638, 0.00639032, 0.012862, -0.000905964, 0.00477724, 0.010099, -0.000742337, 0.00327617, 0.007221, -0.000509471, 0.00198382, 0.00423259, -0.000248534, 0.000946963, 0.00120872, 4.26241e-05, 4.72103e-06, 
0.0851807, 0.0015211, 0.00609577, 0.0820635, 0.00107626, 0.00494646, 0.0789473, 0.000632151, 0.00379424, 0.0758463, 0.000214302, 0.00259214, 0.0727662, -0.000139236, 0.00131804, 0.0696905, -0.000382737, 7.7501e-06, 0.066592, -0.000483318, -0.001267, 0.0634488, -0.000446094, -0.00243066, 0.0602015, -0.000338292, -0.00339455, 0.057048, -0.000205353, -0.00403957, 0.0538603, -2.80625e-05, -0.00434351, 0.0506796, 0.000222873, -0.00418458, 0.0475984, 0.000541272, -0.00345693, 0.0447354, 0.000868753, -0.00213621, 0.0421664, 0.0011221, -0.000315179, 0.0398537, 0.00123719, 0.00181949, 0.037661, 0.0011889, 0.00406739, 0.035405, 0.000984258, 0.00623164, 0.0329223, 0.00064959, 0.00810255, 0.0301458, 0.000222358, 0.00946467, 0.0271625, -0.000263136, 0.0102321, 0.0240933, -0.000764916, 0.0104274, 0.0210575, -0.00115935, 0.00984703, 0.0182637, -0.00133372, 0.00846699, 0.0156282, -0.00134, 0.00677343, 0.0129988, -0.00121444, 0.00504576, 0.010288, -0.000976386, 0.00343268, 0.00741674, -0.00068793, 0.00211109, 0.0044556, -0.000352899, 0.000999419, 0.00144729, 4.56554e-06, 1.50084e-05, 
0.0863754, 0.00160909, 0.00658071, 0.0832931, 0.00114176, 0.00534912, 0.0802112, 0.00067536, 0.00411627, 0.077145, 0.000235993, 0.00283512, 0.0741025, -0.00013793, 0.00147897, 0.0710695, -0.000400156, 7.62363e-05, 0.0680152, -0.000516928, -0.00129988, 0.0649123, -0.000491688, -0.00256751, 0.0616986, -0.000389169, -0.00363869, 0.0585673, -0.000252195, -0.00438334, 0.0553904, -6.01198e-05, -0.0047768, 0.0522091, 0.000217004, -0.00468835, 0.0491236, 0.000571574, -0.00399677, 0.0462701, 0.000941199, -0.00266641, 0.0437497, 0.00123694, -0.000784908, 0.0415473, 0.00138939, 0.00146116, 0.0395351, 0.00136952, 0.00387245, 0.0375214, 0.00117967, 0.00626499, 0.0353057, 0.000838931, 0.00844454, 0.032754, 0.000377116, 0.010183, 0.0299044, -0.000172438, 0.0113242, 0.0268918, -0.000771315, 0.0118493, 0.0238331, -0.00130936, 0.0115973, 0.020945, -0.00164436, 0.0104631, 0.0182881, -0.00177422, 0.00880827, 0.0157443, -0.00173076, 0.00695314, 0.0131994, -0.00152845, 0.00508499, 0.0104964, -0.00123484, 0.00344761, 0.00764865, -0.000867298, 0.00207945, 0.0046888, -0.000461245, 0.000974373, 0.00168683, -2.41112e-05, -1.08345e-05, 
0.0874302, 0.00168205, 0.00702202, 0.0843832, 0.00119518, 0.00571254, 0.0813362, 0.000709405, 0.00440279, 0.0783052, 0.000251321, 0.00304684, 0.0752993, -0.000140452, 0.00161613, 0.0723066, -0.000418951, 0.000132132, 0.0692948, -0.000549294, -0.00133327, 0.0662309, -0.000533731, -0.00269283, 0.06305, -0.000434973, -0.0038579, 0.0599406, -0.000293597, -0.00468862, 0.0567748, -8.77415e-05, -0.00515802, 0.0535946, 0.000213425, -0.00512913, 0.0505062, 0.000601399, -0.00446941, 0.0476602, 0.00101061, -0.00313454, 0.0451787, 0.00134741, -0.00120871, 0.043068, 0.00153764, 0.00112094, 0.041212, 0.00154912, 0.00365441, 0.03942, 0.00138086, 0.00621876, 0.0374729, 0.0010456, 0.00864205, 0.0351821, 0.000563811, 0.0107077, 0.0325175, -3.5736e-05, 0.0122127, 0.0296024, -0.000716266, 0.0130781, 0.02656, -0.00138342, 0.013164, 0.0235972, -0.0018859, 0.0123216, 0.0208783, -0.00216951, 0.0107914, 0.018366, -0.0022467, 0.00889501, 0.0159561, -0.00212372, 0.00684939, 0.0134487, -0.00186137, 0.00492126, 0.0107693, -0.00148892, 0.0032483, 0.00791193, -0.00104297, 0.00191293, 0.00494093, -0.000549137, 0.000862766, 0.00192603, -1.95503e-05, -4.76611e-05, 
0.0883733, 0.00174103, 0.00741715, 0.0853612, 0.00123724, 0.00603546, 0.0823489, 0.000734648, 0.00465377, 0.0793527, 0.000260431, 0.00322769, 0.0763821, -0.000146567, 0.00172906, 0.0734271, -0.000438841, 0.000174016, 0.0704545, -0.0005805, -0.00136836, 0.0674269, -0.000572667, -0.00280705, 0.0642764, -0.000476362, -0.00405221, 0.0611875, -0.000330175, -0.00495545, 0.0580325, -0.000111134, -0.00548739, 0.0548545, 0.00021237, -0.00550622, 0.0517648, 0.000631121, -0.00487125, 0.0489265, 0.00107684, -0.00353193, 0.0464783, 0.001452, -0.00157082, 0.0444451, 0.00167859, 0.000823545, 0.042722, 0.00172206, 0.00344892, 0.0411238, 0.00157935, 0.00613982, 0.0394269, 0.00125869, 0.0087463, 0.0374085, 0.000772353, 0.0110778, 0.0349682, 0.000140498, 0.0129137, 0.0321911, -0.000605794, 0.014114, 0.0292039, -0.00138604, 0.0145346, 0.0262006, -0.00204941, 0.0140057, 0.0234077, -0.00250097, 0.0126603, 0.0208828, -0.00272642, 0.0107926, 0.0185641, -0.00271895, 0.00864067, 0.0162515, -0.00252812, 0.00647519, 0.0137876, -0.00218941, 0.00449251, 0.0111003, -0.00173457, 0.00284384, 0.00821169, -0.00120429, 0.00159947, 0.00520951, -0.000615211, 0.000683575, 0.00216484, 1.1983e-05, -6.3948e-05, 
0.0892287, 0.0017874, 0.00776536, 0.0862502, 0.0012691, 0.00631782, 0.0832716, 0.000751925, 0.00487001, 0.0803094, 0.000263722, 0.00337903, 0.0773726, -0.000156052, 0.00181863, 0.0744522, -0.000459501, 0.000201642, 0.0715148, -0.000610246, -0.00140605, 0.0685197, -0.000608387, -0.00291112, 0.0653961, -0.000513374, -0.00422244, 0.0623253, -0.000362114, -0.0051845, 0.0591799, -0.000130407, -0.00576545, 0.0560044, 0.000213923, -0.0058195, 0.0529155, 0.0006609, -0.00520029, 0.0500863, 0.00113984, -0.00385318, 0.047669, 0.00154982, -0.00186091, 0.045703, 0.00180987, 0.00058565, 0.0440929, 0.00188394, 0.00328111, 0.0426589, 0.00176753, 0.00606417, 0.0411806, 0.00146591, 0.00880274, 0.0394212, 0.000986807, 0.0113368, 0.0372234, 0.000342126, 0.0134532, 0.0346161, -0.000449253, 0.0149649, 0.0317177, -0.00132269, 0.0157035, 0.0287112, -0.00213148, 0.0154877, 0.0258536, -0.00275136, 0.0143632, 0.0232894, -0.00313999, 0.0125777, 0.0210175, -0.00327252, 0.0103804, 0.0188733, -0.00318482, 0.00804194, 0.0166497, -0.00291618, 0.00578363, 0.0142003, -0.00249138, 0.00379192, 0.0114709, -0.00195828, 0.00222996, 0.00853271, -0.00134078, 0.00114162, 0.00548457, -0.000670097, 0.000447953, 0.00240385, 4.33994e-05, -4.75213e-05, 
0.0900169, 0.00182292, 0.00806795, 0.0870701, 0.00129242, 0.00656111, 0.0841235, 0.000762753, 0.00505347, 0.081194, 0.000262336, 0.00350327, 0.0782892, -0.000168279, 0.00188699, 0.0754002, -0.000480531, 0.000216066, 0.0724938, -0.000638103, -0.00144641, 0.0695267, -0.000640397, -0.00300581, 0.0664256, -0.000545416, -0.00436977, 0.0633697, -0.000388843, -0.0053772, 0.060232, -0.000145125, -0.00599384, 0.0570591, 0.0002184, -0.00607059, 0.0539728, 0.000690878, -0.00545736, 0.0511549, 0.00119953, -0.0040974, 0.0487682, 0.00164037, -0.00207522, 0.0468624, 0.00193021, 0.000415255, 0.0453491, 0.00203239, 0.00316533, 0.0440516, 0.00194115, 0.00601553, 0.0427547, 0.00165883, 0.00884651, 0.0412223, 0.00119183, 0.0115261, 0.0392613, 0.000549081, 0.0138641, 0.0368393, -0.000264692, 0.0156478, 0.0340526, -0.00120607, 0.0166757, 0.0310748, -0.00213703, 0.0167543, 0.0281734, -0.00291347, 0.0158634, 0.0255612, -0.00346678, 0.0141948, 0.0233018, -0.00375125, 0.011999, 0.0212844, -0.00378531, 0.00954897, 0.0192935, -0.00361075, 0.00707467, 0.0171247, -0.00324741, 0.00477009, 0.0146395, -0.00274332, 0.00283531, 0.0118451, -0.0021286, 0.00141684, 0.00884106, -0.00144648, 0.000560845, 0.00575098, -0.00071608, 0.000156677, 0.00264363, 5.13793e-05, -1.25639e-05, 
0.0907558, 0.00184984, 0.00832839, 0.0878385, 0.00130923, 0.00676867, 0.0849218, 0.000769104, 0.00520758, 0.0820229, 0.000258118, 0.00360415, 0.079148, -0.000181955, 0.00193776, 0.0762874, -0.000501299, 0.000219973, 0.0734079, -0.000663732, -0.00148814, 0.070464, -0.000668352, -0.00309112, 0.0673811, -0.00057194, -0.0044954, 0.0643365, -0.0004096, -0.00553575, 0.0612044, -0.000154526, -0.00617578, 0.0580339, 0.000226407, -0.00626374, 0.0549517, 0.000721431, -0.00564739, 0.0521474, 0.00125604, -0.00426955, 0.0497912, 0.00172359, -0.00221774, 0.0479403, 0.00203919, 0.000310708, 0.0465108, 0.00216657, 0.00310425, 0.045327, 0.00209915, 0.00600413, 0.0441762, 0.00183504, 0.00889931, 0.0428299, 0.00137928, 0.011679, 0.0410804, 0.000744157, 0.0141811, 0.0388422, -7.42154e-05, 0.0161887, 0.036177, -0.00105691, 0.0174692, 0.0332493, -0.00208191, 0.0178126, 0.0303266, -0.00299396, 0.0171489, 0.0276704, -0.0037015, 0.0156131, 0.0254042, -0.00413823, 0.0134497, 0.0234733, -0.00430131, 0.010936, 0.0216829, -0.00423182, 0.00830799, 0.0197972, -0.00394813, 0.00575645, 0.0176144, -0.00349502, 0.00347531, 0.0150546, -0.00290566, 0.00165896, 0.0121711, -0.00222886, 0.000455071, 0.00910598, -0.00150417, -0.000115301, 0.00599174, -0.000748952, -0.000181714, 0.00288438, 3.44049e-05, 1.54387e-05, 
0.0914609, 0.00187076, 0.00855199, 0.0885708, 0.00132162, 0.00694538, 0.0856815, 0.000772887, 0.00533704, 0.0828108, 0.000253035, 0.00368648, 0.0799634, -0.000195425, 0.00197569, 0.0771283, -0.00052092, 0.000217304, 0.0742718, -0.000686875, -0.00152874, 0.071347, -0.000692288, -0.00316625, 0.068278, -0.000592993, -0.00460039, 0.0652414, -0.000424163, -0.00566301, 0.0621129, -0.000158174, -0.00631598, 0.0589443, 0.000238466, -0.00640559, 0.0558675, 0.00075309, -0.00577883, 0.0530782, 0.00130984, -0.00437935, 0.0507522, 0.0017999, -0.00229855, 0.0489511, 0.00213701, 0.000262858, 0.0475943, 0.00228622, 0.00309135, 0.0465058, 0.00224154, 0.00602878, 0.0454725, 0.00199578, 0.00896952, 0.0442729, 0.001549, 0.011817, 0.0426991, 0.000919322, 0.0144345, 0.040629, 0.000104673, 0.0166165, 0.0380847, -0.000897272, 0.0181102, 0.0352176, -0.0019881, 0.0186846, 0.0322913, -0.00301029, 0.0182304, 0.0296, -0.00385357, 0.0168304, 0.0273199, -0.00443352, 0.0147158, 0.0254465, -0.00472463, 0.0121703, 0.0238186, -0.00476237, 0.00943809, 0.0221901, -0.00456618, 0.00670747, 0.0203232, -0.00417635, 0.00415087, 0.0180635, -0.00362741, 0.00196198, 0.0153905, -0.00296554, 0.000337325, 0.0124144, -0.00224624, -0.000595837, 0.0093058, -0.0015049, -0.000841339, 0.00619726, -0.000755883, -0.000551238, 0.00312602, 1.08405e-05, 2.15308e-05, 
0.0921451, 0.00188829, 0.00874494, 0.0892799, 0.0013315, 0.0070969, 0.0864155, 0.000775573, 0.00544709, 0.0835702, 0.000248574, 0.00375533, 0.0807476, -0.000207202, 0.00200569, 0.0779352, -0.000538423, 0.000212303, 0.0750984, -0.000707263, -0.00156528, 0.0721891, -0.000712499, -0.00323007, 0.0691303, -0.00060924, -0.00468583, 0.0660991, -0.00043313, -0.00576234, 0.0629725, -0.0001564, -0.00642018, 0.0598056, 0.000254549, -0.00650437, 0.0567349, 0.00078616, -0.00586221, 0.0539614, 0.00136147, -0.00443915, 0.0516643, 0.00187009, -0.00233086, 0.0499073, 0.00222444, 0.000258756, 0.0486125, 0.00239147, 0.00311513, 0.047604, 0.00236801, 0.00608126, 0.0466668, 0.00214239, 0.00905561, 0.0455821, 0.00170476, 0.0119502, 0.0441477, 0.00107571, 0.0146467, 0.0422219, 0.000264187, 0.0169581, 0.0397906, -0.000743474, 0.0186261, 0.036987, -0.00187618, 0.0193989, 0.0340683, -0.002983, 0.0191336, 0.0313496, -0.00394035, 0.0178662, 0.0290536, -0.00464912, 0.0158087, 0.0272203, -0.00506191, 0.0132509, 0.0257237, -0.00520427, 0.010448, 0.024321, -0.00509751, 0.00759006, 0.0227552, -0.00477737, 0.00482973, 0.0208227, -0.00427918, 0.00233655, 0.0184316, -0.00364228, 0.000311881, 0.0156305, -0.0029275, -0.00106228, 0.0125751, -0.00218529, -0.00168418, 0.00945124, -0.00145022, -0.00158575, 0.00640431, -0.000690787, -0.00088722, 0.00335359, -4.83397e-05, -6.83916e-05, 0.000124751, -9.70602e-06, -1.55644e-05, 
0.0928185, 0.00190461, 0.00891333, 0.0899761, 0.00134046, 0.00722873, 0.0871341, 0.000778151, 0.00554264, 0.0843114, 0.000245484, 0.00381519, 0.081511, -0.00021639, 0.00203192, 0.0787186, -0.000552993, 0.000208487, 0.0758986, -0.000724571, -0.00159538, 0.0730018, -0.000729296, -0.00328186, 0.0699507, -0.000621629, -0.00475321, 0.0669227, -0.000437718, -0.0058376, 0.063797, -0.000150287, -0.00649479, 0.0606316, 0.000273943, -0.00656906, 0.0575673, 0.000820472, -0.00590882, 0.0548093, 0.00141132, -0.00446201, 0.0525391, 0.00193511, -0.00232851, 0.0508205, 0.00230291, 0.000284842, 0.0495769, 0.00248328, 0.00316311, 0.0486345, 0.00247811, 0.00615095, 0.0477768, 0.00227451, 0.00915079, 0.0467842, 0.00184965, 0.0120801, 0.0454587, 0.00121886, 0.0148314, 0.0436514, 0.000405204, 0.0172359, 0.0413212, -0.00060345, 0.0190419, 0.0385798, -0.00176069, 0.0199828, 0.0356748, -0.00292965, 0.019887, 0.0329333, -0.0039796, 0.0187486, 0.0306188, -0.00480083, 0.0167547, 0.0288136, -0.00532657, 0.0141976, 0.0274256, -0.00556885, 0.0113461, 0.0262233, -0.00555045, 0.00839634, 0.0249386, -0.00530337, 0.00548739, 0.0233373, -0.00486289, 0.00275958, 0.0212714, -0.00426157, 0.000394745, 0.0187254, -0.00355669, -0.0014126, 0.0158064, -0.00280923, -0.0025054, 0.0126971, -0.00206977, -0.00281075, 0.00962425, -0.00129871, -0.00225243, 0.00669218, -0.000556432, -0.00113792, 0.00354834, -0.000198964, -0.000491282, 0.000356198, 1.2305e-05, -1.12859e-05, 
0.0934883, 0.00192133, 0.00906254, 0.0906666, 0.00134986, 0.0073458, 0.0878449, 0.000781432, 0.00562799, 0.0850422, 0.000244047, 0.00386966, 0.0822613, -0.00022265, 0.00205745, 0.0794864, -0.000564024, 0.000208335, 0.0766807, -0.000738321, -0.00161748, 0.0737941, -0.000742693, -0.00332137, 0.0707487, -0.000630858, -0.00480415, 0.0677227, -0.000439126, -0.00589251, 0.064597, -0.000141096, -0.00654568, 0.0614331, 0.000295702, -0.0066076, 0.0583754, 0.000855618, -0.00592833, 0.0556324, 0.00145958, -0.00445872, 0.0533865, 0.00199577, -0.00230265, 0.0517006, 0.00237393, 0.000330442, 0.0504982, 0.00256323, 0.00322558, 0.0496079, 0.00257183, 0.00622937, 0.0488147, 0.00239014, 0.00924829, 0.0478968, 0.00198307, 0.0122044, 0.0466567, 0.00135245, 0.0149953, 0.0449436, 0.000531518, 0.0174653, 0.0426994, -0.000480328, 0.0193754, 0.0400152, -0.00165276, 0.0204527, 0.0371271, -0.00286551, 0.0205026, 0.0343669, -0.00398695, 0.0194836, 0.0320325, -0.00490173, 0.0175548, 0.0302455, -0.0055272, 0.0150073, 0.0289445, -0.00586109, 0.0121242, 0.0279142, -0.0059262, 0.00911077, 0.0268796, -0.00575127, 0.00609868, 0.0255891, -0.00537152, 0.00320226, 0.0238529, -0.00481314, 0.000576203, 0.0216023, -0.00412512, -0.00159332, 0.0188959, -0.00337401, -0.00313735, 0.0158793, -0.00262752, -0.00394432, 0.0127614, -0.0018518, -0.00378529, 0.00983453, -0.00106006, -0.00269123, 0.00682454, -0.000532147, -0.00164675, 0.00369754, -0.000238353, -0.000871923, 0.000590789, 2.36523e-05, 7.54789e-06, 
0.0941597, 0.00193951, 0.00919734, 0.0913568, 0.00136092, 0.00745251, 0.0885534, 0.000786283, 0.00570697, 0.0857686, 0.00024448, 0.0039218, 0.0830047, -0.000226005, 0.0020846, 0.0802451, -0.000571279, 0.000213502, 0.0774517, -0.000748136, -0.00163076, 0.0745735, -0.000752516, -0.00334889, 0.0715325, -0.00063726, -0.0048404, 0.0685076, -0.000438274, -0.00593061, 0.0653818, -0.000130035, -0.00657832, 0.0622193, 0.000318727, -0.00662741, 0.0591681, 0.000890929, -0.00592977, 0.0564388, 0.00150617, -0.0044394, 0.0542144, 0.00205272, -0.00226379, 0.0525558, 0.00243926, 0.00038544, 0.0513857, 0.00263406, 0.00329342, 0.050535, 0.00265108, 0.00630861, 0.0497919, 0.00248863, 0.00934136, 0.0489345, 0.00210374, 0.0123185, 0.0477628, 0.00147897, 0.0151401, 0.0461247, 0.000649159, 0.0176576, 0.0439524, -0.000370181, 0.0196452, 0.0413195, -0.00155477, 0.0208304, 0.0384498, -0.00279955, 0.0210027, 0.0356743, -0.00397519, 0.0200922, 0.0333176, -0.00496508, 0.0182286, 0.0315392, -0.00567618, 0.0156977, 0.0303069, -0.00609226, 0.0127951, 0.0294238, -0.00623468, 0.00973792, 0.0286124, -0.00612986, 0.00665501, 0.0276097, -0.00581217, 0.00363961, 0.0261954, -0.00530237, 0.000817945, 0.0242538, -0.00463755, -0.00163841, 0.0218039, -0.00388372, -0.00356275, 0.018965, -0.00312751, -0.00485773, 0.0158673, -0.00235121, -0.00524502, 0.0128555, -0.00152685, -0.0044451, 0.00992971, -0.000880303, -0.00324037, 0.00688413, -0.000492162, -0.00222127, 0.00386366, -0.000201766, -0.00108705, 0.000826581, 1.75064e-05, 2.80957e-05, 
0.0948365, 0.00195979, 0.00932183, 0.0920504, 0.00137455, 0.00755247, 0.0892636, 0.00079356, 0.00578267, 0.0864949, 0.000247093, 0.00397404, 0.0837462, -0.000226596, 0.00211502, 0.081, -0.000574856, 0.000224845, 0.0782172, -0.000753882, -0.0016352, 0.0753462, -0.000758555, -0.00336527, 0.0723088, -0.000640822, -0.00486386, 0.0692846, -0.000435609, -0.00595506, 0.0661587, -0.000117942, -0.00659732, 0.0629976, 0.000342113, -0.00663454, 0.0599524, 0.000925758, -0.00592041, 0.0572352, 0.00155093, -0.00441206, 0.0550291, 0.00210631, -0.00222016, 0.053393, 0.00250026, 0.000441926, 0.0522479, 0.00269865, 0.00335958, 0.0514259, 0.00271901, 0.00638272, 0.05072, 0.0025706, 0.00942505, 0.04991, 0.00220979, 0.0124184, 0.0487937, 0.00159856, 0.0152653, 0.0472165, 0.000763043, 0.0178196, 0.0451042, -0.000266914, 0.0198656, 0.042517, -0.00146447, 0.0211354, 0.0396666, -0.00273522, 0.0214087, 0.0368794, -0.00395285, 0.0205943, 0.0344987, -0.00500206, 0.0187946, 0.0327196, -0.00578473, 0.0162855, 0.0315381, -0.00627234, 0.013373, 0.0307786, -0.0064848, 0.0102867, 0.0301658, -0.0064472, 0.00715678, 0.0294289, -0.00619231, 0.00405987, 0.028326, -0.00573731, 0.00109359, 0.0266968, -0.00510415, -0.00158789, 0.0245199, -0.00434963, -0.00381613, 0.0219106, -0.00357605, -0.00551952, 0.0189395, -0.00279712, -0.00647553, 0.0158436, -0.00195105, -0.00617628, 0.0129036, -0.00121477, -0.00506096, 0.00992289, -0.000723091, -0.00390396, 0.00697906, -0.000382023, -0.0025957, 0.00401293, -0.000164753, -0.00130327, 0.0010626, 9.06079e-07, 3.65968e-05, 
0.0955211, 0.00198253, 0.00943955, 0.0927501, 0.00139139, 0.00764862, 0.0899783, 0.00080401, 0.0058575, 0.0872242, 0.000252315, 0.0040282, 0.0844892, -0.000224516, 0.00214988, 0.0817551, -0.000575051, 0.000242769, 0.0789817, -0.000755715, -0.00163119, 0.076117, -0.000760723, -0.00337169, 0.0730827, -0.000641334, -0.00487645, 0.0700593, -0.000431154, -0.00596856, 0.0669332, -0.000105223, -0.00660626, 0.0637736, 0.000365194, -0.00663348, 0.0607337, 0.000959497, -0.00590556, 0.0580269, 0.00159356, -0.00438248, 0.0558356, 0.00215661, -0.00217764, 0.0542174, 0.00255767, 0.00049431, 0.0530912, 0.00275943, 0.00341909, 0.0522895, 0.00277954, 0.00644767, 0.0516096, 0.00263845, 0.00949626, 0.0508354, 0.00229975, 0.0125017, 0.0497632, 0.00170905, 0.0153698, 0.0482358, 0.00087524, 0.0179547, 0.0461742, -0.000164516, 0.020047, 0.0436279, -0.0013764, 0.0213839, 0.0407975, -0.00267149, 0.0217393, 0.0380029, -0.00392451, 0.0210083, 0.0355986, -0.00502119, 0.0192693, 0.0338104, -0.00586271, 0.0167858, 0.032663, -0.00641128, 0.0138705, 0.0320033, -0.00668517, 0.0107662, 0.0315633, -0.00670977, 0.00760724, 0.031069, -0.0065171, 0.00445804, 0.0302662, -0.00612298, 0.00138843, 0.0289532, -0.00553376, -0.00147061, 0.0270572, -0.00478783, -0.00394491, 0.0246924, -0.00399137, -0.00596523, 0.0219312, -0.0031987, -0.00741286, 0.0188403, -0.00233632, -0.0077178, 0.0158184, -0.00152646, -0.00691672, 0.0128524, -0.000931634, -0.00577052, 0.00995347, -0.000516564, -0.00438556, 0.00706809, -0.000260335, -0.00292805, 0.00416963, -0.000110588, -0.00147764, 0.00129839, -1.15691e-05, 3.06454e-05, 
0.0962149, 0.00200791, 0.00955353, 0.0934574, 0.00141177, 0.00774337, 0.0906994, 0.000818161, 0.00593328, 0.0879587, 0.000260634, 0.00408564, 0.0852363, -0.000219737, 0.00219, 0.0825132, -0.000572254, 0.000267486, 0.0797486, -0.000754087, -0.00161921, 0.0768898, -0.000759205, -0.0033693, 0.0738584, -0.000638611, -0.00487993, 0.0708357, -0.000424662, -0.00597336, 0.0677097, -9.19133e-05, -0.00660784, 0.0645514, 0.000387555, -0.0066274, 0.061516, 0.000991555, -0.00588876, 0.0588174, 0.00163368, -0.00435442, 0.0566376, 0.0022034, -0.00213993, 0.055033, 0.00261149, 0.000539109, 0.0539207, 0.00281779, 0.0034689, 0.0531328, 0.00283654, 0.0065011, 0.0524699, 0.00269649, 0.00955348, 0.0517211, 0.00237423, 0.0125671, 0.0506833, 0.00180743, 0.0154527, 0.0491965, 0.000984203, 0.0180645, 0.0471776, -6.00555e-05, 0.0201958, 0.0446675, -0.00128507, 0.0215882, 0.0418575, -0.00260408, 0.0220109, 0.0390605, -0.00389032, 0.0213501, 0.0366356, -0.00502779, 0.0196668, 0.0348335, -0.00591848, 0.0172107, 0.0337052, -0.00651852, 0.0142981, 0.0331216, -0.00684477, 0.0111836, 0.0328269, -0.00692494, 0.00800868, 0.0325478, -0.00679097, 0.00483015, 0.0320278, -0.00646034, 0.00169288, 0.0310341, -0.0059281, -0.00130292, 0.0294326, -0.00520769, -0.0039842, 0.0273129, -0.00439354, -0.0062541, 0.0247928, -0.00357603, -0.00807865, 0.021824, -0.00269651, -0.00897468, 0.0187324, -0.00182129, -0.00864919, 0.0157253, -0.00112354, -0.00768223, 0.0128262, -0.000619292, -0.00632749, 0.0100036, -0.000295105, -0.00476448, 0.00716116, -0.000118593, -0.00320994, 0.00434365, -3.9599e-05, -0.00160241, 0.00153519, -1.049e-05, 2.05812e-05, 
0.0969182, 0.00203606, 0.00966628, 0.0941732, 0.00143567, 0.00783864, 0.0914278, 0.000836224, 0.00601138, 0.0886996, 0.000272498, 0.00414722, 0.085989, -0.000212064, 0.00223586, 0.0832763, -0.000566791, 0.000299059, 0.08052, -0.000749636, -0.0015997, 0.0776669, -0.000754557, -0.0033591, 0.0746386, -0.000632758, -0.00487577, 0.0716169, -0.000415894, -0.0059713, 0.0684912, -7.77785e-05, -0.00660413, 0.065334, 0.000409122, -0.0066185, 0.062302, 0.00102153, -0.00587231, 0.0596097, 0.00167085, -0.00433012, 0.057438, 0.00224631, -0.00210915, 0.0558428, 0.00266117, 0.000574425, 0.0547401, 0.00287376, 0.0035074, 0.0539612, 0.00289261, 0.00654194, 0.0533086, 0.00274981, 0.00959641, 0.0525765, 0.00243668, 0.0126151, 0.0515644, 0.00189239, 0.0155141, 0.0501099, 0.00108652, 0.0181494, 0.0481266, 4.53233e-05, 0.0203153, 0.0456479, -0.00118817, 0.0217558, 0.0428575, -0.00252885, 0.0222355, 0.0400622, -0.00384747, 0.0216337, 0.037622, -0.00502303, 0.0199996, 0.0358054, -0.00595718, 0.0175704, 0.0346861, -0.00660193, 0.0146638, 0.0341575, -0.00697266, 0.0115446, 0.0339799, -0.00710091, 0.00836249, 0.0338844, -0.00701986, 0.00517136, 0.0336204, -0.00675102, 0.00199643, 0.0329406, -0.00628444, -0.00109639, 0.0316509, -0.00560847, -0.00395176, 0.0297848, -0.00479241, -0.00643365, 0.0275033, -0.00394814, -0.00853848, 0.02474, -0.00304942, -0.00993368, 0.0216565, -0.00211521, -0.0101552, 0.0185887, -0.00131279, -0.00951522, 0.0156446, -0.000705166, -0.00830817, 0.0128423, -0.000292693, -0.00672941, 0.0100544, -5.72345e-05, -0.00508641, 0.00729477, 4.10393e-05, -0.00338242, 0.0045195, 4.48812e-05, -0.00170307, 0.00177283, 1.00179e-06, 1.89967e-05, 
0.0976312, 0.00206719, 0.00977977, 0.0948979, 0.00146293, 0.00793594, 0.0921642, 0.000858112, 0.00609281, 0.0894478, 0.000288189, 0.00421348, 0.0867483, -0.000201195, 0.00228762, 0.0840457, -0.000558758, 0.000337364, 0.0812976, -0.000742897, -0.00157312, 0.0784503, -0.000747508, -0.00334194, 0.0754254, -0.00062427, -0.00486524, 0.072405, -0.0004049, -0.00596395, 0.0692797, -6.25619e-05, -0.00659684, 0.0661234, 0.000430164, -0.00660849, 0.063094, 0.00104946, -0.00585778, 0.0604059, 0.00170504, -0.00431091, 0.0582391, 0.0022853, -0.00208637, 0.0566492, 0.0027062, 0.000599444, 0.0555522, 0.00292644, 0.00353399, 0.0547788, 0.00294843, 0.00656988, 0.0541319, 0.00280248, 0.00962542, 0.0534099, 0.00249235, 0.0126468, 0.0524157, 0.0019658, 0.0155553, 0.0509864, 0.00117999, 0.0182104, 0.0490321, 0.00014856, 0.0204071, 0.04658, -0.00108697, 0.0218906, 0.0438068, -0.00244452, 0.0224208, 0.0410156, -0.00379335, 0.0218695, 0.038565, -0.0050056, 0.0202783, 0.0367363, -0.00598037, 0.0178742, 0.0356213, -0.00666607, 0.0149754, 0.0351322, -0.00707601, 0.0118546, 0.0350466, -0.00724592, 0.00867067, 0.0351025, -0.00721126, 0.00547777, 0.0350596, -0.00699898, 0.0022879, 0.0346739, -0.00660101, -0.000864602, 0.033708, -0.0059858, -0.00385823, 0.032115, -0.00518827, -0.00652927, 0.0300664, -0.00432475, -0.00885439, 0.0275436, -0.00340744, -0.0106389, 0.0245625, -0.00242361, -0.0113967, 0.0214643, -0.00151839, -0.01118, 0.0184524, -0.000793074, -0.0102333, 0.0156205, -0.000272295, -0.0087418, 0.0128687, 4.72488e-05, -0.0070528, 0.0101642, 0.000197423, -0.00526623, 0.00744398, 0.000211868, -0.00349917, 0.00471767, 0.000136025, -0.00174614, 0.00201068, 1.11407e-05, 3.03378e-05, 
0.0983537, 0.00210166, 0.00989554, 0.0956317, 0.00149344, 0.00803645, 0.0929093, 0.000883579, 0.00617836, 0.0902041, 0.00030774, 0.00428477, 0.0875153, -0.000186879, 0.00234526, 0.0848225, -0.000548022, 0.000382128, 0.0820826, -0.000734058, -0.00153997, 0.0792415, -0.000738599, -0.00331858, 0.0762204, -0.000613788, -0.00484941, 0.0732018, -0.000392051, -0.00595261, 0.0700774, -4.62186e-05, -0.0065874, 0.0669218, 0.000451067, -0.0065987, 0.0638939, 0.00107585, -0.00584627, 0.0612081, 0.00173673, -0.00429755, 0.0590435, 0.00232093, -0.00207197, 0.0574553, 0.00274672, 0.00061406, 0.0563602, 0.00297495, 0.0035487, 0.055589, 0.00300319, 0.00658512, 0.0549446, 0.0028564, 0.00964116, 0.0542279, 0.00254602, 0.0126638, 0.0532456, 0.00203163, 0.0155785, 0.0518351, 0.00126504, 0.0182492, 0.0499038, 0.000247469, 0.0204726, 0.0474735, -0.0009841, 0.0219947, 0.0447148, -0.00235234, 0.0225709, 0.0419278, -0.00372732, 0.0220647, 0.0394704, -0.00497427, 0.0205112, 0.0376327, -0.00598783, 0.0181302, 0.0365209, -0.00671252, 0.0152397, 0.0360617, -0.00715887, 0.0121193, 0.0360486, -0.00736608, 0.00893646, 0.0362272, -0.00737237, 0.00574789, 0.0363683, -0.00721005, 0.00255792, 0.0362439, -0.00687838, -0.000623267, 0.0355984, -0.00633518, -0.00371542, 0.0343016, -0.00557801, -0.00655326, 0.0324921, -0.00470962, -0.00906727, 0.0302158, -0.00377674, -0.01115, 0.0274114, -0.00275494, -0.0123834, 0.0243444, -0.00175609, -0.0126298, 0.0212765, -0.000904181, -0.0120332, 0.0183792, -0.000255111, -0.0107294, 0.0156289, 0.000174154, -0.00906237, 0.012968, 0.000404937, -0.00721981, 0.0103193, 0.000463696, -0.00534811, 0.00763448, 0.000391856, -0.00353202, 0.00493626, 0.000225437, -0.00174564, 0.00224861, 1.00808e-05, 4.77065e-05, 
0.099086, 0.00213992, 0.0100149, 0.096375, 0.0015272, 0.00814118, 0.0936637, 0.000912392, 0.0062687, 0.0909693, 0.000330995, 0.00436138, 0.088291, -0.00016903, 0.00240875, 0.0856079, -0.000534375, 0.00043307, 0.0828765, -0.000722997, -0.0015007, 0.0800419, -0.000728001, -0.00328966, 0.0770252, -0.000601775, -0.00482908, 0.074009, -0.000377787, -0.00593825, 0.0708856, -2.88867e-05, -0.0065768, 0.0677306, 0.000472123, -0.00659002, 0.0647035, 0.00110132, -0.0058384, 0.0620185, 0.00176675, -0.00429035, 0.0598536, 0.00235426, -0.00206586, 0.0582638, 0.00278365, 0.000618691, 0.0571671, 0.00301915, 0.00355215, 0.0563951, 0.00305581, 0.00658828, 0.0557508, 0.00291165, 0.00964445, 0.0550363, 0.0026007, 0.0126676, 0.0540613, 0.00209402, 0.015586, 0.0526642, 0.00134389, 0.0182684, 0.0507507, 0.000341619, 0.0205141, 0.0483378, -0.00088168, 0.0220702, 0.0455905, -0.00225449, 0.0226883, 0.0428067, -0.0036503, 0.0222232, 0.0403442, -0.00492882, 0.0207038, 0.0384997, -0.00597916, 0.0183441, 0.0373913, -0.00674154, 0.0154619, 0.0369565, -0.00722291, 0.0123433, 0.0370022, -0.00746493, 0.00916322, 0.0372811, -0.0075085, 0.00598214, 0.0375723, -0.00739, 0.00280042, 0.0376694, -0.00711869, -0.000387432, 0.0373227, -0.00665239, -0.00353952, 0.036337, -0.00595611, -0.00651472, 0.0347833, -0.00510294, -0.00919921, 0.0327524, -0.00416161, -0.0115186, 0.0301697, -0.00311327, -0.0131497, 0.0272016, -0.00203535, -0.0138518, 0.0241193, -0.00105733, -0.0136597, 0.0211474, -0.000264279, -0.0126329, 0.0183616, 0.000300366, -0.0110684, 0.0157215, 0.000640609, -0.00921286, 0.0131479, 0.000776295, -0.00724295, 0.0105355, 0.000744602, -0.0053231, 0.00787803, 0.000575961, -0.00347684, 0.00517689, 0.000313841, -0.00171018, 0.00248628, -2.11756e-06, 5.94486e-05, 
0.0998282, 0.00218227, 0.0101389, 0.0971282, 0.00156433, 0.00825107, 0.0944278, 0.000944413, 0.00636454, 0.0917441, 0.000357713, 0.00444373, 0.0890764, -0.000147731, 0.0024782, 0.0864031, -0.000517694, 0.000490076, 0.0836804, -0.000709508, -0.00145555, 0.0808527, -0.000715643, -0.00325547, 0.0778411, -0.000588447, -0.00480463, 0.0748277, -0.000362434, -0.0059213, 0.0717058, -1.07486e-05, -0.00656548, 0.0685514, 0.000493493, -0.00658275, 0.0655242, 0.00112639, -0.00583424, 0.0628386, 0.00179588, -0.00428904, 0.0606715, 0.00238638, -0.00206749, 0.0590777, 0.00281833, 0.000614234, 0.0579762, 0.00305971, 0.00354545, 0.0572005, 0.00310558, 0.0065805, 0.056554, 0.00296747, 0.00963648, 0.0558394, 0.0026577, 0.0126597, 0.0548684, 0.00215616, 0.0155804, 0.0534806, 0.00141926, 0.0182713, 0.0515804, 0.000431761, 0.0205347, 0.049181, -0.000780969, 0.0221197, 0.0464422, -0.00215332, 0.0227753, 0.0436599, -0.00356419, 0.0223478, 0.0411928, -0.00487009, 0.0208594, 0.039343, -0.00595449, 0.0185194, 0.0382384, -0.00675303, 0.0156456, 0.0378247, -0.00726861, 0.0125295, 0.0379196, -0.00754411, 0.00935323, 0.0382821, -0.00762293, 0.00618126, 0.0386956, -0.00754369, 0.00301189, 0.0389734, -0.00732509, -0.000169366, 0.0388894, -0.00693368, -0.00334946, 0.0382126, -0.00631382, -0.00642613, 0.0369324, -0.00549956, -0.00926277, 0.0351492, -0.00456342, -0.0117796, 0.0328097, -0.00350065, -0.0137358, 0.0299973, -0.00236124, -0.0148568, 0.0269568, -0.00126685, -0.0150851, 0.0239309, -0.000322306, -0.0144015, 0.0210848, 0.000399536, -0.0130212, 0.0184349, 0.000878023, -0.0112107, 0.0159231, 0.00112212, -0.00917262, 0.0134097, 0.00116445, -0.00712505, 0.0108365, 0.00103368, -0.00516012, 0.00816766, 0.000767924, -0.00334558, 0.00544793, 0.00040359, -0.0016306, 0.00272375, -1.65347e-05, 5.92791e-05, 
