0.00833, 0, 0, 0.004165, 0, 0, 
0.00864241, 9.63541e-08, -1.21469e-07, 0.0044774, -9.80719e-08, 1.23634e-07, 0.000312375, -4.97499e-07, 6.27172e-07, 
0.00895476, 2.61641e-07, -3.29838e-07, 0.00478976, -2.6839e-07, 3.38347e-07, 0.00062475, -4.97499e-07, 6.27172e-07, 
0.00926714, 3.03665e-07, -3.82815e-07, 0.00510213, -3.18542e-07, 4.01571e-07, 0.000937125, -4.97497e-07, 6.2717e-07, 
0.00957953, 1.76053e-07, -2.21941e-07, 0.00541452, -2.01957e-07, 2.54597e-07, 0.0012495, -4.97496e-07, 6.27169e-07, 
0.00989188, 2.23775e-08, -2.82102e-08, 0.00572688, -6.2031e-08, 7.81995e-08, 0.00156188, -4.97497e-07, 6.2717e-07, 
0.0102043, 5.60189e-09, -7.06203e-09, 0.00603927, -6.15308e-08, 7.75688e-08, 0.00187425, -4.97498e-07, 6.27171e-07, 
0.0105166, 1.25013e-07, -1.57598e-07, 0.00635163, -1.99567e-07, 2.51584e-07, 0.00218663, -4.97499e-07, 6.27172e-07, 
0.010829, 2.25975e-07, -2.84875e-07, 0.00666401, -3.21292e-07, 4.05037e-07, 0.002499, -4.97498e-07, 6.27171e-07, 
0.0111414, 1.81207e-07, -2.28439e-07, 0.0069764, -2.99236e-07, 3.77232e-07, 0.00281138, -4.97497e-07, 6.2717e-07, 
0.0114538, 3.1717e-08, -3.9984e-08, 0.00728875, -1.74229e-07, 2.19642e-07, 0.00312375, -4.97496e-07, 6.27169e-07, 
0.0117662, -6.79501e-08, 8.56614e-08, 0.00760115, -1.00639e-07, 1.2687e-07, 0.00343613, -4.97497e-07, 6.2717e-07, 
0.0120785, -2.84501e-08, 3.58656e-08, 0.00791351, -1.67651e-07, 2.11349e-07, 0.0037485, -4.97498e-07, 6.27172e-07, 
0.0123909, 7.81374e-08, -9.8504e-08, 0.00822589, -3.03002e-07, 3.8198e-07, 0.00406088, -4.97498e-07, 6.27172e-07, 
0.0127033, -2.50541e-08, -1.50384e-07, 0.00853826, -4.24283e-07, 4.11007e-07, 0.00437326, -1.66293e-07, 7.11821e-07, 6.46292e-05, -1.13393e-07, 1.11748e-06, 
0.0130156, -3.27955e-07, 1.17517e-07, 0.00885063, -2.81061e-07, 4.04081e-07, 0.00468563, -4.2247e-07, 8.70743e-07, 0.000377004, -1.13393e-07, 1.11748e-06, 
0.013328, -4.1562e-07, 2.38883e-07, 0.00916301, -4.17387e-07, 5.83839e-07, 0.00499801, -4.23877e-07, 8.5877e-07, 0.000689379, -1.13394e-07, 1.11748e-06, 
0.0136404, -4.08178e-07, 3.75601e-07, 0.00947539, -6.68627e-07, 7.2805e-07, 0.00531039, -3.15988e-07, 8.7206e-07, 0.00100175, -1.13393e-07, 1.11748e-06, 
0.0139528, -6.80781e-07, 6.13499e-07, 0.00978777, -5.20151e-07, 7.18901e-07, 0.00562276, -5.53276e-07, 1.01461e-06, 0.00131413, -1.13392e-07, 1.11748e-06, 
0.0142652, -7.3164e-07, 7.10498e-07, 0.0101002, -6.60936e-07, 8.88661e-07, 0.00593515, -5.27669e-07, 9.93091e-07, 0.0016265, -1.13394e-07, 1.11748e-06, 
0.0145775, -7.25745e-07, 8.36097e-07, 0.0104125, -8.6485e-07, 1.00475e-06, 0.00624752, -4.38956e-07, 1.01284e-06, 0.00193888, -1.13393e-07, 1.11748e-06, 
0.0148899, -9.67521e-07, 1.04394e-06, 0.0107249, -7.14385e-07, 9.93632e-07, 0.00655991, -6.55913e-07, 1.13882e-06, 0.00225126, -1.13392e-07, 1.11748e-06, 
0.0152023, -9.85988e-07, 1.1182e-06, 0.0110373, -8.56304e-07, 1.15165e-06, 0.00687228, -6.0774e-07, 1.10945e-06, 0.00256363, -1.13393e-07, 1.11748e-06, 
0.0155147, -9.81318e-07, 1.23182e-06, 0.0113497, -1.01623e-06, 1.24157e-06, 0.00718467, -5.36853e-07, 1.13422e-06, 0.00287601, -1.13392e-07, 1.11748e-06, 
0.0158271, -1.19238e-06, 1.41014e-06, 0.0116621, -8.66684e-07, 1.22879e-06, 0.00749704, -7.32571e-07, 1.24375e-06, 0.00318838, -1.13392e-07, 1.11748e-06, 
0.0161394, -1.18287e-06, 1.46351e-06, 0.0119744, -1.00689e-06, 1.37379e-06, 0.00780942, -6.6607e-07, 1.20816e-06, 0.00350076, -1.13393e-07, 1.11748e-06, 
0.0164518, -1.17918e-06, 1.56467e-06, 0.0122868, -1.12649e-06, 1.43971e-06, 0.00812178, -6.11553e-07, 1.23665e-06, 0.00381313, -1.13392e-07, 1.11748e-06, 
0.0167642, -1.3602e-06, 1.71449e-06, 0.0125992, -9.80375e-07, 1.4256e-06, 0.00843416, -7.85629e-07, 1.33014e-06, 0.00412551, -1.13392e-07, 1.11748e-06, 
0.0170766, -1.50371e-06, 1.97123e-06, 0.0129116, -1.11934e-06, 1.65293e-06, 0.00874658, -5.16009e-07, 1.01621e-06, 0.00443793, -9.80648e-08, 6.94258e-07, 0.000129258, 6.70019e-07, 4.59746e-07, 
0.017389, -1.72342e-06, 1.61723e-06, 0.013224, -1.16046e-06, 1.44911e-06, 0.00905895, -6.4518e-07, 1.42019e-06, 0.00475029, 2.41984e-07, 9.39578e-07, 0.000441634, 6.70018e-07, 4.59746e-07, 
0.0177013, -1.96295e-06, 2.07632e-06, 0.0135363, -1.17957e-06, 1.48958e-06, 0.00937128, -4.20537e-07, 8.99972e-07, 0.00506265, -9.16325e-08, 7.53345e-07, 0.000754009, 6.70017e-07, 4.59745e-07, 
0.0180137, -1.69425e-06, 1.60703e-06, 0.0138487, -1.25005e-06, 1.46566e-06, 0.00968367, -8.37018e-07, 1.28639e-06, 0.00537503, 6.22512e-08, 7.33274e-07, 0.00106638, 6.70019e-07, 4.59747e-07, 
0.0183261, -2.06532e-06, 1.70745e-06, 0.0141611, -1.35854e-06, 1.39982e-06, 0.00999609, -4.71674e-07, 1.07093e-06, 0.00568744, 4.83649e-08, 9.3273e-07, 0.00137876, 6.70017e-07, 4.59745e-07, 
0.0186384, -1.99903e-06, 1.88242e-06, 0.0144734, -1.22556e-06, 1.3734e-06, 0.0103084, -7.96653e-07, 1.00219e-06, 0.00599978, -9.0065e-08, 5.88206e-07, 0.00169113, 6.70018e-07, 4.59745e-07, 
0.0189508, -1.89058e-06, 1.35655e-06, 0.0147858, -1.50593e-06, 1.39929e-06, 0.0106208, -6.81254e-07, 1.19897e-06, 0.00631214, 5.14491e-08, 9.0461e-07, 0.00200351, 6.70018e-07, 4.59746e-07, 
0.0192632, -2.29401e-06, 1.85688e-06, 0.0150982, -1.2777e-06, 1.25156e-06, 0.0109332, -6.76438e-07, 9.22318e-07, 0.00662456, -3.63582e-08, 6.98691e-07, 0.00231588, 6.70018e-07, 4.59744e-07, 
0.0195756, -1.88878e-06, 1.44441e-06, 0.0154106, -1.48591e-06, 1.35737e-06, 0.0112456, -8.1202e-07, 1.06066e-06, 0.00693692, -9.70777e-08, 6.86276e-07, 0.00262826, 6.70019e-07, 4.59747e-07, 
0.0198879, -2.23636e-06, 1.45449e-06, 0.0157229, -1.43559e-06, 1.22153e-06, 0.0115579, -6.96319e-07, 1.05083e-06, 0.00724928, 7.36354e-08, 8.55952e-07, 0.00294063, 6.70018e-07, 4.59745e-07, 
0.0202003, -2.15946e-06, 1.68738e-06, 0.0160353, -1.39158e-06, 1.21824e-06, 0.0118703, -7.59374e-07, 8.61248e-07, 0.00756165, -1.59957e-07, 5.76596e-07, 0.00325301, 6.70018e-07, 4.59746e-07, 
0.0205127, -2.00913e-06, 1.1789e-06, 0.0163477, -1.53696e-06, 1.25227e-06, 0.0121827, -8.1281e-07, 1.07632e-06, 0.00787405, 2.31643e-08, 8.06387e-07, 0.00356539, 6.70019e-07, 4.59746e-07, 
0.0208251, -2.34163e-06, 1.59466e-06, 0.01666, -1.38666e-06, 1.08391e-06, 0.012495, -6.9002e-07, 8.76117e-07, 0.00818641, -3.9734e-08, 6.7755e-07, 0.00387776, 6.70017e-07, 4.59745e-07, 
0.0211374, -1.99234e-06, 1.29613e-06, 0.0169724, -1.4945e-06, 1.22019e-06, 0.0128074, -8.21944e-07, 8.79987e-07, 0.00849878, -1.29322e-07, 6.34569e-07, 0.00419014, 6.70019e-07, 4.59746e-07, 
0.0214498, -1.83916e-06, 9.22649e-07, 0.0172848, -1.18181e-06, 8.34511e-07, 0.0131198, -7.5984e-07, 9.76023e-07, 0.00881117, -3.00011e-07, 1.00753e-06, 0.00450254, -2.35628e-07, 1.31325e-06, 0.000193888, 2.00585e-07, 1.29192e-06, 
0.0217622, -6.75607e-07, 1.62793e-07, 0.0175972, -1.17012e-06, 8.22708e-07, 0.0134322, -1.13102e-06, 1.17813e-06, 0.00912353, -8.34486e-07, 1.39836e-06, 0.00481489, -2.99682e-07, 1.37055e-06, 0.000506263, 2.00581e-07, 1.29193e-06, 
0.0220746, -1.81356e-06, 1.25595e-06, 0.0179096, -1.41407e-06, 1.06779e-06, 0.0137446, -6.66898e-07, 7.08891e-07, 0.00943595, 1.92408e-07, 4.85201e-07, 0.0051273, 5.11945e-07, 6.37413e-07, 0.000818638, 2.00584e-07, 1.29192e-06, 
0.022387, -4.9825e-07, -1.75074e-07, 0.018222, -9.595e-07, 6.27604e-07, 0.0140569, -1.20727e-06, 1.37496e-06, 0.0097483, -7.60614e-07, 1.46537e-06, 0.00543965, -3.00911e-07, 1.45102e-06, 0.00113101, 2.00587e-07, 1.29192e-06, 
0.0226993, -1.61873e-06, 1.07354e-06, 0.0185343, -1.08211e-06, 8.8228e-07, 0.0143693, -4.41801e-07, 6.08212e-07, 0.0100607, -2.23282e-07, 7.45154e-07, 0.00575205, 6.93498e-08, 8.58095e-07, 0.00144339, 2.00584e-07, 1.29192e-06, 
0.0230117, -1.54532e-06, 6.59491e-07, 0.0188467, -7.77902e-07, 5.86785e-07, 0.0146817, -4.92221e-07, 8.43759e-07, 0.0103731, -3.70676e-07, 1.08803e-06, 0.00606444, -2.8318e-07, 1.28795e-06, 0.00175576, 2.00588e-07, 1.29192e-06, 
0.0233241, -9.74054e-07, 3.89843e-07, 0.0191591, -6.50429e-07, 5.08299e-07, 0.0149941, -6.11666e-07, 8.88173e-07, 0.0106854, -7.48394e-07, 1.29143e-06, 0.00637679, -4.9378e-07, 1.40883e-06, 0.00206814, 2.00582e-07, 1.29193e-06, 
0.0236365, -1.76843e-06, 1.18028e-06, 0.0194715, -9.27267e-07, 7.59467e-07, 0.0153065, -2.27095e-07, 4.77835e-07, 0.0109979, 4.87582e-08, 6.43357e-07, 0.0066892, 2.57659e-07, 8.03614e-07, 0.00238051, 2.00583e-07, 1.29192e-06, 
0.0239489, -3.12619e-07, -1.75106e-07, 0.0197839, -6.36177e-07, 4.34198e-07, 0.0156189, -9.82619e-07, 1.20727e-06, 0.0113102, -6.48217e-07, 1.40043e-06, 0.00700155, -2.01561e-07, 1.38268e-06, 0.00269289, 2.00584e-07, 1.29192e-06, 
0.0242613, -1.08755e-06, 8.31319e-07, 0.0200963, -9.14568e-07, 7.61053e-07, 0.0159313, -4.88795e-07, 6.48818e-07, 0.0116226, 1.16248e-09, 6.45401e-07, 0.00731393, 4.57392e-07, 6.68846e-07, 0.00300526, 2.00582e-07, 1.29193e-06, 
0.0245737, -7.6188e-07, 2.25647e-07, 0.0204087, -6.79291e-07, 5.48787e-07, 0.0162436, -6.16213e-07, 9.26742e-07, 0.011935, -2.52088e-07, 1.07847e-06, 0.00762633, 1.43759e-07, 1.04967e-06, 0.00331764, 2.00587e-07, 1.29192e-06, 
0.0248861, -6.58681e-07, 2.94922e-07, 0.020721, -4.62953e-07, 4.3918e-07, 0.016556, -5.58378e-07, 8.89497e-07, 0.0122473, -4.81566e-07, 1.10979e-06, 0.00793868, -1.73103e-07, 1.1799e-06, 0.00363002, 2.00584e-07, 1.29193e-06, 
0.0251984, -1.53714e-06, 1.00937e-06, 0.0210334, -5.78128e-07, 5.94024e-07, 0.0168684, 1.58037e-08, 4.24438e-07, 0.0125598, 3.6583e-10, 7.29517e-07, 0.00825108, 1.66286e-07, 8.60979e-07, 0.00394239, 2.00585e-07, 1.29192e-06, 
0.0255108, -4.6132e-07, -3.03946e-09, 0.0213458, -2.36797e-07, 2.75563e-07, 0.0171808, -5.18424e-07, 9.59677e-07, 0.0128721, -6.44354e-07, 1.3956e-06, 0.00856344, -3.99608e-07, 1.45512e-06, 0.00425477, 2.00583e-07, 1.29192e-06, 
0.0258231, -1.28708e-06, 8.47244e-07, 0.0216581, -7.93517e-07, 8.00009e-07, 0.0174931, -1.51603e-07, 6.22837e-07, 0.0131844, 3.19064e-07, 5.02515e-07, 0.0088758, 4.91476e-07, 6.84576e-07, 0.00456718, 6.80377e-07, 8.95923e-07, 0.000258517, 1.14568e-06, 9.93212e-07, 
0.0261356, -1.75872e-06, 1.17716e-06, 0.0219706, -8.57528e-07, 8.35086e-07, 0.0178056, 5.86146e-08, 3.97109e-07, 0.013497, 5.73049e-07, 3.95621e-07, 0.00918826, 1.03214e-06, 4.15192e-07, 0.00487958, 1.24826e-06, 5.41272e-07, 0.000570892, 1.14568e-06, 9.93206e-07, 
0.0264478, -8.69229e-09, -2.29751e-07, 0.0222828, -2.45281e-07, 3.24136e-07, 0.0181178, -4.34295e-07, 8.04569e-07, 0.0138092, -1.53197e-07, 9.96351e-07, 0.00950056, 1.56859e-07, 1.19994e-06, 0.00519193, 6.67531e-07, 1.13891e-06, 0.000883267, 1.14568e-06, 9.93207e-07, 
0.0267604, 7.18428e-08, -3.75895e-08, 0.0225954, -1.71377e-07, 2.74551e-07, 0.0184304, -3.06204e-07, 7.03859e-07, 0.0141217, -1.40079e-07, 9.36184e-07, 0.00981303, 3.13087e-07, 9.5405e-07, 0.00550434, 6.91529e-07, 1.0266e-06, 0.00119564, 1.14568e-06, 9.9321e-07, 
0.0270726, -1.31243e-06, 9.73305e-07, 0.0229076, -5.10984e-07, 6.39946e-07, 0.0187426, 2.26124e-07, 3.45828e-07, 0.0144339, 7.22161e-07, 2.42436e-07, 0.0101253, 1.19383e-06, 1.91084e-07, 0.00581668, 1.27172e-06, 5.71299e-07, 0.00150802, 1.14568e-06, 9.9321e-07, 
0.0273851, -5.90935e-07, 2.33152e-07, 0.0232201, -2.1255e-07, 3.63757e-07, 0.0190551, 1.68446e-07, 4.63383e-07, 0.0147464, 6.04498e-07, 5.08712e-07, 0.0104377, 6.27911e-07, 7.69138e-07, 0.00612907, 8.37708e-07, 8.51358e-07, 0.00182039, 1.14568e-06, 9.93206e-07, 
0.0276974, 3.30514e-07, -4.82603e-07, 0.0235324, 3.11563e-07, 4.22594e-08, 0.0193674, 1.71297e-07, 5.04516e-07, 0.0150587, -1.38668e-07, 1.00287e-06, 0.0107501, -3.36265e-08, 1.26325e-06, 0.00644143, 5.23832e-07, 1.11635e-06, 0.00213277, 1.14568e-06, 9.93209e-07, 
0.0280098, -3.69409e-07, 3.49062e-07, 0.0238448, -1.18037e-07, 3.87166e-07, 0.0196798, 3.4076e-07, 2.93795e-07, 0.0153712, 7.09755e-07, 3.36638e-07, 0.0110625, 8.69621e-07, 4.7542e-07, 0.00675383, 8.43207e-07, 8.18491e-07, 0.00244514, 1.14568e-06, 9.9321e-07, 
0.0283222, -8.39243e-07, 6.68335e-07, 0.0241571, 6.99046e-09, 2.7675e-07, 0.0199921, 4.1421e-07, 2.72208e-07, 0.0156835, 8.47689e-07, 2.41072e-07, 0.0113749, 1.21819e-06, 2.97577e-07, 0.0070662, 1.40599e-06, 5.53554e-07, 0.00275752, 1.14568e-06, 9.93207e-07, 
0.0286345, 8.09082e-07, -6.08951e-07, 0.0244695, 2.63318e-07, 3.57821e-08, 0.0203045, 1.24135e-07, 5.03399e-07, 0.0159959, 3.17224e-07, 7.4688e-07, 0.0116872, 5.31131e-07, 9.48431e-07, 0.00737856, 7.1152e-07, 1.09348e-06, 0.00306989, 1.14568e-06, 9.93207e-07, 
0.028947, 5.39189e-07, -3.26327e-07, 0.0247819, 4.54403e-07, 3.41775e-08, 0.0206169, 3.71631e-07, 3.06141e-07, 0.0163083, 2.20886e-07, 7.29991e-07, 0.0119996, 5.40859e-07, 8.40211e-07, 0.00769094, 9.83882e-07, 8.18193e-07, 0.00338227, 1.14568e-06, 9.93211e-07, 
0.0292592, -4.2265e-07, 4.405e-07, 0.0250942, 6.88796e-08, 3.54382e-07, 0.0209292, 6.27304e-07, 1.67646e-07, 0.0166206, 1.23948e-06, -2.32629e-08, 0.012312, 1.25738e-06, 2.52467e-07, 0.00800331, 1.18009e-06, 5.84885e-07, 0.00369464, 1.14568e-06, 9.93209e-07, 
0.0295717, -7.91383e-09, -1.96579e-08, 0.0254067, 4.99274e-07, -1.61485e-08, 0.0212417, 7.23609e-07, 2.03953e-07, 0.0169331, 6.9911e-07, 4.96039e-07, 0.0126244, 8.47635e-07, 6.35341e-07, 0.00831571, 1.01195e-06, 7.91313e-07, 0.00400702, 1.14568e-06, 9.93206e-07, 
0.029884, 1.02127e-06, -7.1871e-07, 0.025719, 7.1141e-07, -1.44675e-07, 0.021554, 5.3376e-07, 3.36658e-07, 0.0172453, 4.0271e-07, 7.31464e-07, 0.0129367, 4.06217e-07, 9.4904e-07, 0.00862806, 5.63885e-07, 1.16653e-06, 0.00431942, 1.09772e-06, 1.00691e-06, 1.07707e-05, -1.51782e-07, 1.21789e-06, 
0.0301964, 9.83237e-07, -1.80167e-07, 0.0260314, 6.40252e-07, 1.15075e-07, 0.0218664, 1.01531e-06, 1.62847e-07, 0.0175578, 8.87239e-07, 3.31621e-07, 0.0132491, 1.3858e-07, 7.09427e-07, 0.00894049, 1.61293e-07, 7.87398e-07, 0.00463183, 5.89055e-08, 1.01052e-06, 0.000323146, -1.51784e-07, 1.21789e-06, 
0.0305089, 1.34815e-06, 3.42714e-07, 0.0263439, 1.09147e-06, 1.81972e-07, 0.0221789, 6.7323e-07, 1.73086e-07, 0.0178702, 7.26933e-07, 1.07478e-07, 0.0135616, 4.19388e-07, 2.73442e-07, 0.00925292, -2.09346e-07, 5.68182e-07, 0.00494424, -5.07116e-07, 8.98292e-07, 0.000635521, -1.51783e-07, 1.21789e-06, 
0.0308214, 1.87637e-06, -1.16093e-07, 0.0266564, 1.21747e-06, 1.94337e-08, 0.0224913, 3.47754e-07, 2.41103e-07, 0.0181827, 6.02565e-08, 4.28661e-07, 0.013874, 7.16379e-07, 3.5e-07, 0.00956532, 4.62226e-07, 6.23828e-07, 0.00525663, -5.58407e-09, 9.11576e-07, 0.000947897, -1.51786e-07, 1.21789e-06, 
0.0311338, 5.29379e-07, -5.44496e-07, 0.0269687, 1.0683e-06, -2.11147e-07, 0.0228037, 1.3424e-06, 8.59013e-08, 0.018495, 7.29566e-07, 5.52853e-07, 0.0141864, 4.08951e-07, 8.56916e-07, 0.00987769, 3.66668e-07, 9.83945e-07, 0.005569, -1.90008e-07, 1.25672e-06, 0.00126027, -1.51786e-07, 1.21789e-06, 
0.0314461, 7.42511e-07, -5.51148e-07, 0.0272811, 1.14368e-06, -2.7793e-07, 0.023116, 9.95012e-07, 1.8342e-07, 0.0188074, 9.00096e-07, 4.63164e-07, 0.0144987, 4.276e-07, 8.3426e-07, 0.01019, 3.44468e-07, 1.04612e-06, 0.00588137, 4.93686e-07, 1.08297e-06, 0.00157265, -1.5178e-07, 1.21789e-06, 
0.0317584, 2.03693e-06, -2.53703e-07, 0.0275933, 9.47715e-07, 5.4342e-08, 0.0234283, 6.58905e-07, 1.46766e-07, 0.0191197, 6.65855e-07, 2.63706e-07, 0.014811, 4.51226e-07, 4.32174e-07, 0.0105024, 3.76681e-07, 6.41258e-07, 0.00619372, 4.8323e-07, 7.99869e-07, 0.00188502, -1.51782e-07, 1.21789e-06, 
0.0320706, 1.65672e-06, 8.52709e-08, 0.0279056, 1.02552e-06, 1.50871e-07, 0.0237406, 1.1735e-06, -7.77431e-09, 0.019432, 1.00306e-06, 6.21069e-08, 0.0151234, 3.96739e-07, 2.96595e-07, 0.0108147, -2.2224e-07, 5.64126e-07, 0.00650607, -5.303e-07, 9.20318e-07, 0.0021974, -1.51786e-07, 1.21789e-06, 
0.032383, 1.51068e-06, -3.05024e-07, 0.028218, 1.45586e-06, -2.05489e-07, 0.024053, 7.14382e-07, 1.80005e-07, 0.0197443, 6.03932e-07, 3.2368e-07, 0.0154357, 6.73112e-07, 5.06928e-07, 0.0111271, 3.30967e-07, 7.74754e-07, 0.00681842, 1.66969e-08, 1.00001e-06, 0.00250977, -1.51785e-07, 1.21789e-06, 
0.0326954, 1.14433e-06, -7.54872e-07, 0.0285304, 1.34835e-06, -3.37456e-07, 0.0243654, 1.04819e-06, 1.17797e-07, 0.0200567, 4.84148e-07, 5.96982e-07, 0.0157481, 6.46283e-07, 7.85563e-07, 0.0114395, 8.50142e-07, 9.15921e-07, 0.0071308, 3.07188e-07, 1.14192e-06, 0.00282215, -1.51785e-07, 1.21789e-06, 
0.0330078, 7.8699e-07, -4.39539e-07, 0.0288428, 1.23005e-06, -2.09069e-07, 0.0246778, 1.5241e-06, -2.48591e-08, 0.0203692, 9.87767e-07, 3.78483e-07, 0.0160605, 5.25022e-07, 6.61393e-07, 0.0117519, 2.13197e-07, 9.09825e-07, 0.0074432, -3.01443e-08, 1.11405e-06, 0.00313452, -1.51781e-07, 1.21789e-06, 
0.0333203, 2.11799e-06, -1.33945e-07, 0.0291553, 1.27791e-06, -3.99529e-08, 0.0249903, 6.75185e-07, 1.42085e-07, 0.0206816, 8.34239e-07, 1.21684e-07, 0.016373, 5.65167e-07, 3.2847e-07, 0.0120643, 2.23196e-07, 5.95832e-07, 0.00775559, 3.20697e-07, 7.90895e-07, 0.0034469, -1.5178e-07, 1.21789e-06, 
0.0336327, 2.23166e-06, -1.99782e-07, 0.0294677, 1.13611e-06, 4.18058e-08, 0.0253027, 9.22042e-07, 5.56675e-08, 0.020994, 9.32974e-07, 1.15286e-07, 0.0166854, 4.41976e-07, 3.63528e-07, 0.0123767, 2.04034e-07, 5.47631e-07, 0.00806796, -5.23201e-08, 8.66968e-07, 0.00375927, -1.51786e-07, 1.21789e-06, 
0.0339451, 1.1778e-06, -4.75753e-07, 0.0297801, 1.32965e-06, -2.13893e-07, 0.0256151, 1.38524e-06, -4.23284e-09, 0.0213064, 9.83432e-07, 3.43302e-07, 0.0169977, 6.12242e-07, 6.10083e-07, 0.012689, 1.14856e-07, 9.20409e-07, 0.00838034, -1.02943e-07, 1.089e-06, 0.00407165, -1.51786e-07, 1.21789e-06, 
0.0342576, 1.30339e-06, -7.13636e-07, 0.0300926, 1.54578e-06, -3.96652e-07, 0.0259275, 9.61428e-07, 1.49231e-07, 0.0216189, 5.53197e-07, 5.19594e-07, 0.0173102, 7.64532e-07, 7.26323e-07, 0.0130015, 5.64395e-07, 1.04303e-06, 0.00869283, 3.86414e-07, 1.14359e-06, 0.00438412, 9.5076e-07, 7.30492e-07, 7.53999e-05, 9.20998e-07, 5.27072e-07, 
0.0345699, 8.56835e-07, -2.60978e-07, 0.0304049, 1.19511e-06, -1.42005e-07, 0.0262399, 8.42086e-07, 3.04385e-07, 0.0219312, 9.54857e-07, 4.83904e-07, 0.0176226, 1.25353e-06, 4.12078e-07, 0.0133139, 9.76351e-07, 4.75629e-07, 0.0090052, 7.43949e-07, 6.23414e-07, 0.00469648, 1.18836e-06, 4.94039e-07, 0.000387775, 9.21003e-07, 5.27072e-07, 
0.0348822, 4.28724e-07, 6.88161e-07, 0.0307172, 9.20918e-07, 4.25554e-07, 0.0265521, 9.33233e-07, 2.35936e-07, 0.0222435, 9.88403e-07, 5.22224e-08, 0.0179348, 1.70289e-06, -2.43014e-07, 0.0136262, 1.45701e-06, 2.0226e-08, 0.00931751, 1.14822e-06, 2.45651e-07, 0.00500883, 1.21965e-06, 2.91521e-07, 0.000700151, 9.20999e-07, 5.27074e-07, 
0.0351944, 6.45588e-07, 8.40179e-07, 0.0310294, 9.15122e-07, 5.11204e-07, 0.0268644, 9.10425e-07, 3.54845e-07, 0.0225558, 1.15608e-06, 1.0093e-07, 0.0182471, 1.74564e-06, -3.45713e-07, 0.0139385, 1.37887e-06, -3.1445e-07, 0.00962985, 1.04704e-06, -5.04746e-08, 0.0053212, 1.19605e-06, 1.75138e-07, 0.00101253, 9.21006e-07, 5.27069e-07, 
0.0355068, 1.31996e-06, 3.821e-07, 0.0313418, 1.3569e-06, 2.73236e-07, 0.0271768, 8.62794e-07, 3.1121e-07, 0.0228681, 9.56519e-07, 8.22284e-08, 0.0185595, 1.31865e-06, -4.14595e-08, 0.0142508, 1.18999e-06, 1.28558e-07, 0.0099422, 7.40715e-07, 4.23721e-07, 0.00563355, 9.23575e-07, 4.0419e-07, 0.0013249, 9.21002e-07, 5.27069e-07, 
0.0358193, 1.97306e-06, -5.53433e-07, 0.0316542, 1.51999e-06, -1.6331e-07, 0.0274892, 9.92178e-07, 2.92446e-07, 0.0231806, 9.00543e-07, 5.38227e-07, 0.018872, 1.13661e-06, 4.6934e-07, 0.0145633, 7.35272e-07, 5.94971e-07, 0.0102547, 3.79052e-07, 7.60188e-07, 0.00594598, 7.10427e-07, 6.76552e-07, 0.00163728, 9.21007e-07, 5.27068e-07, 
0.0361318, 2.08201e-06, -7.89134e-07, 0.0319668, 1.55992e-06, -2.33568e-07, 0.0278018, 1.00356e-06, 2.16666e-07, 0.0234931, 7.78093e-07, 5.09647e-07, 0.0191844, 1.18656e-06, 5.69976e-07, 0.0148757, 8.55405e-07, 9.07813e-07, 0.010567, 5.66879e-07, 1.01277e-06, 0.00625835, 6.41234e-07, 8.20862e-07, 0.00194965, 9.21001e-07, 5.27071e-07, 
0.0364442, 1.56037e-06, -3.64392e-07, 0.0322792, 1.25528e-06, -4.61026e-08, 0.0281142, 9.89707e-07, 3.21001e-07, 0.0238055, 1.22743e-06, 4.26027e-07, 0.0194969, 1.49909e-06, 3.77131e-07, 0.0151882, 1.22763e-06, 4.34692e-07, 0.0108795, 7.20394e-07, 6.5892e-07, 0.00657077, 8.14299e-07, 6.41319e-07, 0.00226203, 9.21005e-07, 5.27071e-07, 
0.0367565, 1.20203e-06, 4.34427e-07, 0.0325915, 1.10177e-06, 3.95415e-07, 0.0284265, 9.04031e-07, 3.36246e-07, 0.0241178, 1.30353e-06, 3.71741e-08, 0.0198091, 1.74576e-06, -1.12126e-07, 0.0155005, 1.69063e-06, 1.7293e-08, 0.0111918, 1.17988e-06, 2.91035e-07, 0.00688309, 9.51547e-07, 4.14907e-07, 0.0025744, 9.21002e-07, 5.27072e-07, 
0.0370687, 1.2346e-06, 6.55734e-07, 0.0329037, 9.8317e-07, 5.40659e-07, 0.0287387, 1.10063e-06, 3.26732e-07, 0.0244301, 1.42095e-06, 8.95309e-08, 0.0201215, 1.85592e-06, -2.64846e-07, 0.0158128, 1.54808e-06, -2.39454e-07, 0.0115041, 1.08439e-06, 2.17905e-08, 0.00719548, 8.84309e-07, 3.32924e-07, 0.00288678, 9.21008e-07, 5.27068e-07, 
0.037381, 1.85984e-06, 2.69257e-07, 0.033216, 1.34389e-06, 3.54874e-07, 0.029051, 1.04744e-06, 3.02448e-07, 0.0247424, 1.16364e-06, 1.02623e-07, 0.0204337, 1.47337e-06, -1.49576e-08, 0.0161251, 1.34882e-06, 1.2994e-07, 0.0118165, 9.86227e-07, 3.30402e-07, 0.00750781, 7.42338e-07, 4.75869e-07, 0.00319915, 9.21005e-07, 5.27069e-07, 
0.0376934, 2.22289e-06, -4.32031e-07, 0.0335284, 1.55864e-06, -5.28532e-08, 0.0293634, 1.15868e-06, 2.90875e-07, 0.0250548, 1.27269e-06, 4.02993e-07, 0.0207462, 1.17706e-06, 4.88443e-07, 0.0164375, 9.88601e-07, 5.00267e-07, 0.0121289, 5.46304e-07, 6.89322e-07, 0.00782022, 5.56447e-07, 7.05435e-07, 0.00351153, 9.21008e-07, 5.27067e-07, 
0.038006, 2.40946e-06, -7.09072e-07, 0.033841, 1.60807e-06, -1.34477e-07, 0.029676, 1.15923e-06, 2.30768e-07, 0.0253673, 1.08209e-06, 4.35824e-07, 0.0210586, 1.14002e-06, 6.14421e-07, 0.0167499, 1.05486e-06, 8.05497e-07, 0.0124413, 7.87389e-07, 8.67537e-07, 0.00813261, 5.95597e-07, 7.97032e-07, 0.0038239, 9.21003e-07, 5.2707e-07, 
0.0383184, 1.84828e-06, -3.2888e-07, 0.0341534, 1.31516e-06, 3.68245e-08, 0.0299884, 1.31693e-06, 2.25692e-07, 0.0256798, 1.41708e-06, 3.9841e-07, 0.0213711, 1.46923e-06, 4.29118e-07, 0.0170624, 1.21504e-06, 4.93855e-07, 0.0127537, 9.28248e-07, 5.88189e-07, 0.00844502, 6.69918e-07, 6.90065e-07, 0.00413628, 9.21007e-07, 5.2707e-07, 
0.0386309, 1.56302e-06, 3.32981e-07, 0.0344658, 1.20906e-06, 3.88221e-07, 0.0303008, 1.18174e-06, 2.84286e-07, 0.0259921, 1.45306e-06, 1.71209e-08, 0.0216835, 1.56526e-06, 8.07193e-08, 0.0173748, 1.82642e-06, 4.02489e-07, 0.0130662, 1.47463e-06, 4.64804e-07, 0.00875747, 8.08826e-07, 3.01142e-08, 0.00444874, 5.87547e-07, -2.56545e-07, 0.000140029, 1.07992e-07, -4.70029e-07, 
0.0389431, 9.84805e-07, 6.19774e-07, 0.0347781, 1.34014e-06, 4.5417e-07, 0.0306131, 1.76302e-06, 6.26065e-07, 0.0263044, 1.73677e-06, 5.58488e-07, 0.0219957, 1.50454e-06, 7.99222e-08, 0.0176871, 1.46385e-06, -4.42552e-07, 0.0133784, 9.46634e-07, -4.89096e-07, 0.00906978, 8.80392e-07, -6.54363e-07, 0.00476111, 9.26529e-07, -7.94589e-07, 0.000452405, 1.07994e-07, -4.70031e-07, 
0.0392556, 1.65847e-06, 1.85925e-06, 0.0350906, 1.83668e-06, 9.97541e-07, 0.0309255, 1.88262e-06, 1.86523e-07, 0.0266169, 1.57568e-06, -1.73322e-07, 0.0223082, 1.04547e-06, -4.54926e-07, 0.0179995, 7.26439e-07, -7.05894e-07, 0.0136908, 9.55147e-07, -6.76754e-07, 0.00938219, 9.2854e-07, -2.67537e-07, 0.00507352, 6.81083e-07, -1.73398e-07, 0.00076478, 1.07992e-07, -4.7003e-07, 
0.039568, 2.56653e-06, 8.55574e-07, 0.035403, 2.21611e-06, 9.26241e-07, 0.0312379, 1.79695e-06, 5.39524e-07, 0.0269292, 1.35024e-06, 1.031e-07, 0.0226206, 1.01298e-06, -1.14454e-07, 0.0183119, 5.76148e-07, -4.51273e-07, 0.0140032, 5.54729e-07, -9.53809e-07, 0.00969457, 4.12924e-07, -9.36556e-07, 0.00538587, -1.17197e-07, -6.58249e-07, 0.00107716, 1.07992e-07, -4.70031e-07, 
0.0398802, 3.15989e-06, 7.87166e-07, 0.0357152, 2.51373e-06, 5.27985e-07, 0.0315502, 1.48947e-06, 3.40008e-07, 0.0272415, 1.1418e-06, -2.83775e-08, 0.0229329, 1.17827e-06, -1.82583e-07, 0.0186242, 7.80862e-07, -1.2992e-07, 0.0143156, 2.10195e-07, -3.27166e-08, 0.0100069, -8.70547e-08, -3.83096e-07, 0.00569821, -1.98931e-07, -6.36284e-07, 0.00138953, 1.0799e-07, -4.70036e-07, 
0.0401927, 3.13238e-06, 3.11277e-07, 0.0360277, 2.31192e-06, 8.59031e-09, 0.0318626, 1.62775e-06, 8.89432e-08, 0.027554, 1.19892e-06, 2.48826e-07, 0.0232454, 1.10159e-06, 1.69497e-07, 0.0189367, 8.46747e-07, 2.01498e-07, 0.014628, 3.51939e-07, 3.27625e-07, 0.0103193, 2.13121e-07, 7.37959e-08, 0.00601063, 2.15993e-07, -2.61648e-07, 0.00170191, 1.07991e-07, -4.70032e-07, 
0.040505, 2.02529e-06, -6.68128e-07, 0.03634, 1.88405e-06, -2.10152e-07, 0.032175, 2.07701e-06, 1.89241e-07, 0.0278663, 1.81513e-06, 5.85596e-07, 0.0235577, 1.1023e-06, 6.79171e-07, 0.0192491, 8.03538e-07, 4.7897e-07, 0.0149404, 8.25217e-07, -3.64306e-08, 0.0106317, 5.46769e-07, -5.28273e-08, 0.00632301, 4.48055e-07, -3.40507e-08, 0.00201428, 1.07991e-07, -4.70032e-07, 
0.0408173, 1.54276e-06, -1.54704e-08, 0.0366523, 1.71606e-06, 1.1538e-07, 0.0324873, 2.00791e-06, 7.22936e-09, 0.0281787, 1.75427e-06, -5.7873e-08, 0.02387, 1.19908e-06, 1.45892e-07, 0.0195614, 1.2424e-06, 3.41004e-07, 0.0152527, 1.28296e-06, 4.01975e-07, 0.0109441, 1.08575e-06, 3.63646e-07, 0.00663538, 7.46322e-07, 1.51928e-07, 0.00232666, 1.0799e-07, -4.7003e-07, 
0.0411298, 1.48329e-06, -5.13355e-08, 0.0369648, 1.70921e-06, 1.63742e-07, 0.0327998, 1.63523e-06, 4.15832e-07, 0.0284912, 1.67339e-06, 3.15883e-07, 0.0241825, 1.78495e-06, 1.10991e-07, 0.0198738, 1.7007e-06, -9.84919e-08, 0.0155651, 1.22029e-06, -9.5616e-08, 0.0112565, 8.81274e-07, -4.30285e-07, 0.00694777, 6.06489e-07, -7.81252e-07, 0.00263903, 1.0799e-07, -4.7003e-07, 
0.0414421, 2.15265e-06, 1.09099e-06, 0.0372771, 1.78149e-06, 5.70124e-07, 0.0331121, 1.43984e-06, 9.39491e-08, 0.0288034, 1.55648e-06, -9.58629e-08, 0.0244948, 1.91979e-06, -2.92786e-07, 0.0201861, 1.57547e-06, -4.16005e-07, 0.0158775, 1.11565e-06, -3.98697e-07, 0.0115688, 7.16949e-07, -4.64704e-07, 0.00726008, 2.34143e-07, -5.50536e-07, 0.00295141, 1.07991e-07, -4.70032e-07, 
0.0417545, 2.62173e-06, 1.21169e-06, 0.0375895, 2.12318e-06, 6.82529e-07, 0.0334245, 1.70404e-06, 1.50669e-07, 0.0291158, 1.51736e-06, -1.72106e-07, 0.0248072, 1.37659e-06, -2.90042e-07, 0.0204985, 9.96736e-07, -4.88323e-07, 0.0161898, 9.50996e-07, -8.84817e-07, 0.0118811, 6.52435e-07, -6.62209e-07, 0.00757242, 1.13668e-07, -3.685e-07, 0.00326378, 1.07995e-07, -4.7003e-07, 
0.042067, 2.45553e-06, 5.23761e-07, 0.037902, 2.48191e-06, 4.68547e-07, 0.0337369, 2.21476e-06, 3.78051e-07, 0.0294283, 1.6182e-06, 1.25288e-07, 0.0251196, 9.31065e-07, -2.03872e-07, 0.0208109, 6.08284e-07, -5.00004e-07, 0.0165022, 4.23854e-07, -6.45362e-07, 0.0121935, 3.65706e-07, -7.67736e-07, 0.00788486, 2.79894e-07, -5.79367e-07, 0.00357616, 1.07993e-07, -4.70033e-07, 
0.0423792, 2.85166e-06, 5.15323e-07, 0.0382142, 2.52898e-06, 2.09966e-07, 0.0340492, 2.15354e-06, 1.43741e-07, 0.0297406, 1.46456e-06, -1.39524e-07, 0.0254319, 8.10692e-07, -3.64679e-07, 0.0211232, 6.27108e-07, -1.82516e-07, 0.0168146, 3.61659e-07, 1.57611e-07, 0.0125059, 3.81279e-07, 2.64362e-08, 0.00819723, 5.72397e-07, -3.72935e-07, 0.00388853, 1.07989e-07, -4.70033e-07, 
0.0426916, 2.90182e-06, -5.6682e-07, 0.0385266, 2.14731e-06, -1.20621e-07, 0.0343616, 1.87807e-06, 9.33505e-08, 0.030053, 1.64362e-06, 3.52955e-07, 0.0257443, 1.26527e-06, 3.70585e-07, 0.0214357, 9.44785e-07, 2.27574e-07, 0.017127, 6.39035e-07, -5.52341e-08, 0.0128183, 2.75561e-07, -2.78048e-07, 0.00850961, 2.44979e-07, -3.77675e-07, 0.00420091, 1.07989e-07, -4.70033e-07, 
0.043004, 2.52862e-06, -1.35779e-07, 0.038839, 1.94502e-06, -1.74016e-07, 0.034674, 1.64812e-06, -1.86327e-07, 0.0303654, 1.59639e-06, 6.29859e-08, 0.0260567, 1.56389e-06, 3.01874e-07, 0.021748, 1.43879e-06, 1.83612e-08, 0.0174393, 1.1858e-06, 4.74982e-09, 0.0131307, 5.68164e-07, 3.5934e-07, 0.00882205, 8.25957e-08, 2.57724e-07, 0.0045134, 7.23793e-08, 2.78672e-07, 0.000204658, -3.17192e-07, 2.28901e-07, 
0.0433165, 1.72552e-06, 8.94948e-08, 0.0391515, 1.79544e-06, 2.1561e-08, 0.0349865, 1.90297e-06, -3.34593e-07, 0.0306779, 2.05023e-06, -5.03287e-07, 0.0263692, 1.58985e-06, -7.54651e-08, 0.0220606, 1.20122e-06, 3.18265e-07, 0.0177519, 1.10186e-06, 3.7784e-07, 0.0134432, 8.7774e-07, 5.05662e-07, 0.00913448, 6.40143e-07, 7.51723e-07, 0.00482577, 3.90171e-07, 5.4478e-07, 0.000517034, -3.17192e-07, 2.28907e-07, 
0.0436287, 2.03053e-06, -8.47321e-07, 0.0394637, 1.78388e-06, -4.84502e-07, 0.0352987, 1.85513e-06, 2.39021e-08, 0.0309901, 1.71071e-06, 4.34775e-07, 0.0266815, 1.53069e-06, 5.84011e-07, 0.0223728, 1.57071e-06, 3.56229e-07, 0.0180641, 1.32815e-06, 1.38001e-08, 0.0137555, 9.23829e-07, 1.06968e-07, 0.00944675, 5.88853e-07, 1.33183e-07, 0.00513806, 2.21525e-07, -1.4978e-07, 0.000829409, -3.17194e-07, 2.28907e-07, 
0.0439414, 2.32144e-06, -5.06225e-07, 0.0397763, 1.96783e-06, -4.1106e-08, 0.0356113, 1.76378e-06, -2.49006e-08, 0.0313026, 1.67902e-06, -1.26668e-07, 0.026994, 1.61797e-06, 1.45952e-07, 0.0226853, 1.48466e-06, 2.85321e-07, 0.0183766, 1.29921e-06, 1.88842e-07, 0.0140679, 8.04377e-07, 2.2857e-07, 0.00975918, 3.13768e-07, 2.69237e-07, 0.0054505, -1.60079e-07, 3.83484e-07, 0.00114178, -3.17191e-07, 2.28904e-07, 
0.0442535, 2.0789e-06, 4.64449e-07, 0.0400885, 2.39454e-06, 7.05699e-08, 0.0359235, 2.21619e-06, -3.22605e-07, 0.0316148, 1.78758e-06, -2.2934e-07, 0.0273062, 1.42122e-06, -1.93183e-07, 0.0229976, 9.64277e-07, -1.65076e-07, 0.0186889, 7.1161e-07, 2.99963e-07, 0.0143803, 6.37434e-07, 5.7903e-07, 0.0100716, 3.69954e-07, 4.72372e-07, 0.0057629, 1.21283e-07, 2.52058e-07, 0.00145416, -3.17191e-07, 2.28908e-07, 
0.0445661, 2.93474e-06, -5.00134e-07, 0.0404011, 2.60965e-06, -8.82363e-08, 0.0362361, 2.07112e-06, 3.78402e-07, 0.0319274, 1.58249e-06, 2.14566e-07, 0.0276187, 1.23561e-06, 9.73668e-08, 0.02331, 9.44133e-07, 1.92053e-07, 0.0190013, 6.32267e-07, -8.27996e-08, 0.0146927, 5.01149e-07, -3.57011e-07, 0.010384, 1.18864e-07, -2.92988e-07, 0.00607525, -3.24984e-07, 3.81763e-08, 0.00176654, -3.17193e-07, 2.28908e-07, 
0.0448782, 3.1369e-06, 2.69135e-07, 0.0407132, 2.73889e-06, 2.30472e-08, 0.0365483, 2.16944e-06, 6.04206e-08, 0.0322396, 1.47153e-06, 1.76904e-07, 0.027931, 1.18241e-06, -1.92777e-07, 0.0236223, 1.0111e-06, -2.64748e-07, 0.0193137, 5.78642e-07, 2.75052e-08, 0.015005, 2.04457e-07, 3.33458e-08, 0.0106963, -9.51381e-08, 2.97799e-08, 0.00638762, -4.74627e-07, -2.09225e-08, 0.00207891, -3.17191e-07, 2.28903e-07, 
0.0451907, 2.74947e-06, 5.31829e-07, 0.0410258, 2.71214e-06, 3.16354e-07, 0.0368608, 2.402e-06, -1.28922e-08, 0.0325522, 1.78448e-06, -4.13007e-07, 0.0282435, 1.21448e-06, -4.7399e-07, 0.0239348, 5.85379e-07, -1.42464e-07, 0.0196261, 3.60674e-07, 2.299e-07, 0.0153174, 3.63516e-07, 2.27102e-07, 0.0110087, 1.27517e-07, 1.22186e-07, 0.00670002, -1.69648e-07, 4.62489e-07, 0.00239129, -3.17193e-07, 2.28906e-07, 
0.0455031, 2.86452e-06, -3.67172e-07, 0.041338, 2.62504e-06, -1.48223e-07, 0.037173, 2.06948e-06, 1.89033e-07, 0.0328644, 1.59617e-06, 4.4452e-07, 0.0285557, 1.24764e-06, 1.64637e-07, 0.0242471, 1.02215e-06, -8.13893e-08, 0.0199384, 8.29629e-07, -1.07539e-08, 0.0156297, 4.60539e-07, -1.02766e-07, 0.011321, 5.41252e-08, -2.35788e-07, 0.00701235, -1.62614e-07, -1.57884e-07, 0.00270366, -3.17194e-07, 2.28906e-07, 
0.0458155, 2.66557e-06, -2.6214e-07, 0.0416505, 2.20683e-06, -3.21256e-08, 0.0374855, 2.01912e-06, 1.36856e-07, 0.0331768, 1.75339e-06, -6.02479e-08, 0.0288682, 1.40829e-06, -9.28558e-08, 0.0245595, 1.30446e-06, 2.00252e-07, 0.0202509, 1.05072e-06, 2.06518e-07, 0.0159422, 6.65732e-07, 8.9724e-08, 0.0116335, 1.60819e-07, 1.93726e-07, 0.00732477, -1.78058e-07, 2.07279e-07, 0.00301604, -3.17192e-07, 2.28902e-07, 
0.0461279, 1.97092e-06, 1.78623e-07, 0.0419628, 2.06949e-06, -5.04493e-08, 0.0377978, 2.18718e-06, -2.18574e-07, 0.0334891, 1.97457e-06, -2.32325e-07, 0.0291804, 1.48681e-06, -1.04611e-07, 0.0248718, 1.22332e-06, 2.6751e-08, 0.0205632, 1.09711e-06, 3.58761e-07, 0.0162545, 7.52834e-07, 6.86186e-07, 0.0119458, 5.75566e-07, 5.09431e-07, 0.0076371, 2.47112e-07, 2.60028e-07, 0.00332841, -3.17194e-07, 2.28905e-07, 
0.0464402, 2.31894e-06, -9.73601e-07, 0.0422752, 1.98353e-06, -1.28043e-07, 0.0381102, 1.83841e-06, 7.40452e-08, 0.0338016, 1.78147e-06, 2.17995e-07, 0.029493, 1.63354e-06, 4.06624e-07, 0.0251843, 1.4414e-06, 3.38952e-07, 0.0208756, 1.37614e-06, 1.75605e-07, 0.0165669, 9.49784e-07, 3.59158e-08, 0.0122582, 3.88952e-07, 3.45789e-08, 0.00794949, 1.31347e-07, 1.14642e-07, 0.00364079, -3.17194e-07, 2.28905e-07, 
0.0467525, 2.31558e-06, -2.53571e-07, 0.0425875, 2.05476e-06, -2.08364e-07, 0.0384225, 1.87218e-06, -3.03555e-08, 0.0341139, 1.79725e-06, 2.8678e-08, 0.0298053, 1.61e-06, 1.89709e-07, 0.0254966, 1.50414e-06, 2.01324e-07, 0.0211879, 1.23847e-06, 1.36064e-07, 0.0168792, 7.63171e-07, 3.86342e-07, 0.0125706, 3.5256e-07, 3.23912e-07, 0.00826187, 9.35165e-08, 1.07697e-07, 0.00395316, -3.17192e-07, 2.28904e-07, 
0.047065, 2.3313e-06, 2.11966e-07, 0.0429, 2.17609e-06, 9.68355e-08, 0.038735, 2.14278e-06, -1.7566e-07, 0.0344263, 1.94389e-06, -3.11118e-07, 0.0301177, 1.49655e-06, -1.45124e-07, 0.025809, 1.12838e-06, 1.43913e-07, 0.0215003, 7.77611e-07, 2.57693e-07, 0.0171916, 6.21121e-07, 3.32525e-07, 0.012883, 5.24485e-07, 5.50665e-07, 0.00857426, 1.43098e-07, 3.50871e-07, 0.00426554, -3.17193e-07, 2.28905e-07, 
0.0473773, 2.97228e-06, -3.22347e-07, 0.0432124, 2.42273e-06, -9.62956e-08, 0.0390474, 1.98769e-06, 1.17922e-07, 0.0347388, 1.67878e-06, 2.53356e-07, 0.0304301, 1.36404e-06, 2.43607e-07, 0.0261215, 8.93688e-07, 9.6023e-08, 0.0218128, 8.00417e-07, 1.53709e-07, 0.0175041, 5.74728e-07, 9.22516e-08, 0.0131954, 3.20625e-07, -2.56653e-07, 0.00888674, 9.11068e-08, -1.94589e-07, 0.00457801, -2.91779e-07, -1.24284e-07, 0.000269288, -2.05375e-07, -1.68202e-07, 
0.0476898, 2.93638e-06, -2.60384e-07, 0.0435248, 2.54836e-06, 7.19661e-08, 0.0393599, 2.19293e-06, 2.35935e-07, 0.0350512, 1.61827e-06, 2.9101e-07, 0.0307425, 1.06591e-06, 2.27505e-07, 0.0264339, 9.36717e-07, 6.3742e-08, 0.0221252, 6.66309e-07, -1.42663e-07, 0.0178165, 3.35615e-07, -1.5455e-07, 0.0135079, 2.31791e-07, -2.94806e-07, 0.00919917, 1.67771e-07, -5.08761e-07, 0.00489041, 3.72228e-08, -4.13783e-07, 0.000581663, -2.05374e-07, -1.68205e-07, 
0.0480021, 2.84632e-06, 6.45394e-07, 0.0438371, 2.40466e-06, 5.33033e-07, 0.0396721, 2.08552e-06, 1.52099e-07, 0.0353635, 1.71652e-06, -2.37346e-07, 0.0310549, 1.23207e-06, -3.57254e-07, 0.0267463, 1.0778e-06, -3.69539e-07, 0.0224375, 7.2002e-07, -2.68021e-07, 0.0181288, 2.68748e-07, -2.8128e-08, 0.0138202, 7.95517e-08, 7.96174e-08, 0.00951147, 2.46536e-08, -1.44314e-07, 0.00520274, -9.39418e-08, -2.05941e-07, 0.000894039, -2.05374e-07, -1.68203e-07, 
0.0483145, 2.80116e-06, 6.33169e-07, 0.0441496, 2.18636e-06, 4.83048e-07, 0.0399846, 1.88062e-06, 2.75673e-07, 0.0356759, 1.77243e-06, -7.00442e-08, 0.0313672, 1.48993e-06, -3.16112e-07, 0.0270586, 1.02843e-06, -5.35846e-07, 0.0227499, 7.50899e-07, -3.13834e-07, 0.0184413, 3.93576e-07, -1.2041e-07, 0.0141326, 2.48244e-07, -2.88959e-07, 0.00982392, 1.71607e-07, -1.77254e-07, 0.00551517, -2.39099e-07, -7.18775e-08, 0.00120641, -2.05375e-07, -1.68202e-07, 
0.0486269, 2.59087e-06, 1.16424e-07, 0.0444619, 2.04941e-06, 2.85903e-07, 0.040297, 1.88661e-06, 2.30351e-07, 0.0359883, 1.64783e-06, 1.99137e-07, 0.0316797, 1.29689e-06, 1.27411e-07, 0.027371, 1.16827e-06, -9.95243e-09, 0.0230623, 8.70345e-07, -2.95775e-07, 0.0187536, 5.46775e-07, -4.74268e-07, 0.0144449, 5.96727e-07, -6.05023e-07, 0.0101362, 3.69776e-07, -7.55947e-07, 0.00582749, 9.62947e-08, -4.47209e-07, 0.00151879, -2.05377e-07, -1.68203e-07, 
0.0489393, 2.19885e-06, 2.48074e-07, 0.0447743, 1.94742e-06, 2.61729e-07, 0.0406093, 1.78535e-06, 1.41825e-07, 0.0363006, 1.53339e-06, 4.34915e-08, 0.031992, 1.29634e-06, 8.94969e-08, 0.0276833, 1.37311e-06, -1.32924e-07, 0.0233746, 1.25655e-06, -4.10383e-07, 0.019066, 7.83916e-07, -3.37924e-07, 0.0147573, 4.90788e-07, -2.88242e-07, 0.0104486, 4.48792e-07, -2.32982e-07, 0.00613989, 1.00336e-07, -2.41122e-07, 0.00183117, -2.05375e-07, -1.68204e-07, 
0.0492517, 1.7089e-06, 7.53566e-07, 0.0450867, 1.70635e-06, 2.3522e-07, 0.0409217, 1.76548e-06, -1.66279e-07, 0.036613, 1.81428e-06, -2.67931e-07, 0.0323044, 1.5417e-06, -2.27621e-07, 0.0279957, 1.35039e-06, -2.44462e-07, 0.0236871, 1.17466e-06, -5.66307e-08, 0.0193784, 8.37201e-07, 5.96854e-08, 0.0150697, 6.51776e-07, 1.61164e-08, 0.010761, 4.98607e-07, 9.57127e-08, 0.00645228, 3.14546e-08, 1.5056e-07, 0.00214354, -2.05376e-07, -1.68204e-07, 
0.0495641, 1.97682e-06, -1.55294e-07, 0.0453991, 1.60126e-06, -5.03618e-08, 0.0412341, 1.64563e-06, -3.09277e-08, 0.0369254, 1.63079e-06, 1.23516e-08, 0.0326168, 1.45854e-06, 1.43691e-07, 0.0283081, 1.42136e-06, 1.57365e-07, 0.0239995, 1.23426e-06, -2.85617e-08, 0.0196908, 1.02766e-06, -1.29566e-07, 0.0153821, 8.76857e-07, -6.53349e-08, 0.0110733, 3.34058e-07, -4.81256e-08, 0.00676464, -6.83575e-08, 5.38054e-08, 0.00245592, -2.05376e-07, -1.68203e-07, 
0.0498764, 1.77874e-06, -5.5664e-07, 0.0457114, 1.79489e-06, -2.8063e-07, 0.0415464, 1.78753e-06, -8.68016e-08, 0.0372377, 1.57376e-06, 1.30259e-07, 0.0329291, 1.314e-06, 4.43785e-07, 0.0286204, 1.17085e-06, 3.91712e-07, 0.0243118, 1.19452e-06, 1.09926e-07, 0.0200031, 9.53549e-07, -4.08331e-08, 0.0156945, 7.54392e-07, -1.97965e-07, 0.0113858, 6.09589e-07, -1.92756e-07, 0.00707701, 1.33059e-07, -2.66628e-07, 0.00276829, -2.05375e-07, -1.68204e-07, 
0.0501888, 1.91796e-06, -1.03915e-07, 0.0460238, 1.88648e-06, -1.89552e-07, 0.0418588, 1.75231e-06, -2.09956e-07, 0.0375502, 1.54181e-06, -6.09424e-09, 0.0332415, 1.25438e-06, -3.61421e-09, 0.0289329, 1.26528e-06, 6.8953e-09, 0.0246242, 1.1817e-06, 1.72621e-07, 0.0203155, 8.1546e-07, 2.78738e-07, 0.0160068, 4.95874e-07, 2.55374e-07, 0.0116981, 2.52851e-07, 1.4586e-07, 0.00738938, 5.79741e-09, 1.08642e-07, 0.00308067, -2.05374e-07, -1.68205e-07, 
0.0505013, 2.12773e-06, -8.77304e-08, 0.0463362, 1.87326e-06, -7.48375e-08, 0.0421712, 1.82669e-06, -6.60961e-08, 0.0378625, 1.66403e-06, -2.20044e-07, 0.0335539, 1.35494e-06, -1.71969e-07, 0.0292452, 1.10309e-06, -4.07446e-09, 0.0249366, 7.49305e-07, 1.42238e-07, 0.0206279, 6.15385e-07, 2.90883e-07, 0.0163192, 4.57266e-07, 3.1216e-07, 0.0120105, 1.45448e-07, 2.1229e-07, 0.00770181, -9.88627e-08, 5.24085e-08, 0.00339304, -2.05374e-07, -1.68204e-07, 
0.0508135, 2.5121e-06, -5.49403e-07, 0.0466485, 2.11263e-06, -1.28605e-07, 0.0424835, 1.71785e-06, 6.09052e-08, 0.0381749, 1.48495e-06, 9.50298e-08, 0.0338663, 1.25594e-06, 1.48806e-07, 0.0295576, 8.63518e-07, 1.44246e-07, 0.0252489, 7.18079e-07, 1.12411e-07, 0.0209403, 5.12148e-07, -2.72156e-08, 0.0166315, 3.40259e-07, -1.53513e-07, 0.0123228, 1.7608e-07, -2.61498e-07, 0.00801411, -1.08272e-07, -3.49863e-07, 0.00370542, -2.05375e-07, -1.68201e-07, 
0.051126, 2.54883e-06, -1.98132e-07, 0.046961, 2.20626e-06, -9.45117e-08, 0.0427959, 1.8262e-06, 8.88543e-08, 0.0384873, 1.381e-06, 2.31735e-07, 0.0341786, 1.08214e-06, 9.49223e-09, 0.02987, 9.12739e-07, -1.10827e-07, 0.0255613, 6.61341e-07, -8.13974e-08, 0.0212527, 3.62355e-07, -8.76162e-08, 0.016944, 1.83898e-07, -1.93905e-07, 0.0126352, 8.28938e-08, -3.25682e-07, 0.00832653, 7.44476e-08, -2.52562e-07, 0.00401779, -2.05375e-07, -1.68204e-07, 
0.0514384, 2.38831e-06, 5.447e-07, 0.0472733, 2.11779e-06, 2.32264e-07, 0.0431083, 1.8216e-06, 2.5839e-08, 0.0387997, 1.48699e-06, -2.64573e-07, 0.034491, 1.23149e-06, -3.78678e-07, 0.0301824, 9.45299e-07, -2.9641e-07, 0.0258737, 5.27662e-07, -1.84295e-07, 0.021565, 3.05554e-07, -3.04274e-08, 0.0172563, 9.01352e-08, -1.28194e-09, 0.0129477, 2.06789e-08, -3.14425e-08, 0.008639, -9.73221e-08, -2.03989e-07, 0.00433026, -3.80115e-08, -1.2533e-07, 2.15414e-05, 1.47705e-06, 3.91384e-07, 
0.0517509, 2.41361e-06, 2.68051e-07, 0.0475859, 1.93192e-06, 2.36853e-07, 0.0434209, 1.71995e-06, 1.32091e-07, 0.0391122, 1.90433e-06, 6.66988e-08, 0.0348035, 1.18378e-06, -1.9795e-07, 0.0304948, 1.84984e-07, -4.87392e-07, 0.0261861, 2.09145e-07, -5.15512e-07, 0.0218775, 1.83275e-07, -4.72018e-07, 0.0175688, 3.28379e-07, -1.77085e-07, 0.01326, 6.97253e-07, -1.28551e-08, 0.00895131, 9.53682e-07, 2.57774e-07, 0.0046426, 1.19276e-06, 4.91995e-07, 0.000333917, 1.47705e-06, 3.91384e-07, 
0.0520632, 3.1873e-06, 4.82748e-07, 0.0478982, 2.00895e-06, 1.84493e-07, 0.0437332, 1.31514e-06, -6.06621e-08, 0.0394246, 4.22407e-07, -3.87632e-07, 0.0351159, 3.82695e-07, -2.63389e-07, 0.0308073, 9.46199e-07, 3.98853e-08, 0.0264986, 8.83944e-07, -6.415e-08, 0.0221899, 8.06824e-07, -2.30922e-07, 0.0178813, 9.3461e-07, -3.26068e-07, 0.0135726, 1.29013e-06, -3.01418e-07, 0.00926387, 1.38278e-06, -7.12251e-08, 0.0049551, 1.22521e-06, 2.01567e-07, 0.000646293, 1.47705e-06, 3.91384e-07, 
0.0523756, 1.21445e-06, -2.76339e-07, 0.0482105, 1.30265e-06, -3.97872e-08, 0.0440455, 1.21246e-06, 5.8795e-08, 0.0397369, 1.42008e-06, 1.11852e-07, 0.0354282, 1.19749e-06, -3.49462e-08, 0.0311195, 9.16657e-07, -2.00399e-07, 0.0268109, 9.4844e-07, -2.16792e-07, 0.0225022, 9.9175e-07, -2.52108e-07, 0.0181935, 1.2204e-06, -2.93936e-07, 0.0138849, 1.25911e-06, -1.23344e-07, 0.00957615, 1.62993e-06, 1.58217e-07, 0.00526741, 2.20563e-06, 4.9347e-07, 0.000958668, 1.47705e-06, 3.91382e-07, 
0.052688, -2.14821e-07, -2.27708e-07, 0.0485229, 7.73388e-07, -6.34136e-08, 0.0443579, 1.23166e-06, -7.20869e-08, 0.0400492, 9.85517e-07, -2.45176e-07, 0.0357405, 1.30745e-06, -3.5194e-07, 0.0314318, 2.04133e-06, -1.21331e-07, 0.0271232, 1.9599e-06, 1.06246e-07, 0.0228145, 1.76808e-06, 1.8527e-07, 0.0185058, 1.54583e-06, 1.37552e-07, 0.0141971, 1.06732e-06, 7.61638e-08, 0.00988842, 9.13008e-07, 1.21423e-07, 0.00557977, 1.09589e-06, 8.435e-08, 0.00127104, 1.47705e-06, 3.91383e-07, 
0.0530003, -7.61562e-07, -4.73461e-07, 0.0488352, 1.80503e-07, -3.51783e-07, 0.0446702, 1.06069e-06, -1.62101e-07, 0.0403616, 1.57117e-06, -8.63098e-08, 0.036053, 1.63518e-06, -1.14576e-07, 0.0317443, 1.45204e-06, -2.32062e-07, 0.0274356, 1.80753e-06, 8.83635e-09, 0.023127, 2.09746e-06, 2.27457e-07, 0.0188183, 1.88517e-06, 2.75294e-07, 0.0145097, 1.72262e-06, 4.27548e-07, 0.010201, 1.81048e-06, 4.96284e-07, 0.0058922, 1.93212e-06, 4.78229e-07, 0.00158342, 1.47705e-06, 3.91383e-07, 
0.0533128, 3.11011e-07, -5.2889e-07, 0.0491478, 4.69961e-07, -4.9889e-07, 0.0449828, 3.71481e-07, -4.92844e-07, 0.0406741, 5.41478e-07, -3.03535e-07, 0.0363654, 9.70341e-07, 1.90246e-08, 0.0320567, 1.71506e-06, 2.6298e-07, 0.0277481, 2.36802e-06, 3.22782e-07, 0.0234394, 2.34569e-06, 2.8474e-07, 0.0191307, 2.31739e-06, 3.36007e-07, 0.014822, 2.5246e-06, 4.21902e-07, 0.0105133, 2.37435e-06, 4.37523e-07, 0.00620456, 1.6626e-06, 3.59599e-07, 0.00189579, 1.47705e-06, 3.91386e-07, 
0.0536252, 1.35567e-07, -8.59321e-07, 0.0494602, 1.60317e-08, -7.36818e-07, 0.0452951, 4.6619e-07, -5.01389e-07, 0.0409864, 1.10392e-06, -9.06648e-08, 0.0366777, 1.46133e-06, 2.21781e-07, 0.0323691, 1.5813e-06, 3.39937e-07, 0.0280604, 1.82549e-06, 2.34739e-07, 0.0237517, 2.21747e-06, 3.20794e-07, 0.019443, 2.17571e-06, 4.21665e-07, 0.0151343, 2.44238e-06, 4.04163e-07, 0.0108256, 2.60217e-06, 4.48739e-07, 0.00651688, 2.08422e-06, 4.6722e-07, 0.00220817, 1.47705e-06, 3.91382e-07, 
0.0539373, -4.2658e-07, -9.32447e-07, 0.0497723, 2.28639e-07, -6.59888e-07, 0.0456073, 5.74477e-07, -4.09147e-07, 0.0412987, 1.12674e-06, -1.8182e-07, 0.03699, 1.72876e-06, 6.72388e-08, 0.0326814, 1.97373e-06, 1.77083e-07, 0.0283728, 2.07372e-06, 2.62054e-07, 0.0240641, 1.94668e-06, 4.07623e-07, 0.0197554, 1.97453e-06, 6.03524e-07, 0.0154468, 1.85298e-06, 6.01447e-07, 0.0111381, 1.31178e-06, 3.25188e-07, 0.00682928, 1.25374e-06, 3.46966e-07, 0.00252055, 1.47705e-06, 3.91384e-07, 
0.0542497, -1.2876e-07, -6.66287e-07, 0.0500847, 3.66635e-07, -5.93194e-07, 0.0459197, 1.02042e-06, -3.75146e-07, 0.0416111, 1.44908e-06, -2.03804e-07, 0.0373024, 1.65806e-06, -1.28984e-07, 0.0329938, 1.63318e-06, 2.23147e-08, 0.0286851, 1.28704e-06, 1.91457e-07, 0.0243764, 1.57984e-06, 4.3185e-07, 0.0200678, 1.8943e-06, 6.47627e-07, 0.0157591, 1.39892e-06, 5.37849e-07, 0.0114504, 1.29248e-06, 4.61942e-07, 0.0071417, 1.33287e-06, 3.36426e-07, 0.00283292, 1.47705e-06, 3.91383e-07, 
0.0545623, 1.43577e-06, -5.8378e-07, 0.0503973, 1.17294e-06, -4.86924e-07, 0.0462323, 9.1721e-07, -3.65165e-07, 0.0419236, 8.55198e-07, -1.65002e-07, 0.0376149, 1.02333e-06, -4.69619e-08, 0.0333062, 1.05677e-06, 2.59589e-08, 0.0289975, 1.11731e-06, 1.74041e-07, 0.0246888, 1.22336e-06, 1.80313e-07, 0.0203802, 1.59137e-06, 2.53244e-07, 0.0160714, 1.69764e-06, 4.52604e-07, 0.0117627, 1.35112e-06, 4.76354e-07, 0.00745399, 1.57271e-06, 4.65605e-07, 0.0031453, 1.47705e-06, 3.91386e-07, 
0.0548746, 2.23031e-06, -3.55554e-07, 0.0507096, 1.49076e-06, -3.76906e-07, 0.0465446, 1.11388e-06, -3.27879e-07, 0.0422359, 9.00278e-07, -2.49543e-07, 0.0379273, 7.18644e-07, -7.25058e-08, 0.0336187, 8.49531e-07, 1.42133e-07, 0.02931, 7.82777e-07, 1.82578e-07, 0.0250013, 8.0714e-07, 1.38726e-07, 0.0206926, 1.01687e-06, -2.25765e-08, 0.0163839, 1.32435e-06, 7.66176e-08, 0.0120752, 1.62261e-06, 2.56723e-07, 0.00776644, 1.52705e-06, 3.16869e-07, 0.00345767, 1.47705e-06, 3.91384e-07, 
0.0551868, 1.78131e-06, -4.82697e-07, 0.0510219, 1.55568e-06, -1.69609e-07, 0.0468569, 1.42561e-06, -8.94484e-08, 0.0425483, 1.37091e-06, -6.06497e-08, 0.0382396, 1.01175e-06, -1.20192e-07, 0.0339309, 7.43772e-07, -1.7837e-07, 0.0296222, 8.06204e-07, -1.21817e-07, 0.0253136, 5.94066e-07, -7.89054e-08, 0.0210049, 3.52996e-07, -4.93134e-08, 0.0166962, 5.82878e-07, 1.8507e-08, 0.0123875, 9.43784e-07, 2.56466e-07, 0.00807879, 1.15737e-06, 3.86725e-07, 0.00377005, 1.47705e-06, 3.91385e-07, 
0.0554993, 1.42742e-06, -1.45551e-08, 0.0513343, 1.75059e-06, 5.02367e-08, 0.0471692, 1.72352e-06, -5.67148e-08, 0.0428606, 1.28731e-06, -3.50933e-07, 0.0385519, 9.99319e-07, -3.84381e-07, 0.0342433, 7.76432e-07, -2.9914e-07, 0.0299346, 7.82794e-07, -1.18299e-07, 0.0256259, 5.67586e-07, 1.72591e-08, 0.0213172, 2.2194e-07, 2.71364e-08, 0.0170085, 3.35654e-07, -1.15559e-08, 0.0126998, 4.98645e-07, 6.15181e-09, 0.00839109, 8.11084e-07, 1.86854e-07, 0.00408242, 1.47705e-06, 3.91384e-07, 
0.0558119, 1.90407e-06, -2.42054e-08, 0.0516469, 1.84765e-06, -2.54512e-08, 0.0474818, 1.57086e-06, -1.85879e-09, 0.0431731, 1.16579e-06, -8.34421e-08, 0.0388645, 7.64056e-07, -2.4813e-07, 0.0345558, 4.73445e-07, -3.50161e-07, 0.0302472, 3.92413e-07, -3.88325e-07, 0.0259385, 6.57409e-07, -2.74914e-07, 0.0216298, 6.36131e-07, -1.4572e-07, 0.0173212, 6.04901e-07, 1.65588e-08, 0.0130124, 1.46718e-06, 4.07999e-07, 0.00870366, 1.53856e-06, 4.66241e-07, 0.00439494, 5.70742e-07, -6.15978e-08, 8.61707e-05, -2.61828e-07, -4.90659e-07, 
0.0561244, 2.23347e-06, 2.32695e-07, 0.0519594, 2.08347e-06, 4.55552e-08, 0.0477943, 1.03791e-06, -3.21484e-07, 0.0434857, 1.3685e-07, -4.73003e-07, 0.039177, 5.02511e-07, -2.58599e-07, 0.0348683, 1.02735e-06, 5.29703e-08, 0.0305597, 1.42681e-06, 2.15536e-07, 0.0262509, 1.71427e-06, 2.7188e-07, 0.0219422, 1.20868e-06, -1.10136e-08, 0.0176335, 6.69368e-07, -3.51916e-07, 0.0133248, 4.52657e-07, -4.90307e-07, 0.00901603, 3.63334e-07, -5.12828e-07, 0.0047073, -6.97801e-08, -5.1968e-07, 0.000398546, -2.61831e-07, -4.90659e-07, 
0.0564367, -6.61345e-07, -1.13972e-06, 0.0522716, 1.06693e-06, -2.34618e-07, 0.0481067, 1.89195e-06, 2.5237e-07, 0.0437981, 2.11867e-06, 4.22274e-07, 0.0394895, 2.02442e-06, 3.99233e-07, 0.0351807, 1.20457e-06, 1.148e-08, 0.0308721, 7.12365e-07, -2.39046e-07, 0.0265634, 1.02833e-06, -2.63675e-07, 0.0222546, 7.87166e-07, -3.83517e-07, 0.0179459, 2.84901e-07, -5.02711e-07, 0.0136372, 3.26236e-07, -5.74649e-07, 0.00932847, 3.59717e-07, -5.48113e-07, 0.00501971, 9.32538e-08, -4.71312e-07, 0.000710922, -2.61831e-07, -4.90661e-07, 
0.0567491, 7.45096e-07, -2.22499e-08, 0.052584, 1.04322e-06, -5.2085e-08, 0.048419, 1.13864e-06, -3.63719e-08, 0.0441103, 1.34553e-06, -3.90549e-08, 0.0398016, 1.64279e-06, -3.10412e-08, 0.0354929, 1.7298e-06, -3.36471e-08, 0.0311843, 1.84705e-06, 5.64096e-08, 0.0268756, 1.79065e-06, -1.6919e-08, 0.022567, 9.69132e-07, -3.55512e-07, 0.0182583, -2.72123e-07, -6.77454e-07, 0.0139495, -3.17889e-07, -6.26302e-07, 0.00964079, -1.57941e-07, -5.79403e-07, 0.00533206, -3.99822e-07, -6.01933e-07, 0.0010233, -2.61825e-07, -4.90659e-07, 
0.0570612, 1.10077e-06, 5.72725e-07, 0.0528962, 1.60697e-06, 3.435e-07, 0.0487312, 1.53601e-06, 1.67746e-08, 0.0444225, 9.1228e-07, -3.63197e-07, 0.0401139, 1.09291e-06, -4.58812e-07, 0.0358053, 1.45845e-06, -2.68041e-07, 0.0314967, 1.3092e-06, -2.60224e-07, 0.0271879, 1.14614e-06, -2.98098e-07, 0.0228792, 8.4881e-07, -2.63475e-07, 0.0185705, 4.46937e-07, -3.67793e-07, 0.0142617, 5.07018e-07, -3.23298e-07, 0.00995304, 6.776e-07, -1.68877e-07, 0.00564436, 2.04291e-07, -2.66695e-07, 0.00133567, -2.61836e-07, -4.90663e-07, 
0.0573735, 1.43392e-06, 2.36972e-07, 0.0532085, 1.909e-06, 3.40206e-07, 0.0490435, 1.84981e-06, 3.37848e-07, 0.0447348, 1.44709e-06, 7.36535e-08, 0.0404262, 7.48956e-07, -3.94845e-07, 0.0361175, 2.31829e-07, -7.08073e-07, 0.0318089, 4.12221e-07, -7.24772e-07, 0.0275002, 9.80456e-07, -4.91175e-07, 0.0231915, 1.10176e-06, -3.23073e-07, 0.0188829, 1.09954e-06, -1.68294e-07, 0.0145742, 1.20329e-06, -8.5765e-08, 0.0102656, 9.79016e-07, -7.59154e-08, 0.00595683, 3.38081e-07, -2.43325e-07, 0.00164805, -2.61829e-07, -4.9066e-07, 
0.0576859, 2.7448e-06, 6.18243e-07, 0.0535209, 1.99177e-06, 2.80144e-07, 0.0493559, 1.18897e-06, -6.45191e-08, 0.0450473, 7.90623e-07, -2.50557e-07, 0.0407386, 6.89996e-07, -3.28081e-07, 0.03643, 7.70413e-07, -2.91108e-07, 0.0321212, 1.20101e-06, -4.81841e-08, 0.0278126, 1.5256e-06, -4.28961e-08, 0.0235039, 1.11837e-06, -3.61068e-07, 0.0191952, 4.91159e-07, -6.16099e-07, 0.0148865, 1.7921e-07, -7.55446e-07, 0.0105778, 1.22326e-07, -7.55724e-07, 0.00626912, 1.73107e-07, -5.73461e-07, 0.00196042, -2.61826e-07, -4.90659e-07, 
0.0579984, 7.38505e-07, -4.38392e-07, 0.0538334, 1.48878e-06, -1.5771e-08, 0.0496684, 2.01042e-06, 2.50486e-07, 0.0453597, 1.90222e-06, 2.69063e-07, 0.0410511, 1.75728e-06, 2.28975e-07, 0.0367424, 1.53675e-06, 1.02999e-07, 0.0324338, 1.05234e-06, -1.92596e-07, 0.0281251, 2.87198e-07, -6.29656e-07, 0.0238164, -9.92279e-08, -8.42101e-07, 0.0195077, -1.02744e-07, -8.48351e-07, 0.015199, 2.65434e-08, -7.19346e-07, 0.0108902, 3.64967e-07, -4.89184e-07, 0.00658152, 3.12769e-07, -3.00814e-07, 0.0022728, -2.61829e-07, -4.90662e-07, 
0.058311, 1.57167e-06, 9.37407e-08, 0.054146, 1.63212e-06, 5.3569e-08, 0.0499809, 1.92598e-06, 1.72673e-07, 0.0456722, 1.76832e-06, 8.15502e-08, 0.0413636, 1.12464e-06, -2.39079e-07, 0.0370549, 1.16131e-06, -2.74208e-07, 0.0327462, 1.39762e-06, -1.42286e-07, 0.0284375, 1.09366e-06, -1.59007e-07, 0.0241288, 5.41763e-07, -3.15466e-07, 0.0198201, -1.17609e-07, -5.68013e-07, 0.0155114, -6.28076e-07, -7.81742e-07, 0.0112027, -9.75195e-07, -8.248e-07, 0.00689395, -8.68858e-07, -7.68652e-07, 0.00258518, -2.6183e-07, -4.90662e-07, 
0.0586233, 2.41978e-06, 4.99721e-07, 0.0544583, 2.01727e-06, 2.26982e-07, 0.0502933, 1.79092e-06, 3.14343e-08, 0.0459847, 1.5998e-06, -1.71163e-07, 0.0416761, 1.12163e-06, -4.07106e-07, 0.0373674, 9.1322e-07, -3.81683e-07, 0.0330587, 7.11388e-07, -3.48728e-07, 0.0287499, 3.87726e-07, -3.4069e-07, 0.0244412, 2.57189e-07, -3.08174e-07, 0.0201325, 1.78478e-07, -2.94125e-07, 0.0158238, -6.87728e-08, -3.21204e-07, 0.011515, 1.18249e-07, -2.43115e-07, 0.00720631, 3.50956e-07, -2.36285e-07, 0.00289755, -2.61833e-07, -4.90663e-07, 
0.0589357, 3.16786e-06, 3.30683e-07, 0.0547707, 2.34363e-06, 1.99393e-07, 0.0506057, 1.81443e-06, 9.33533e-09, 0.046297, 1.31127e-06, -1.72302e-07, 0.0419883, 7.54999e-07, -3.16912e-07, 0.0376796, 4.632e-07, -3.85337e-07, 0.0333709, 4.85709e-07, -3.65641e-07, 0.0290623, 2.50796e-07, -4.38411e-07, 0.0247537, 1.45055e-07, -4.11805e-07, 0.0204449, 5.55775e-07, -1.85207e-07, 0.0161362, 5.32457e-07, -6.30811e-08, 0.0118275, 5.49322e-07, -1.12841e-08, 0.00751869, 5.48406e-07, -4.75502e-08, 0.00320993, -2.6183e-07, -4.90661e-07, 
0.0592479, 2.99028e-06, 8.82942e-08, 0.0550829, 2.32075e-06, -2.24503e-08, 0.0509179, 1.89485e-06, -4.59045e-08, 0.0466092, 1.29517e-06, -1.46304e-07, 0.0423006, 4.79512e-07, -2.99703e-07, 0.037992, 4.43093e-07, -2.96801e-07, 0.0336833, 8.74427e-07, -1.1996e-08, 0.0293746, 7.40663e-07, 6.47043e-08, 0.0250659, 6.29198e-07, -8.72856e-08, 0.0207571, 5.57855e-07, -2.58921e-07, 0.0164484, 8.97697e-08, -5.13377e-07, 0.0121397, -5.22765e-07, -7.489e-07, 0.00783097, -4.91649e-07, -6.93725e-07, 0.0035223, -2.6183e-07, -4.90661e-07, 
0.0595601, 1.51223e-06, -7.51695e-07, 0.0553951, 1.64128e-06, -3.4202e-07, 0.0512301, 2.03012e-06, 4.55986e-08, 0.0469215, 2.10019e-06, 2.51211e-07, 0.0426129, 1.72659e-06, 2.48318e-07, 0.0383042, 1.42111e-06, 1.84143e-07, 0.0339955, 7.37115e-07, -1.081e-07, 0.0296869, -6.77175e-08, -4.05233e-07, 0.0253782, -1.27467e-07, -4.49382e-07, 0.0210695, -7.01446e-08, -4.90607e-07, 0.0167608, -1.98331e-07, -4.94997e-07, 0.0124522, 6.18593e-09, -3.55398e-07, 0.00814343, 1.798e-07, -3.12945e-07, 0.00383468, -2.6183e-07, -4.90661e-07, 
0.0598725, 2.49447e-06, -7.62605e-09, 0.0557075, 1.5927e-06, -2.27177e-07, 0.0515425, 1.398e-06, -2.70394e-07, 0.0472339, 1.52682e-06, -1.93602e-07, 0.0429252, 1.44601e-06, -1.10217e-07, 0.0386166, 1.46714e-06, 9.06606e-08, 0.0343079, 1.40759e-06, 1.45337e-07, 0.0299992, 9.61579e-07, 4.10201e-08, 0.0256906, 3.12856e-07, -1.75652e-07, 0.0213819, -1.58777e-07, -3.91061e-07, 0.0170732, -6.60263e-07, -5.14016e-07, 0.0127645, -6.95022e-07, -5.15059e-07, 0.00845578, -4.56817e-07, -5.24742e-07, 0.00414705, -2.61833e-07, -4.90663e-07, 
0.0601852, 1.71018e-06, -1.32416e-07, 0.0560202, 1.90609e-06, -5.05454e-08, 0.0518552, 1.88702e-06, -4.74613e-08, 0.0475465, 1.72196e-06, -1.26084e-07, 0.0432379, 1.23616e-06, -2.59429e-07, 0.0389292, 8.38808e-07, -3.83612e-07, 0.0346206, 6.52946e-07, -2.96738e-07, 0.0303118, 4.43495e-07, -1.37039e-07, 0.0260032, 4.74373e-07, -2.79965e-09, 0.0216945, 7.13095e-07, 2.68676e-08, 0.0173858, 5.79298e-07, -2.49716e-07, 0.0130771, 6.47267e-08, -2.98409e-07, 0.00876839, -3.21129e-07, -1.09924e-07, 0.0044596, -6.58274e-07, -3.83296e-08, 0.0001508, -4.82177e-07, 2.55758e-07, 
0.0604976, 2.54156e-06, -3.3199e-08, 0.0563326, 2.10715e-06, -7.79305e-08, 0.0521676, 1.51115e-06, -4.88753e-08, 0.0478589, 8.99771e-07, -7.81188e-08, 0.0435503, 8.96045e-07, -2.42786e-07, 0.0392417, 1.10869e-06, -3.3421e-07, 0.034933, 9.80707e-07, -4.28675e-07, 0.0306243, 6.09927e-07, -5.69725e-07, 0.0263156, 4.59292e-07, -4.28416e-07, 0.0220068, 3.52317e-07, -2.12555e-07, 0.0176981, 6.28266e-07, 2.28145e-07, 0.0133894, 1.09518e-06, 6.17599e-07, 0.00908063, 7.94617e-07, 7.08427e-07, 0.00477193, -4.10354e-08, 4.76603e-07, 0.000463176, -4.82175e-07, 2.55761e-07, 
0.06081, 1.98158e-06, 5.04015e-07, 0.056645, 1.88478e-06, 4.05016e-08, 0.05248, 1.77795e-06, -2.57813e-07, 0.0481713, 1.17207e-06, -6.25974e-07, 0.0438627, 7.04333e-07, -7.15592e-07, 0.0395541, 7.45052e-07, -3.76055e-07, 0.0352454, 8.22819e-07, -1.46641e-07, 0.0309367, 9.75185e-07, -8.59625e-08, 0.026628, 1.22649e-06, 9.69951e-08, 0.0223192, 1.19016e-06, 2.9612e-07, 0.0180104, 8.89451e-07, 3.38979e-07, 0.0137017, 5.20271e-07, 2.24966e-07, 0.00939296, -1.13612e-07, 5.71258e-08, 0.00508425, -5.08667e-07, 9.81925e-08, 0.000775551, -4.82175e-07, 2.55762e-07, 
0.0611225, 1.30541e-06, -3.76048e-07, 0.0569575, 1.23778e-06, -3.55355e-07, 0.0527924, 1.39607e-06, -2.82963e-07, 0.0484837, 1.71048e-06, -1.23881e-07, 0.0441751, 1.45732e-06, -1.43947e-07, 0.0398664, 1.40097e-06, -1.7277e-07, 0.0355577, 1.50834e-06, -7.29156e-08, 0.031249, 1.15735e-06, -4.49242e-08, 0.0269403, 7.17457e-07, -5.77135e-08, 0.0226316, 5.98372e-07, 1.34533e-07, 0.0183228, 3.95236e-07, 2.02603e-07, 0.0140141, 2.186e-07, 2.35862e-07, 0.00970542, 2.67562e-07, 9.05759e-08, 0.00539667, 1.89849e-08, -3.63166e-08, 0.00108793, -4.82173e-07, 2.5576e-07, 
0.0614348, 8.6377e-07, -1.07252e-06, 0.0572698, 9.55415e-07, -6.34439e-07, 0.0531048, 1.35917e-06, -3.18822e-07, 0.0487961, 1.79006e-06, -2.3015e-08, 0.0444874, 1.84578e-06, 2.39231e-07, 0.0401787, 1.74553e-06, 4.19854e-07, 0.03587, 1.60722e-06, 2.31151e-07, 0.0315614, 1.30408e-06, -1.19118e-07, 0.0272527, 9.86378e-07, -2.21134e-07, 0.022944, 6.41262e-07, -1.61519e-07, 0.0186353, 6.74309e-08, -8.29729e-08, 0.0143266, -1.96336e-07, 8.72648e-08, 0.0100179, -7.03965e-08, 3.45223e-07, 0.00570913, -1.60042e-07, 3.65373e-07, 0.0014003, -4.82177e-07, 2.55761e-07, 
0.0617471, 1.15982e-06, -6.19882e-07, 0.0575821, 1.22484e-06, -6.47395e-07, 0.0534171, 1.43194e-06, -3.87444e-07, 0.0491085, 1.50097e-06, -1.89797e-07, 0.0447998, 1.62012e-06, -1.09863e-07, 0.0404911, 1.53426e-06, -4.75324e-08, 0.0361824, 1.23565e-06, 1.43878e-07, 0.0318738, 1.27535e-06, 4.63744e-07, 0.0275651, 1.54168e-06, 6.07286e-07, 0.0232564, 1.01448e-06, 2.63539e-07, 0.0189477, 2.41963e-07, -6.0979e-08, 0.014639, -7.78687e-08, -2.21873e-07, 0.0103303, -3.85053e-07, -2.99859e-07, 0.00602148, -5.44285e-07, -1.10923e-07, 0.00171268, -4.82175e-07, 2.55761e-07, 
0.0620594, 1.92524e-06, -6.47536e-07, 0.0578944, 1.58072e-06, -4.78397e-07, 0.0537295, 1.27504e-06, -3.81024e-07, 0.0494208, 1.25113e-06, -2.76601e-07, 0.0451122, 1.4132e-06, -1.10048e-07, 0.0408035, 1.49614e-06, 5.70904e-09, 0.0364948, 1.22834e-06, 8.76648e-08, 0.0321862, 9.23285e-07, 7.10809e-08, 0.0278775, 7.91825e-07, 1.26152e-07, 0.0235688, 6.53399e-07, 2.22983e-07, 0.0192601, 6.38367e-07, 1.90525e-07, 0.0149513, 7.68082e-07, 3.12376e-07, 0.0106425, 7.29628e-07, 6.04751e-07, 0.00633379, 1.09618e-07, 6.32675e-07, 0.00202505, -4.82176e-07, 2.55759e-07, 
0.0623718, 2.0032e-06, -5.19209e-07, 0.0582068, 1.87218e-06, -3.95448e-07, 0.0540418, 1.73032e-06, -2.96614e-07, 0.0497332, 1.50141e-06, -1.38191e-07, 0.0454246, 9.56176e-07, -2.39252e-07, 0.0411159, 6.67445e-07, -3.7692e-07, 0.0368072, 8.03912e-07, -2.70755e-07, 0.0324986, 8.25579e-07, 2.77518e-08, 0.0281899, 9.05662e-07, 1.96972e-07, 0.0238812, 1.31344e-06, 3.91667e-07, 0.0195724, 1.24678e-06, 5.76466e-07, 0.0152636, 6.8257e-07, 6.78037e-07, 0.0109549, 6.96245e-08, 6.73528e-07, 0.00664612, -3.03423e-07, 4.54339e-07, 0.00233743, -4.82172e-07, 2.55761e-07, 
0.0626842, 2.55403e-06, -7.01586e-08, 0.0585192, 1.89112e-06, -2.32234e-07, 0.0543542, 1.52744e-06, -4.35635e-07, 0.0500455, 1.12416e-06, -6.49964e-07, 0.0457369, 9.46145e-07, -5.48822e-07, 0.0414282, 1.19372e-06, -1.88446e-07, 0.0371195, 1.37419e-06, 7.03318e-08, 0.0328109, 1.13231e-06, 2.86794e-07, 0.0285022, 6.66046e-07, 4.74043e-07, 0.0241935, 5.35513e-07, 5.09664e-07, 0.0198848, 6.17774e-07, 4.66907e-07, 0.015576, 4.70735e-07, 3.19817e-07, 0.0112673, 9.51297e-08, 1.33261e-07, 0.00695852, -1.38748e-07, 2.19651e-07, 0.00264981, -4.82173e-07, 2.55762e-07, 
0.0629966, 1.19965e-06, -8.19547e-07, 0.0588316, 1.79279e-06, -5.6518e-07, 0.0546666, 1.94259e-06, -3.2467e-07, 0.0503579, 1.80878e-06, -1.33764e-07, 0.0460492, 1.6661e-06, 1.12716e-07, 0.0417405, 1.43267e-06, 1.65734e-07, 0.0374318, 1.0521e-06, 1.25631e-07, 0.0331231, 7.41914e-07, 2.50851e-08, 0.0288145, 5.834e-07, -9.21677e-08, 0.0245058, 2.56969e-07, -1.50912e-08, 0.0201971, 1.61044e-07, 2.92572e-07, 0.0158884, 7.66806e-08, 4.46176e-07, 0.0115797, -1.7271e-07, 3.74791e-07, 0.00727094, -4.55655e-07, 2.56865e-07, 0.00296218, -4.82175e-07, 2.55761e-07, 
0.063309, 1.65349e-06, -1.0336e-06, 0.0591439, 1.87331e-06, -5.31918e-07, 0.0549789, 1.79988e-06, -2.74642e-07, 0.0506703, 1.70387e-06, -9.11613e-10, 0.0463616, 1.72824e-06, 1.70154e-07, 0.0420529, 1.43627e-06, 1.50231e-07, 0.0377442, 1.14196e-06, 1.56758e-07, 0.0334355, 1.01051e-06, 8.19212e-08, 0.0291268, 6.91054e-07, 3.3721e-08, 0.0248181, 1.77295e-07, 1.1159e-07, 0.0205095, -3.18793e-07, 1.40406e-07, 0.0162008, -5.04417e-07, -1.55576e-08, 0.0118921, -5.08698e-07, -8.05694e-08, 0.00758331, -6.04812e-07, 5.86639e-09, 0.00327456, -4.82172e-07, 2.55763e-07, 
0.0636212, 2.62382e-06, -1.45721e-07, 0.0594562, 2.02339e-06, -3.57877e-07, 0.0552912, 1.69819e-06, -4.45114e-07, 0.0509826, 1.60224e-06, -3.96551e-07, 0.0466739, 1.47591e-06, -1.58214e-07, 0.0423653, 1.26192e-06, 1.28956e-07, 0.0380566, 1.06788e-06, 2.5365e-07, 0.033748, 8.47999e-07, 3.4576e-07, 0.0294392, 4.49725e-07, 1.91637e-07, 0.0251305, 9.58607e-08, 1.15237e-08, 0.0208218, -2.17198e-07, -7.93876e-08, 0.0165131, -3.7625e-07, -1.3417e-07, 0.0122044, -3.04184e-07, -7.33423e-08, 0.00789568, -8.12782e-08, 1.62036e-07, 0.00358693, -4.82177e-07, 2.55761e-07, 
0.0639335, 2.5976e-06, -5.03336e-07, 0.0597685, 2.27454e-06, -2.44235e-07, 0.0556035, 2.11911e-06, -4.26455e-08, 0.0512949, 1.94614e-06, 7.59382e-08, 0.0469863, 1.35281e-06, -7.77759e-09, 0.0426777, 6.6704e-07, -2.70363e-07, 0.0383691, 2.51606e-07, -4.03488e-07, 0.0340604, 2.69881e-07, -2.46163e-07, 0.0297517, 3.66171e-07, -3.86005e-08, 0.0254429, 4.55071e-07, 7.17537e-08, 0.0211342, 4.53813e-07, 2.20471e-07, 0.0168254, 4.41862e-08, 3.72021e-07, 0.0125168, -1.41689e-07, 3.99735e-07, 0.00820802, -1.43041e-07, 4.34015e-07, 0.00389931, -4.82175e-07, 2.5576e-07, 
0.0642459, 3.53007e-06, 2.19344e-07, 0.0600809, 2.70493e-06, 8.85183e-08, 0.0559159, 1.69948e-06, -1.89752e-07, 0.0516072, 1.08768e-06, -3.81124e-07, 0.0472986, 1.0553e-06, -3.58483e-07, 0.04299, 8.92226e-07, -3.6803e-07, 0.0386814, 7.26759e-07, -2.6294e-07, 0.0343727, 5.45079e-07, -7.49173e-08, 0.030064, 3.39273e-07, 5.89597e-08, 0.0257553, 1.70966e-07, 1.35106e-07, 0.0214466, 1.38132e-07, 1.57324e-07, 0.0171379, 1.62607e-07, 1.80525e-07, 0.0128292, 8.85548e-08, 4.24679e-07, 0.00852045, -1.82901e-07, 4.23033e-07, 0.00421168, -4.82173e-07, 2.55764e-07, 
0.0645586, 2.44184e-06, 2.78949e-07, 0.0603936, 2.46161e-06, 1.81147e-08, 0.0562285, 2.15788e-06, -1.80616e-07, 0.0519199, 1.60155e-06, -2.76889e-07, 0.0476112, 1.32581e-06, -3.29638e-07, 0.0433026, 9.21598e-07, -3.53589e-07, 0.0389939, 5.10114e-07, -1.77154e-07, 0.0346852, 4.73394e-07, 2.96257e-08, 0.0303765, 4.94286e-07, 1.00329e-07, 0.0260678, 1.76058e-07, 2.27711e-08, 0.0217591, -2.55625e-07, -5.96574e-09, 0.0174504, -2.63709e-07, -6.73629e-09, 0.0131417, -3.03355e-07, -3.06929e-08, 0.00883286, -1.00707e-07, 1.13123e-07, 0.00452412, 2.80266e-07, 3.06423e-07, 0.000215429, 5.63325e-07, 6.42367e-07, 
0.0648709, 1.96126e-06, -5.66714e-07, 0.0607059, 1.95664e-06, -2.3013e-07, 0.0565409, 2.13477e-06, 7.73308e-08, 0.0522323, 2.15782e-06, 1.54628e-07, 0.0479237, 1.67682e-06, 1.37246e-07, 0.043615, 1.21293e-06, 1.11449e-07, 0.0393064, 6.77869e-07, -1.36413e-07, 0.0349977, 4.0324e-07, -3.80542e-07, 0.0306889, -3.44916e-11, -5.3823e-07, 0.0263801, -5.10814e-07, -4.48585e-07, 0.0220714, -4.35748e-07, -2.47546e-07, 0.0177627, -1.62667e-07, 1.79556e-08, 0.013454, 1.97766e-07, 2.44903e-07, 0.00914528, 5.10863e-07, 4.34746e-07, 0.00483657, 6.78441e-07, 5.90108e-07, 0.000527805, 5.63324e-07, 6.42367e-07, 
0.0651832, 2.60023e-06, -1.52936e-07, 0.0610182, 2.25572e-06, -7.5004e-08, 0.0568533, 1.80398e-06, -8.36114e-08, 0.0525447, 1.44901e-06, -5.9555e-08, 0.0482361, 1.14328e-06, -1.1825e-07, 0.0439274, 1.00894e-06, -6.35087e-08, 0.0396187, 9.30129e-07, -5.61473e-08, 0.03531, 4.36031e-07, -2.08668e-07, 0.0310013, 2.61634e-07, -2.306e-07, 0.0266926, 3.55659e-07, -2.53241e-07, 0.0223838, 1.7184e-07, -2.55762e-07, 0.0180751, 3.29821e-08, -1.02875e-07, 0.0137663, -1.43167e-08, 2.73288e-08, 0.00945766, -1.04197e-07, 1.35297e-07, 0.0051489, 9.67677e-08, 3.85361e-07, 0.000840181, 5.63322e-07, 6.42368e-07, 
0.0654957, 3.01916e-06, 4.07855e-07, 0.0613307, 2.11932e-06, 1.12099e-08, 0.0571657, 1.66916e-06, -1.23199e-07, 0.052857, 1.1325e-06, -2.98907e-07, 0.0485484, 8.11234e-07, -4.37859e-07, 0.0442397, 8.22527e-07, -4.00152e-07, 0.0399311, 9.07175e-07, -2.03041e-07, 0.0356224, 6.7918e-07, 1.52973e-08, 0.0313138, 4.24644e-07, 8.88549e-08, 0.027005, 5.54547e-07, -3.92645e-09, 0.0226962, 5.39393e-07, -5.87224e-08, 0.0183875, 3.71043e-07, -7.06589e-08, 0.0140787, 2.89285e-07, -8.45223e-08, 0.00977, 2.19946e-07, -3.73605e-08, 0.0054613, 1.60462e-07, 2.39054e-07, 0.00115256, 5.63324e-07, 6.42367e-07, 
0.0658082, 1.75548e-06, -1.9528e-07, 0.0616431, 1.76011e-06, -1.98628e-08, 0.0574781, 1.80669e-06, 1.40663e-08, 0.0531694, 1.76947e-06, -9.59689e-08, 0.0488608, 1.15907e-06, -1.85265e-07, 0.0445521, 7.3649e-07, -2.31288e-07, 0.0402434, 6.28651e-07, -2.89808e-07, 0.0359347, 4.94226e-07, -4.17786e-07, 0.031626, 3.51141e-07, -3.93881e-07, 0.0273174, 3.22754e-07, -2.67272e-07, 0.0230087, 5.57196e-07, -5.92371e-08, 0.0187, 7.95636e-07, 2.53434e-07, 0.0143912, 1.11095e-06, 5.15051e-07, 0.0100824, 1.11859e-06, 6.5286e-07, 0.00577368, 7.1372e-07, 6.3678e-07, 0.00146493, 5.63322e-07, 6.42365e-07, 
0.0661205, 1.4479e-06, -1.93121e-07, 0.0619555, 1.72358e-06, -6.24268e-08, 0.0577905, 1.59014e-06, -7.41933e-08, 0.0534818, 1.22146e-06, -1.2563e-07, 0.0491731, 9.2452e-07, -2.51146e-07, 0.0448645, 8.06397e-07, -3.31037e-07, 0.0405558, 9.07189e-07, -3.2325e-07, 0.0362471, 9.84003e-07, -2.97399e-07, 0.0319384, 8.78288e-07, -3.33681e-07, 0.0276297, 8.87788e-07, -1.2069e-07, 0.0233211, 7.40258e-07, 1.88438e-07, 0.0190124, 7.49548e-07, 3.73655e-07, 0.0147037, 9.5978e-07, 4.9509e-07, 0.0103949, 7.90887e-07, 5.50597e-07, 0.00608612, 6.6927e-07, 6.21063e-07, 0.00177731, 5.63326e-07, 6.42369e-07, 
0.0664329, 1.5036e-06, 1.88304e-07, 0.0622679, 1.32637e-06, -8.41549e-08, 0.0581029, 1.12297e-06, -3.59759e-07, 0.0537942, 8.33006e-07, -5.32275e-07, 0.0494855, 8.85151e-07, -5.02511e-07, 0.0451768, 1.11196e-06, -3.5424e-07, 0.0408681, 1.38395e-06, -1.17935e-07, 0.0365595, 1.48477e-06, 1.71309e-07, 0.0322508, 1.29815e-06, 2.35743e-07, 0.0279421, 1.04085e-06, 1.76263e-07, 0.0236334, 1.12e-06, 1.8589e-07, 0.0193247, 9.9137e-07, 1.91542e-07, 0.015016, 4.11957e-07, 2.01681e-07, 0.0107073, 3.25276e-07, 2.35986e-07, 0.00639849, 3.64702e-07, 2.897e-07, 0.00208968, 5.63322e-07, 6.42366e-07, 
0.0667453, 1.83289e-07, -7.92692e-07, 0.0625803, 7.76147e-07, -4.385e-07, 0.0584153, 1.07418e-06, -2.31897e-07, 0.0541066, 1.25467e-06, -1.54594e-07, 0.0497979, 1.57835e-06, -7.78266e-08, 0.0454892, 1.64398e-06, -9.949e-08, 0.0411806, 1.39791e-06, -3.16837e-08, 0.0368719, 1.26509e-06, -7.09e-09, 0.0325633, 1.06388e-06, -1.35682e-08, 0.0282546, 8.21305e-07, 3.97821e-08, 0.0239458, 9.81694e-07, 1.63679e-07, 0.0196371, 1.26639e-06, 3.04368e-07, 0.0153284, 1.13641e-06, 3.9083e-07, 0.0110196, 6.27996e-07, 4.27439e-07, 0.00671084, 5.25652e-07, 4.89683e-07, 0.00240206, 5.63323e-07, 6.42366e-07, 
0.0670576, -6.77037e-08, -1.09332e-06, 0.0628926, 6.66899e-07, -6.56285e-07, 0.0587276, 9.99851e-07, -3.1013e-07, 0.054419, 1.21313e-06, -1.14035e-07, 0.0501103, 1.30275e-06, -8.31976e-09, 0.0458017, 1.41883e-06, 1.15872e-07, 0.0414931, 1.57559e-06, 1.75894e-07, 0.0371843, 1.61851e-06, 8.57117e-08, 0.0328756, 1.41966e-06, -5.9374e-08, 0.0285669, 1.04659e-06, -6.44033e-08, 0.0242582, 1.02653e-06, 1.36312e-07, 0.0199494, 1.24192e-06, 3.34865e-07, 0.0156407, 1.13432e-06, 5.02662e-07, 0.0113319, 8.73718e-07, 6.05275e-07, 0.00702319, 8.18981e-07, 7.02399e-07, 0.00271444, 5.63324e-07, 6.42366e-07, 
0.0673699, 4.33379e-07, -6.61623e-07, 0.063205, 7.61405e-07, -5.69082e-07, 0.0590399, 1.03254e-06, -4.86596e-07, 0.0547313, 7.75631e-07, -4.39881e-07, 0.0504228, 6.61791e-07, -3.71365e-07, 0.0461141, 1.02548e-06, -1.07776e-07, 0.0418055, 1.49943e-06, 1.16807e-07, 0.0374967, 1.88503e-06, 3.28495e-07, 0.033188, 1.90744e-06, 5.05795e-07, 0.0288793, 1.71186e-06, 4.69224e-07, 0.0245706, 1.52132e-06, 3.7898e-07, 0.0202618, 1.28024e-06, 3.66215e-07, 0.015953, 8.53117e-07, 2.68252e-07, 0.0116443, 6.96967e-07, 2.01672e-07, 0.00733554, 5.78925e-07, 2.93208e-07, 0.00302681, 5.63323e-07, 6.42367e-07, 
0.0676824, 4.3943e-07, -6.61893e-07, 0.0635174, 6.68113e-07, -6.58942e-07, 0.0593524, 8.02603e-07, -5.40136e-07, 0.0550437, 8.91212e-07, -4.25162e-07, 0.0507351, 9.65295e-07, -3.17401e-07, 0.0464264, 1.21478e-06, -1.1789e-07, 0.0421178, 1.52509e-06, 1.45909e-07, 0.0378091, 1.46906e-06, 2.92346e-07, 0.0335004, 1.36306e-06, 2.94442e-07, 0.0291917, 1.43069e-06, 3.46903e-07, 0.0248829, 1.49665e-06, 4.18958e-07, 0.0205742, 1.67594e-06, 6.08812e-07, 0.0162654, 1.71432e-06, 6.46229e-07, 0.0119567, 1.21289e-06, 5.79728e-07, 0.00764793, 7.31113e-07, 6.31826e-07, 0.00333919, 5.63321e-07, 6.42364e-07, 
