0.0267637, 0, 0, 0.0234183, 0, 0, 0.0200728, 0, 0, 0.0167273, 0, 0, 0.0133819, 0, 0, 0.0100364, 0, 0, 0.00669093, 0, 0, 0.00334547, 0, 0, 
0.0293091, -2.84278e-05, -1.92313e-06, 0.0259636, -1.02746e-05, -2.67191e-06, 0.0226184, 2.80381e-05, -4.27824e-06, 0.0192732, 7.12675e-05, -3.56187e-06, 0.0159296, -3.75517e-05, 1.37976e-05, 0.0126083, -0.000439223, 1.71093e-05, 0.00927713, -0.000694947, -0.000156299, 0.00598358, -0.000163428, -0.000405607, 0.00259565, 0.000472164, 0.000151261, 0.000646778, 0.000713043, 0.000949265, 
0.0315316, -8.61458e-05, -4.77728e-05, 0.028188, 2.41242e-05, -3.03237e-05, 0.0248445, 0.000130619, 1.75146e-05, 0.0215002, 0.000142031, 0.000104736, 0.0181652, -0.000121745, 0.000118598, 0.0148725, -0.00064919, -0.00015046, 0.011594, -0.000918285, -0.000759522, 0.00833504, -0.000347085, -0.00125449, 0.00495746, 0.000344309, -0.000701264, 0.003079, 0.00013433, 0.000258026, 0.00159039, -0.000323131, 0.00137257, 
0.033593, -9.92337e-05, -0.000173354, 0.0302551, 8.75674e-05, -4.85127e-05, 0.0269168, 0.000244986, 0.000103951, 0.0235761, 0.00022843, 0.000281999, 0.0202548, -0.000170964, 0.000321064, 0.0170152, -0.000890778, -0.000101853, 0.0138728, -0.0011442, -0.00122139, 0.0108556, -7.84845e-05, -0.00219776, 0.00774476, 0.00124724, -0.00132773, 0.00581614, 0.00125493, -0.000448329, 0.00403246, 0.0007747, 5.69293e-05, 0.00227236, -4.63505e-05, 0.000135469, 0.000523841, -0.000975511, -0.000279341, 
0.0351833, -3.78875e-05, -0.000315315, 0.0318551, 0.000175411, -5.06606e-05, 0.0285253, 0.000332977, 0.000231558, 0.0251934, 0.000216287, 0.000508929, 0.0219013, -0.000378268, 0.000528866, 0.0187314, -0.00121799, -0.000133876, 0.0156863, -0.00136198, -0.00151175, 0.0128197, 3.71981e-05, -0.00252025, 0.010075, 0.00205666, -0.00175818, 0.00823887, 0.00254301, -0.000817492, 0.00646507, 0.00237633, -0.000115156, 0.00466319, 0.00169418, 0.00014199, 0.00297663, 0.000617247, -0.000155483, 0.00155399, -0.000672309, -0.000816658, 
0.0364091, 0.000119061, -0.000427418, 0.0330918, 0.000281431, -2.61293e-05, 0.0297717, 0.000361198, 0.000377966, 0.0264538, 9.68182e-05, 0.00071496, 0.0231977, -0.000670035, 0.000675428, 0.0200988, -0.001619, -0.000154512, 0.0171616, -0.00173502, -0.00175183, 0.0145369, -6.60781e-05, -0.00298389, 0.0125273, 0.0027195, -0.0023563, 0.0110934, 0.00379431, -0.00122412, 0.0094874, 0.00390865, -0.000187262, 0.00776209, 0.00332841, 0.000494544, 0.00600372, 0.00234672, 0.000687272, 0.0042121, 0.00140988, 0.000496308, 0.00234525, 0.000789334, 0.000174424, 0.000478304, 0.000369748, -0.000228916, 
0.0372607, 0.000352454, -0.00047185, 0.0339525, 0.000375549, 2.5842e-05, 0.0306421, 0.000312403, 0.0005046, 0.0273416, -0.00011129, 0.00084986, 0.0241215, -0.00101156, 0.000736776, 0.0210797, -0.0020235, -0.00022028, 0.0182482, -0.00203767, -0.0020019, 0.0159656, -4.51918e-05, -0.00342039, 0.0143247, 0.00298947, -0.00288172, 0.0130689, 0.00426811, -0.0017498, 0.0116622, 0.00481034, -0.000568885, 0.0100217, 0.00476969, 0.000472902, 0.00820567, 0.00422515, 0.00117872, 0.0063866, 0.00335765, 0.00142863, 0.00468524, 0.00233262, 0.00125983, 0.00315693, 0.00121354, 0.000773839, 0.00175514, -9.30806e-08, 9.10703e-05, 
0.0378764, 0.000601717, -0.00044336, 0.0345784, 0.000448824, 9.74748e-05, 0.0312791, 0.000227219, 0.000604561, 0.0279985, -0.000338043, 0.000937158, 0.0248067, -0.00132535, 0.000764135, 0.0217963, -0.00231546, -0.000307857, 0.0190629, -0.00219577, -0.00223301, 0.0169962, -5.47231e-05, -0.00376166, 0.0156436, 0.00313298, -0.00331296, 0.0146218, 0.00462434, -0.0022063, 0.0134585, 0.00552019, -0.000976872, 0.012055, 0.00605354, 0.0002576, 0.0103524, 0.00608782, 0.00134981, 0.00859258, 0.00532129, 0.00201272, 0.00704443, 0.00407344, 0.00215381, 0.00565233, 0.00272313, 0.00190288, 0.00422202, 0.00145183, 0.00141082, 0.00250744, 0.000411632, 0.000810491, 0.000554803, -0.000436631, 0.000155327, 
0.0383478, 0.000812562, -0.000364377, 0.0350621, 0.000496401, 0.000180084, 0.0317755, 0.000132221, 0.000687671, 0.0285127, -0.000539614, 0.000996101, 0.0253366, -0.00156485, 0.000765332, 0.0223457, -0.00250627, -0.000401054, 0.0196885, -0.00226947, -0.0024198, 0.0177624, -2.23259e-05, -0.00397948, 0.0166402, 0.00326205, -0.00359794, 0.0158715, 0.0049574, -0.00258412, 0.0149569, 0.00614891, -0.00139611, 0.0137475, 0.00692358, -8.63424e-05, 0.01222, 0.00714872, 0.00122086, 0.0105425, 0.00672824, 0.00228538, 0.00892204, 0.00576452, 0.00293278, 0.00744798, 0.00449241, 0.00311477, 0.00605431, 0.00311497, 0.0028609, 0.00462232, 0.00175139, 0.0021737, 0.00315116, 0.000494004, 0.00107085, 0.00177427, -0.000698308, -0.000321988, 
0.0387403, 0.000963122, -0.000255993, 0.0354672, 0.000516689, 0.000273006, 0.0321927, 4.18249e-05, 0.000767368, 0.0289433, -0.000704419, 0.00104459, 0.0257763, -0.00174261, 0.000754904, 0.0227945, -0.00262617, -0.00047822, 0.020183, -0.00228778, -0.00254166, 0.0184074, 4.62606e-05, -0.0041515, 0.0174925, 0.00340307, -0.00385658, 0.0168595, 0.00518635, -0.00290151, 0.0160884, 0.00650125, -0.00174224, 0.0150654, 0.00747979, -0.000410273, 0.0137502, 0.0080061, 0.00103396, 0.0122502, 0.00792003, 0.00240022, 0.0107242, 0.00727849, 0.00351094, 0.00925226, 0.00623054, 0.00425886, 0.00795081, 0.00475803, 0.00446394, 0.00698232, 0.00297497, 0.00394922, 0.00601153, 0.001318, 0.00282067, 0.00452134, 0.00019267, 0.0014901, 0.00257764, -0.00021349, 0.000334062, 0.000439303, -2.50529e-05, -0.000437509, 
0.0390972, 0.00105328, -0.000139015, 0.0358349, 0.000511569, 0.000367026, 0.0325698, -4.36742e-05, 0.000839284, 0.0293289, -0.000837222, 0.00108127, 0.0261644, -0.00186986, 0.000746511, 0.0231846, -0.00269138, -0.000533301, 0.0206156, -0.00225878, -0.00263213, 0.0189519, 0.000141123, -0.00426456, 0.0181667, 0.00353471, -0.00402144, 0.0175926, 0.00535263, -0.00309484, 0.0168987, 0.00673297, -0.00196323, 0.0160096, 0.00785739, -0.000650431, 0.0148895, 0.00865128, 0.000835455, 0.0135948, 0.00891453, 0.00237773, 0.0122448, 0.00852242, 0.00379109, 0.0109834, 0.007487, 0.00486854, 0.00989897, 0.00594211, 0.00545287, 0.00896667, 0.00406785, 0.00544143, 0.00803595, 0.00215256, 0.00478795, 0.00683813, 0.000594777, 0.00360643, 0.00523695, -0.000243599, 0.00218772, 0.00342678, -0.000282971, 0.000800266, 0.00164996, 0.000177799, -0.000534211, 
0.0394414, 0.00109211, -2.68495e-05, 0.0361863, 0.000484665, 0.000450163, 0.0329272, -0.000124666, 0.000896188, 0.0296903, -0.000943933, 0.00110504, 0.0265245, -0.00195931, 0.000732689, 0.0235446, -0.00271896, -0.000584604, 0.021012, -0.00220378, -0.00270888, 0.0194188, 0.000244238, -0.00434018, 0.0186758, 0.00364704, -0.0040931, 0.0181581, 0.00550124, -0.00320603, 0.0175378, 0.00695202, -0.0021207, 0.0167401, 0.00817417, -0.000836896, 0.0157354, 0.00909517, 0.000658143, 0.0145788, 0.00951461, 0.00227379, 0.0133786, 0.00928349, 0.00384858, 0.0122635, 0.0083867, 0.00518144, 0.0113182, 0.00692011, 0.00610867, 0.0105491, 0.00501625, 0.00651602, 0.00985477, 0.00290675, 0.00634423, 0.0090133, 0.000926552, 0.00555165, 0.0079641, -0.000436655, 0.00402841, 0.00663812, -0.000922368, 0.00223699, 0.00478653, -0.000835216, 0.000927716, 0.00267271, -0.000401439, 0.000227566, 0.000474636, 0.000163241, 6.59718e-05, 
0.0397932, 0.00109441, 7.0246e-05, 0.0365416, 0.00044603, 0.000516036, 0.0332852, -0.000196315, 0.000935144, 0.0300491, -0.00102559, 0.001114, 0.0268798, -0.00201718, 0.000708314, 0.023899, -0.00272074, -0.000637694, 0.0213843, -0.00214188, -0.00276694, 0.0198304, 0.000339371, -0.00438578, 0.0191293, 0.00375157, -0.00414587, 0.0186404, 0.00562341, -0.00327977, 0.0180559, 0.00710657, -0.00221857, 0.0173099, 0.00838224, -0.00095594, 0.0163709, 0.00937578, 0.000535356, 0.0152909, 0.0098747, 0.00218115, 0.0141915, 0.00974463, 0.00383892, 0.0131987, 0.00898143, 0.00534096, 0.0123814, 0.00763832, 0.00653774, 0.011759, 0.00578013, 0.00727387, 0.0112991, 0.0036025, 0.0073633, 0.0108506, 0.00144922, 0.0067154, 0.010183, -0.000341648, 0.00544006, 0.00909705, -0.00153889, 0.00383055, 0.00753644, -0.00201844, 0.00225424, 0.00562438, -0.0017876, 0.00105535, 0.00361137, -0.00099034, 0.000356272, 0.00166838, 0.000156124, -2.25677e-05, 
0.0401516, 0.0010728, 0.000149662, 0.0369004, 0.000402742, 0.000565113, 0.0336441, -0.00025638, 0.000958097, 0.0304065, -0.00108538, 0.00110925, 0.0272334, -0.00205305, 0.000676677, 0.0242507, -0.00271184, -0.000687618, 0.0217463, -0.00208582, -0.00281561, 0.0202154, 0.000418313, -0.00442115, 0.0195441, 0.00383677, -0.0041854, 0.019071, 0.00571833, -0.00333164, 0.0184975, 0.00721412, -0.00228227, 0.0177644, 0.00850574, -0.0010283, 0.016859, 0.00953236, 0.000461383, 0.0158474, 0.0101043, 0.00212676, 0.0148326, 0.0100753, 0.00384238, 0.0139228, 0.00940552, 0.00543857, 0.0131924, 0.00813594, 0.00676474, 0.0126785, 0.00632397, 0.00767847, 0.012379, 0.00413955, 0.00799499, 0.0121759, 0.00188702, 0.00761776, 0.0118541, -0.000155513, 0.00661578, 0.0112053, -0.00180717, 0.00518247, 0.0100832, -0.00292529, 0.0035574, 0.0085014, -0.00317048, 0.00194981, 0.00676062, -0.00241772, 0.000692993, 0.00481556, -0.00141408, 2.77573e-05, 0.00265458, -0.000636128, -0.00016434, 0.000413667, -2.12943e-05, -6.85113e-05, 
0.0405266, 0.0010374, 0.00020974, 0.0372738, 0.000358631, 0.000597664, 0.0340161, -0.000307137, 0.000967058, 0.0307762, -0.00113119, 0.00109458, 0.0275998, -0.00207845, 0.00064148, 0.024615, -0.00270553, -0.000733139, 0.022116, -0.00204981, -0.00285849, 0.0206001, 0.000467438, -0.00445776, 0.0199365, 0.00388741, -0.00422189, 0.0194668, 0.00577149, -0.00337186, 0.0188993, 0.0072731, -0.00232756, 0.0181793, 0.00857717, -0.00107883, 0.0172993, 0.00962823, 0.000408949, 0.0163261, 0.0102404, 0.00208295, 0.0153613, 0.0102676, 0.00382713, 0.0145071, 0.00966175, 0.00547868, 0.0138339, 0.00844739, 0.00688444, 0.0133881, 0.00667337, 0.00790244, 0.013197, 0.00450693, 0.0083837, 0.0131789, 0.00221686, 0.00827116, 0.0131333, 3.31328e-05, 0.00755795, 0.0128432, -0.00184537, 0.00629684, 0.0121427, -0.00322478, 0.00463649, 0.0109702, -0.00392536, 0.00282515, 0.00937938, -0.00390984, 0.00119862, 0.00750033, -0.00330555, 4.22896e-05, 0.0054918, -0.00231509, -0.000502432, 0.00350142, -0.0011122, -0.000482426, 0.00161733, 0.000240474, -0.00011389, 
0.0409083, 0.000997464, 0.000251994, 0.0376528, 0.000317947, 0.000615817, 0.0343929, -0.000348116, 0.000964534, 0.0311506, -0.00116531, 0.00107275, 0.0279718, -0.00209711, 0.000604465, 0.0249864, -0.00270296, -0.00077831, 0.0224911, -0.00202863, -0.00290227, 0.0209804, 0.000495448, -0.00449561, 0.0203169, 0.00391535, -0.00425843, 0.0198452, 0.00579925, -0.00340909, 0.0192797, 0.00730279, -0.00236649, 0.0185698, 0.00861452, -0.00112004, 0.0177087, 0.00968155, 0.000367433, 0.0167584, 0.0103148, 0.00204675, 0.0158171, 0.0103636, 0.00380327, 0.0149908, 0.00978319, 0.00547797, 0.0143582, 0.0086075, 0.00693456, 0.0139728, 0.00688214, 0.00805564, 0.0138629, 0.00474757, 0.00868264, 0.013953, 0.00245662, 0.0087121, 0.0140713, 0.000232521, 0.00814747, 0.014029, -0.00176484, 0.00704653, 0.0136705, -0.00339065, 0.00550431, 0.0128956, -0.00450111, 0.00368416, 0.0116785, -0.00500259, 0.00182842, 0.0100627, -0.0049061, 0.000211964, 0.00817834, -0.00415951, -0.000885217, 0.00642669, -0.00265931, -0.00118528, 0.00473496, -0.00106556, -0.000848642, 0.00257029, -0.000208442, -0.000416115, 0.000271938, 0.000197214, 3.98895e-05, 
0.0413128, 0.000958402, 0.000273385, 0.0380545, 0.00028164, 0.000616818, 0.0347925, -0.000382674, 0.000948537, 0.0315484, -0.00119451, 0.00104108, 0.0283687, -0.00211638, 0.000559172, 0.0253849, -0.00270923, -0.000832776, 0.0228936, -0.00202546, -0.00295837, 0.021382, 0.000499768, -0.00454909, 0.0207133, 0.00391857, -0.00431095, 0.0202429, 0.00580349, -0.0034631, 0.0196792, 0.0073088, -0.00242209, 0.0189697, 0.00862164, -0.00117659, 0.01811, 0.00969008, 0.000310728, 0.0171682, 0.0103306, 0.001992, 0.0162437, 0.0103969, 0.00375686, 0.0154403, 0.00984326, 0.00545161, 0.0148352, 0.00870059, 0.00694569, 0.0144839, 0.00700958, 0.00812861, 0.0144214, 0.0049017, 0.00884592, 0.0145817, 0.00261874, 0.00898674, 0.0148022, 0.000376817, 0.00853449, 0.0149254, -0.00168262, 0.00756142, 0.0148458, -0.0034899, 0.00619117, 0.0144559, -0.00494487, 0.0044948, 0.0136585, -0.00584463, 0.00256317, 0.0124378, -0.00602199, 0.000636655, 0.010876, -0.00543472, -0.000953209, 0.00911946, -0.0042589, -0.00192329, 0.00724993, -0.00286033, -0.00217675, 0.0053024, -0.0015709, -0.00178685, 0.00334065, -0.000550769, -0.000911759, 0.00145876, 0.000303214, 0.000259873, 
0.0417216, 0.000928332, 0.000280676, 0.0384608, 0.000256021, 0.000607804, 0.0351968, -0.00040527, 0.000925581, 0.031951, -0.00121199, 0.00100485, 0.0287711, -0.00212671, 0.000511396, 0.0257895, -0.00271276, -0.000888173, 0.0233014, -0.00202581, -0.00301654, 0.0217903, 0.000499018, -0.0046084, 0.0211173, 0.00391711, -0.00437205, 0.0206431, 0.00580126, -0.00352467, 0.0200765, 0.00730548, -0.00248367, 0.0193652, 0.00861694, -0.00123772, 0.0185055, 0.0096839, 0.000250625, 0.017567, 0.0103245, 0.00193375, 0.0166525, 0.0103976, 0.00370354, 0.0158659, 0.00986115, 0.00541171, 0.0152807, 0.00874197, 0.00693126, 0.0149484, 0.00707199, 0.00814903, 0.0149047, 0.00497753, 0.00890596, 0.0150969, 0.00270144, 0.00910585, 0.0153905, 0.000447808, 0.00876779, 0.0156448, -0.00166846, 0.00795537, 0.0157424, -0.00356921, 0.00671931, 0.0155844, -0.00514954, 0.00509938, 0.015092, -0.00626066, 0.00317597, 0.0142237, -0.00674414, 0.00111556, 0.0129954, -0.00651152, -0.000820742, 0.0114746, -0.00562805, -0.00234244, 0.00973733, -0.00432626, -0.00323827, 0.00785926, -0.00289032, -0.00337409, 0.00614519, -0.00147345, -0.00253184, 0.00465384, -0.000353557, -0.00106037, 0.00248068, 2.76274e-05, -0.000213882, 0.000162722, -2.91209e-05, 0.000144576, 
0.0421543, 0.000910901, 0.000272567, 0.0388913, 0.000243029, 0.000586599, 0.0356256, -0.000415526, 0.000893313, 0.0323789, -0.0012192, 0.000961632, 0.0291998, -0.00213046, 0.000456585, 0.0262227, -0.00271201, -0.000954503, 0.0237425, -0.00202116, -0.00309072, 0.0222355, 0.000504277, -0.00468544, 0.0215591, 0.00392175, -0.00444981, 0.0210793, 0.00580432, -0.00360203, 0.0205058, 0.00730532, -0.00256019, 0.0197881, 0.0086126, -0.00131352, 0.0189259, 0.00967714, 0.000175159, 0.0179906, 0.0103202, 0.00185908, 0.0170814, 0.0103998, 0.00363136, 0.0162991, 0.0098707, 0.00534376, 0.0157175, 0.00876051, 0.00687129, 0.0153917, 0.00710387, 0.00810887, 0.0153613, 0.00502446, 0.00890682, 0.0155784, 0.00275714, 0.00917051, 0.0159166, 0.000498535, 0.00891804, 0.0162445, -0.00164438, 0.00820831, 0.0164554, -0.0036026, 0.00708088, 0.0164557, -0.00527914, 0.00555254, 0.0161788, -0.00653848, 0.003678, 0.0156181, -0.00728559, 0.00158979, 0.0147724, -0.00745086, -0.000547829, 0.0136143, -0.00690124, -0.00248832, 0.0121943, -0.00565177, -0.00388042, 0.010618, -0.00398226, -0.00445972, 0.00897706, -0.00228397, -0.00418066, 0.00723316, -0.000936812, -0.00329323, 0.00532769, -0.000148422, -0.00213908, 0.00332308, 8.18888e-05, -0.000941927, 0.00133205, -2.73344e-05, 0.000265135, 
0.0425875, 0.000906397, 0.000260047, 0.0393228, 0.000242477, 0.000564589, 0.0360559, -0.000413722, 0.000863018, 0.0328083, -0.00121474, 0.00092248, 0.0296299, -0.00212314, 0.000407972, 0.0266568, -0.00270244, -0.00101244, 0.0241842, -0.00201068, -0.00315708, 0.0226832, 0.00051456, -0.00475779, 0.0220035, 0.00393154, -0.0045243, 0.0215197, 0.00581308, -0.0036766, 0.0209424, 0.00731255, -0.00263455, 0.0202213, 0.00861752, -0.00138744, 0.0193559, 0.0096788, 0.000101681, 0.0184184, 0.0103186, 0.00178564, 0.0175086, 0.0103963, 0.00355769, 0.016727, 0.00986817, 0.00527069, 0.0161468, 0.00876231, 0.00680189, 0.0158235, 0.00711357, 0.00805062, 0.0157995, 0.00504444, 0.00887507, 0.0160309, 0.00278451, 0.00918586, 0.0163907, 0.000523497, 0.00899145, 0.0167472, -0.00163271, 0.00833801, 0.0170074, -0.00361922, 0.00727203, 0.0171088, -0.00536526, 0.00582717, 0.0170075, -0.00677198, 0.00404184, 0.0166718, -0.00771823, 0.00198636, 0.0160733, -0.00806616, -0.000211995, 0.0151993, -0.0077031, -0.00233641, 0.0140718, -0.00662422, -0.00409143, 0.0127486, -0.00499726, -0.00519131, 0.0112842, -0.00314887, -0.00549763, 0.00968117, -0.00144662, -0.0050778, 0.00791856, -0.000195173, -0.00412305, 0.006137, 0.000394737, -0.00271496, 0.00455725, 0.000334674, -0.00100209, 0.00243546, 0.000124055, -8.29949e-05, 0.000119559, -8.8071e-06, -2.71185e-06, 
0.043039, 0.000916768, 0.000242765, 0.039773, 0.000255967, 0.000540481, 0.0365052, -0.000398533, 0.000833155, 0.0332572, -0.00119826, 0.000885919, 0.03008, -0.00210549, 0.000361937, 0.0271125, -0.00268176, -0.00107131, 0.0246517, -0.00198456, -0.00322775, 0.0231623, 0.000544472, -0.00483334, 0.0224847, 0.0039618, -0.00459924, 0.021998, 0.00584223, -0.00375065, 0.0214167, 0.00733953, -0.00270778, 0.020691, 0.00864135, -0.00146, 0.019821, 0.0096985, 2.93888e-05, 0.0188788, 0.0103333, 0.00171259, 0.0179647, 0.0104066, 0.00348259, 0.01718, 0.00987721, 0.00519383, 0.0165986, 0.00877493, 0.00672712, 0.0162749, 0.00713357, 0.00798545, 0.0162497, 0.00507136, 0.00882702, 0.0164789, 0.00281428, 0.00915947, 0.0168421, 0.000551306, 0.00899703, 0.0172175, -0.00161643, 0.00839428, 0.0175172, -0.00363117, 0.00739368, 0.0176841, -0.00542964, 0.006021, 0.0176818, -0.00692255, 0.0043041, 0.017484, -0.00799359, 0.00229242, 0.0170637, -0.00850076, 8.37784e-05, 0.0164049, -0.00831294, -0.00213874, 0.0155409, -0.0074189, -0.00413109, 0.01452, -0.00594815, -0.00568099, 0.0133407, -0.00407089, -0.00654125, 0.0120257, -0.00209268, -0.00650627, 0.0105957, -0.000398901, -0.00568731, 0.00904362, 0.000747134, -0.00435234, 0.00731623, 0.00125917, -0.00287346, 0.00538519, 0.00120295, -0.00158543, 0.00334031, 0.000707465, -0.000605376, 0.00128382, -5.31189e-05, 0.000177278, 
