0.0133969, 0, 0, 0.0117223, 0, 0, 0.0100477, 0, 0, 0.00837305, 0, 0, 0.00669844, 0, 0, 0.00502383, 0, 0, 0.00334922, 0, 0, 0.00167461, 0, 0, 
0.0147734, -6.22184e-06, -2.08636e-08, 0.0130988, -1.12009e-05, -2.50087e-08, 0.0114242, -1.13854e-05, -3.04581e-08, 0.00974984, 1.81641e-05, -3.89307e-08, 0.00807598, 6.83098e-05, -5.04609e-08, 0.00640607, -5.69933e-05, 1.29988e-08, 0.00480493, -0.000547584, -1.08089e-07, 0.0031314, -0.000607409, -7.23688e-06, 0.00179348, 0.000516989, -1.04094e-05, 0.000251499, 0.000494385, 9.05577e-05, 
0.0159715, -5.53435e-05, -1.75192e-06, 0.0142968, -5.38827e-05, -2.9209e-06, 0.0126238, 1.90418e-05, -5.53514e-06, 0.0109604, 0.000211955, -6.83141e-06, 0.00928708, 0.000276801, 8.37163e-06, 0.00769333, -0.000236249, 4.10744e-05, 0.00629519, -0.00115735, 8.2367e-06, 0.00465296, -0.00142987, -0.000173861, 0.00322021, -0.000432401, -0.000255056, 0.00201453, 0.000502592, -9.00043e-06, 0.00051737, 0.000471511, 0.000179767, 
0.0168309, -0.000216904, -4.98166e-06, 0.0151644, -5.31849e-05, -1.71667e-05, 0.0135051, 0.000172548, -2.5162e-05, 0.011849, 0.000420519, -1.05021e-05, 0.0101767, 0.000358739, 5.32005e-05, 0.00866791, -0.000362094, 0.000143802, 0.00742126, -0.00147937, 0.000100566, 0.00591612, -0.00210092, -0.000290004, 0.0043638, -0.00143216, -0.000734299, 0.00343669, -0.000205024, -0.000582662, 0.00226191, 0.000617743, -0.000112502, 0.000787621, 0.000429475, 0.00026569, 
0.017401, -0.000352401, -2.31803e-05, 0.0157616, -1.15762e-05, -4.44728e-05, 0.0141217, 0.000327523, -4.82788e-05, 0.0124621, 0.000545244, 3.33718e-06, 0.0108048, 0.000342236, 0.00013218, 0.00935656, -0.000485982, 0.00027659, 0.00817296, -0.0016699, 0.000234608, 0.00681009, -0.00249653, -0.000278791, 0.00531018, -0.00214937, -0.00110589, 0.00437911, -0.000939041, -0.00134381, 0.00364667, 0.000311186, -0.000921246, 0.00243394, 0.000888389, -0.000180883, 0.0010641, 0.000367807, 0.000342189, 
0.0177966, -0.000373596, -6.8561e-05, 0.0161769, 5.15088e-05, -7.81443e-05, 0.0145444, 0.000424481, -5.76017e-05, 0.0128801, 0.000578666, 4.45339e-05, 0.0112465, 0.000262643, 0.000233673, 0.00983427, -0.000620883, 0.000405171, 0.00865065, -0.00180363, 0.000338167, 0.00735659, -0.00269272, -0.000244271, 0.00596991, -0.00256338, -0.00130007, 0.00507977, -0.00146575, -0.0019256, 0.00451612, -7.13962e-05, -0.00179848, 0.00377901, 0.00102588, -0.00102088, 0.00253983, 0.00118939, -9.41737e-05, 0.00134437, 0.000291398, 0.000403, 
0.0181025, -0.000292893, -0.000138818, 0.0164812, 0.000125109, -0.00010901, 0.0148427, 0.000464956, -4.33422e-05, 0.0131771, 0.000544161, 0.000111277, 0.0115648, 0.00015397, 0.000340337, 0.0101647, -0.000749272, 0.000508473, 0.00896134, -0.00190766, 0.000388965, 0.00768906, -0.00278715, -0.000252994, 0.00637616, -0.0027568, -0.00140612, 0.00555283, -0.00178352, -0.00227977, 0.00508505, -0.000360459, -0.00246463, 0.00465806, 0.000987605, -0.00187098, 0.00384584, 0.00173763, -0.000776061, 0.00262273, 0.00141244, 0.000162523, 0.00162445, 0.000207679, 0.000445445, 2.73062e-05, 0.000149689, 0.000456925, 
0.0183536, -0.000153036, -0.000219426, 0.0167195, 0.000202177, -0.000130212, 0.0150712, 0.000471378, -7.57383e-06, 0.0134086, 0.000474091, 0.000192273, 0.0118111, 3.57374e-05, 0.000437789, 0.0104065, -0.000864583, 0.000582096, 0.009177, -0.00198733, 0.000403, 0.0079111, -0.00283138, -0.000296583, 0.00663537, -0.0028254, -0.00149106, 0.00584929, -0.00193965, -0.00248401, 0.00544528, -0.000548769, -0.00290865, 0.00520106, 0.00092419, -0.00255828, 0.00479654, 0.00201762, -0.00152781, 0.00394414, 0.00231693, -0.000236868, 0.00285572, 0.00149489, 0.000580221, 0.00187638, 0.000232127, 0.000554256, 0.00028575, 5.88264e-05, 0.000470042, 
0.0185633, 1.0935e-05, -0.000293011, 0.0169173, 0.000277961, -0.000138842, 0.0152626, 0.000461851, 4.13777e-05, 0.0136062, 0.000391475, 0.00027686, 0.0120187, -8.17671e-05, 0.000522334, 0.0106017, -0.00096748, 0.000631605, 0.00934221, -0.00204573, 0.000396177, 0.00807452, -0.00284403, -0.000352167, 0.00681957, -0.00282831, -0.00156838, 0.00604408, -0.00198376, -0.0026046, 0.00566388, -0.000636787, -0.00316957, 0.00551385, 0.000883477, -0.00303429, 0.00535735, 0.00216409, -0.00216444, 0.00493708, 0.00285637, -0.000812841, 0.00410281, 0.00260841, 0.000517792, 0.00318458, 0.00141993, 0.00106433, 0.00209584, 0.000279904, 0.000777606, 0.000554084, -3.07845e-05, 0.000463561, 
0.0187412, 0.000176803, -0.000348775, 0.0170892, 0.000348433, -0.000134973, 0.0154334, 0.000445292, 9.57907e-05, 0.0137851, 0.000308073, 0.000357578, 0.0122049, -0.000193021, 0.000594458, 0.0107743, -0.00106057, 0.000665483, 0.00948449, -0.00208982, 0.000380197, 0.00820754, -0.00283619, -0.000405082, 0.0069645, -0.00279836, -0.00163298, 0.0061882, -0.00196746, -0.00267958, 0.00580631, -0.000649735, -0.00330876, 0.00569124, 0.000879532, -0.00331938, 0.00566093, 0.00226564, -0.00261306, 0.00551565, 0.00317171, -0.0013322, 0.00506769, 0.00333681, 0.000184423, 0.00430528, 0.0025292, 0.0013337, 0.00345234, 0.001187, 0.00152921, 0.00228324, 0.000205167, 0.00103792, 0.000829263, -0.000113972, 0.000440099, 
0.0188968, 0.000332305, -0.000383318, 0.0172449, 0.000411089, -0.000120383, 0.0155924, 0.00042537, 0.000150734, 0.0139531, 0.000228316, 0.000430579, 0.0123787, -0.000296072, 0.000655404, 0.0109365, -0.00114638, 0.000690328, 0.00961983, -0.00212793, 0.000362753, 0.00832874, -0.00281973, -0.000448918, 0.00709012, -0.00275401, -0.00168011, 0.00630862, -0.00192673, -0.0027257, 0.00591422, -0.000624587, -0.00337913, 0.00580268, 0.000902216, -0.00347102, 0.00582785, 0.00234655, -0.00289278, 0.00583027, 0.00338792, -0.0017103, 0.00566179, 0.00379046, -0.000181371, 0.00520607, 0.00335636, 0.00128772, 0.00452416, 0.00213947, 0.002076, 0.00366005, 0.000796688, 0.00192626, 0.00247018, -2.30636e-05, 0.00122949, 0.00110614, -0.000188253, 0.000401835, 
0.0190387, 0.000471625, -0.000397937, 0.0173913, 0.000464801, -9.75759e-05, 0.0157451, 0.000403461, 0.000203502, 0.0141151, 0.000152954, 0.000494567, 0.0125458, -0.000391645, 0.000706292, 0.0110945, -0.00122723, 0.000709461, 0.00975621, -0.00216635, 0.000347079, 0.00844974, -0.00280537, -0.000483057, 0.00720959, -0.00270762, -0.00171057, 0.00642042, -0.00188015, -0.00275024, 0.00600916, -0.000587211, -0.00341149, 0.00588701, 0.000935889, -0.00354286, 0.0059305, 0.00241043, -0.00304796, 0.00600585, 0.00354274, -0.00195485, 0.00599694, 0.0040933, -0.000463255, 0.00580165, 0.0039154, 0.00111299, 0.00536928, 0.00294221, 0.00231015, 0.00473972, 0.00151029, 0.00266432, 0.00386039, 0.000253915, 0.00219358, 0.00267001, -0.000348903, 0.00130336, 0.00138311, -0.000251181, 0.000351181, 
0.0191739, 0.000592876, -0.000396193, 0.0175336, 0.000509292, -6.92521e-05, 0.0158953, 0.000379961, 0.000252543, 0.0142745, 8.13892e-05, 0.000549357, 0.0127099, -0.000481647, 0.000747837, 0.0112521, -0.00130539, 0.000723663, 0.00989717, -0.00220859, 0.000332855, 0.00857671, -0.0028001, -0.000510247, 0.00733144, -0.00266849, -0.00172939, 0.00653306, -0.00183766, -0.0027593, 0.00610307, -0.000551382, -0.00342163, 0.00596354, 0.000968531, -0.00357132, 0.00600714, 0.00245816, -0.00312387, 0.0061155, 0.00364871, -0.00209745, 0.00619017, 0.00430183, -0.000649726, 0.00615617, 0.00428397, 0.000948047, 0.00595091, 0.00353598, 0.00235005, 0.00555569, 0.00218676, 0.00312177, 0.00496002, 0.000699922, 0.00303357, 0.0040745, -0.000397026, 0.0022684, 0.0028827, -0.000717852, 0.00124421, 0.00165784, -0.000305118, 0.000294834, 5.51384e-05, -0.000346942, 0.000255335, 
0.019308, 0.000696467, -0.000382454, 0.0176763, 0.000544779, -3.81081e-05, 0.0160465, 0.000354768, 0.000296715, 0.0144346, 1.26115e-05, 0.000594932, 0.0128749, -0.000568259, 0.000780186, 0.0114129, -0.0013834, 0.000732102, 0.0100457, -0.00225704, 0.000317301, 0.00871399, -0.00280754, -0.000535754, 0.00746243, -0.00264276, -0.00174437, 0.00665412, -0.00180542, -0.00276119, 0.00620485, -0.000524062, -0.00342026, 0.00604402, 0.000992874, -0.00357852, 0.00607774, 0.00249011, -0.00315633, 0.00619852, 0.0037158, -0.00217359, 0.00631609, 0.00444121, -0.00076362, 0.00637052, 0.00452867, 0.000831292, 0.00631804, 0.00394175, 0.00232125, 0.0061232, 0.00273706, 0.00336189, 0.00576923, 0.00119854, 0.00364643, 0.00521063, -0.000219965, 0.00314772, 0.00433507, -0.00109632, 0.00212905, 0.00319736, -0.0010704, 0.00099906, 0.00192086, -0.000457311, 0.000246312, 0.000320277, -0.000376896, 0.000183002, 
0.0194452, 0.000784081, -0.000361191, 0.0178223, 0.000572116, -6.89238e-06, 0.0162011, 0.000328059, 0.00033472, 0.0145977, -5.3791e-05, 0.00063079, 0.0130433, -0.000652448, 0.000802646, 0.0115792, -0.00146232, 0.000732904, 0.0102037, -0.00231205, 0.000296621, 0.00886384, -0.0028277, -0.000565481, 0.00760661, -0.00263208, -0.00176357, 0.00678841, -0.00178585, -0.00276499, 0.00632002, -0.000507572, -0.00341669, 0.00613554, 0.00100638, -0.00357777, 0.00615269, 0.00250741, -0.00316827, 0.00627383, 0.00375314, -0.00221109, 0.00641317, 0.00452671, -0.000828977, 0.00651485, 0.00468616, 0.000758029, 0.00654973, 0.00420184, 0.00228493, 0.00649268, 0.00312505, 0.00347214, 0.00631992, 0.00163251, 0.00403405, 0.00600678, 7.30717e-05, 0.00382666, 0.00548179, -0.0011731, 0.00296427, 0.00462241, -0.00172834, 0.00172931, 0.00352534, -0.00135157, 0.000621852, 0.00217077, -0.000668651, 0.000101202, 0.000590845, -0.000391723, 0.000109857, 
0.0195871, 0.000858534, -0.000336156, 0.0179729, 0.000593175, 2.21695e-05, 0.0163602, 0.000300958, 0.000365582, 0.0147649, -0.000117051, 0.000656557, 0.0132159, -0.000733389, 0.000814581, 0.0117516, -0.00154088, 0.00072445, 0.010371, -0.00237137, 0.00026784, 0.00902621, -0.00285738, -0.000603794, 0.00776508, -0.00263386, -0.00179288, 0.00693771, -0.00177752, -0.00277805, 0.00645079, -0.000500649, -0.00341882, 0.0062416, 0.00101026, -0.00357819, 0.00623751, 0.00251289, -0.00317423, 0.00635055, 0.00376958, -0.00223049, 0.00649949, 0.00457321, -0.000866649, 0.00662776, 0.00478246, 0.000712628, 0.0067103, 0.00436336, 0.0022569, 0.0067356, 0.00337468, 0.00351945, 0.00668576, 0.0019521, 0.00425908, 0.00653893, 0.000355211, 0.0042952, 0.00626268, -0.00108043, 0.00363571, 0.00575411, -0.0020459, 0.00246048, 0.0049027, -0.00218658, 0.00110871, 0.00379329, -0.00154444, 0.000144766, 0.00239913, -0.000812937, -0.000162046, 0.000863967, -0.00039285, 3.87604e-05, 
0.0197349, 0.000922992, -0.00030997, 0.0181292, 0.000610264, 4.77713e-05, 0.0165243, 0.000275073, 0.000389079, 0.0149367, -0.000175842, 0.000672574, 0.0133933, -0.0008095, 0.000816168, 0.0119303, -0.00161686, 0.000706163, 0.0105472, -0.00243186, 0.000229373, 0.00920069, -0.00289229, -0.000653335, 0.0079384, -0.00264348, -0.00183614, 0.00710338, -0.00177659, -0.00280549, 0.00659882, -0.000499793, -0.00343264, 0.00636452, 0.00100803, -0.00358617, 0.00633601, 0.00251062, -0.00318304, 0.00643443, 0.00377299, -0.00224527, 0.00658418, 0.00459414, -0.000891991, 0.00672803, 0.00483707, 0.000681109, 0.0068382, 0.00446177, 0.00223489, 0.00690959, 0.00352852, 0.00353723, 0.00693607, 0.00216499, 0.00438186, 0.00689954, 0.000575783, 0.00459629, 0.00677899, -0.000952431, 0.00412478, 0.00652828, -0.00214272, 0.00307965, 0.00601144, -0.00271298, 0.00167265, 0.00515502, -0.00243217, 0.000345985, 0.00401328, -0.00160048, -0.000414042, 0.00261074, -0.000824952, -0.000484312, 0.00113789, -0.000381773, -2.79888e-05, 
0.0198895, 0.000980484, -0.000284198, 0.0182915, 0.000625674, 6.94686e-05, 0.0166941, 0.00025209, 0.000405707, 0.0151136, -0.000228724, 0.000679875, 0.0135758, -0.00087905, 0.000808436, 0.0121153, -0.00168786, 0.000678583, 0.0107321, -0.00249022, 0.000181073, 0.00938688, -0.00292801, -0.000714997, 0.00812696, -0.00265567, -0.00189515, 0.00728689, -0.00177791, -0.00285026, 0.00676614, -0.000500189, -0.00346208, 0.00650662, 0.00100447, -0.00360588, 0.00645132, 0.00250546, -0.00319962, 0.00652993, 0.00377015, -0.0022631, 0.00667311, 0.00460055, -0.00091477, 0.00682475, 0.00486487, 0.000654145, 0.00695277, 0.00452012, 0.00221362, 0.0070508, 0.00362206, 0.00353878, 0.00712133, 0.0022988, 0.00444283, 0.00715531, 0.000730109, 0.00477592, 0.00713362, -0.000841622, 0.00445736, 0.00703588, -0.00215658, 0.00354451, 0.00678744, -0.0029897, 0.00219687, 0.00624436, -0.00309027, 0.000691116, 0.00537328, -0.00244067, -0.000488785, 0.00420588, -0.00146564, -0.000998698, 0.00280914, -0.000701584, -0.000800643, 0.00141248, -0.000360488, -8.86328e-05, 
0.0200511, 0.00103368, -0.000259505, 0.0184605, 0.00064144, 8.75422e-05, 0.01687, 0.000233521, 0.000416547, 0.0152962, -0.000274402, 0.000680046, 0.0137639, -0.000940466, 0.000793096, 0.0123066, -0.00175162, 0.000643239, 0.0109252, -0.00254329, 0.000124121, 0.00958415, -0.00296036, -0.000787973, 0.0083308, -0.00266522, -0.00196963, 0.00748959, -0.00177599, -0.00291305, 0.0069551, -0.000496416, -0.00350897, 0.00667068, 0.00100493, -0.00363965, 0.00658652, 0.00250266, -0.00322636, 0.00664091, 0.00376698, -0.00228762, 0.00677106, 0.00460129, -0.000940384, 0.00692347, 0.00487773, 0.000626366, 0.00706318, 0.00455388, 0.00218932, 0.00717866, 0.00367963, 0.00352892, 0.00727438, 0.00238168, 0.00446671, 0.00735072, 0.000831774, 0.00487273, 0.00739324, -0.000758287, 0.00466732, 0.00738546, -0.0021491, 0.00386887, 0.00729802, -0.00313409, 0.00260629, 0.00702557, -0.00351498, 0.00107233, 0.00645163, -0.00314179, -0.000378265, 0.00556439, -0.00218837, -0.00131491, 0.00438307, -0.00112459, -0.0015312, 0.00300388, -0.000456585, -0.00105628, 0.001685, -0.000327395, -0.00015212, 8.22938e-05, -0.000299993, -0.000212483, 
0.0202207, 0.00108492, -0.00023579, 0.0186369, 0.000659298, 0.0001029, 0.0170528, 0.000220612, 0.000423201, 0.0154852, -0.000311873, 0.000675137, 0.0139583, -0.000992583, 0.000772372, 0.0125047, -0.00180643, 0.000602311, 0.0111266, -0.00258856, 6.05773e-05, 0.00979245, -0.00298577, -0.000870319, 0.00855054, -0.00266728, -0.00205798, 0.00771368, -0.00176508, -0.00299293, 0.00716988, -0.000482395, -0.00357352, 0.00686196, 0.00101559, -0.00368854, 0.00674706, 0.0025082, -0.00326426, 0.00677287, 0.00376935, -0.00232005, 0.00688392, 0.00460379, -0.000971186, 0.00703023, 0.00488579, 0.000595155, 0.0071758, 0.00457512, 0.00216025, 0.00730382, 0.00371781, 0.00350962, 0.00741541, 0.0024363, 0.00446803, 0.00751607, 0.000899668, 0.00491697, 0.00759915, -0.000696856, 0.0047885, 0.00764839, -0.00213594, 0.00408241, 0.00764965, -0.00321724, 0.00289804, 0.00755243, -0.00377887, 0.00139888, 0.00724381, -0.00366436, -0.000171008, 0.00664772, -0.00286973, -0.00143067, 0.00576262, -0.00168751, -0.00205747, 0.00459289, -0.000594417, -0.00195337, 0.00328678, -9.85624e-05, -0.00116481, 0.00195009, -0.000204167, -0.00028437, 0.000347176, -0.000251505, -0.000253264, 
0.0203985, 0.00113593, -0.000212206, 0.018821, 0.000680472, 0.000117064, 0.0172429, 0.000214171, 0.000427762, 0.0156811, -0.000340504, 0.000667628, 0.0141593, -0.00103456, 0.000748974, 0.0127095, -0.00185079, 0.00055874, 0.0113355, -0.00262363, -6.23989e-06, 0.0100104, -0.00300092, -0.000958052, 0.00878468, -0.00265775, -0.00215564, 0.00795933, -0.00174032, -0.00308598, 0.00741242, -0.000452818, -0.00365282, 0.00708392, 0.00104202, -0.00375062, 0.00693753, 0.00252769, -0.00331193, 0.00693083, 0.00378253, -0.00235903, 0.00701683, 0.00461367, -0.0010063, 0.00715024, 0.00489648, 0.000561043, 0.00729546, 0.00459264, 0.00212751, 0.00743176, 0.00374682, 0.0034833, 0.00755476, 0.00247656, 0.0044552, 0.00766984, 0.00094844, 0.00492902, 0.00777699, -0.000649761, 0.00484801, 0.00786341, -0.0021184, 0.00420959, 0.00791571, -0.00326459, 0.0030891, 0.00791347, -0.0039383, 0.00163362, 0.00778642, -0.0040123, 3.63372e-05, 0.00743911, -0.00341363, -0.0014109, 0.00683099, -0.00227515, -0.00236376, 0.00596237, -0.000951598, -0.00262389, 0.00482021, 6.48508e-05, -0.00213815, 0.00359166, 0.000303703, -0.00113482, 0.00220201, 3.09957e-05, -0.000381784, 0.000617799, -0.000199573, -0.000284271, 
0.0205832, 0.00118734, -0.000187207, 0.0190117, 0.000705073, 0.00013209, 0.0174392, 0.00021387, 0.000432704, 0.0158828, -0.000360827, 0.000660199, 0.0143657, -0.00106669, 0.00072558, 0.0129194, -0.0018842, 0.000515331, 0.0115493, -0.00264684, -7.26088e-05, 0.0102337, -0.00300347, -0.00104542, 0.00902669, -0.0026346, -0.00225427, 0.00821842, -0.00170021, -0.00318273, 0.00767737, -0.000405648, -0.00373902, 0.00733577, 0.00108721, -0.00382092, 0.0071595, 0.00256465, -0.00336576, 0.00711742, 0.00380989, -0.00240124, 0.007173, 0.0046341, -0.00104269, 0.00728706, 0.00491406, 0.000526693, 0.00742558, 0.00461232, 0.00209417, 0.00756539, 0.00377331, 0.00345383, 0.00769682, 0.00251089, 0.00443481, 0.00782159, 0.000988292, 0.00492371, 0.00794264, -0.000610068, 0.00487001, 0.00805255, -0.00209577, 0.00427627, 0.00813731, -0.00328594, 0.00320468, 0.00818529, -0.00403232, 0.0017859, 0.0081621, -0.00422803, 0.000194018, 0.00799189, -0.00379575, -0.00134145, 0.00760828, -0.00277203, -0.00251566, 0.0070009, -0.0013944, -0.00306989, 0.00614665, -4.7364e-05, -0.00289852, 0.00504642, 0.000742428, -0.00203899, 0.00384813, 0.000717383, -0.000973147, 0.0024327, 0.000297983, -0.000346181, 0.000891692, -0.00014541, -0.00030627, 
0.020774, 0.00123888, -0.000159149, 0.0192081, 0.000732307, 0.000149926, 0.0176409, 0.000218541, 0.000440234, 0.0160895, -0.000374089, 0.000655255, 0.0145764, -0.00109, 0.00070487, 0.013133, -0.00190739, 0.000475417, 0.0117661, -0.00265894, -0.000133907, 0.0104595, -0.00299442, -0.00112616, 0.00927228, -0.00259889, -0.00234612, 0.00848591, -0.00164575, -0.00327432, 0.00795728, -0.00034294, -0.00382326, 0.00760861, 0.00114901, -0.00389057, 0.00740902, 0.00261851, -0.00341958, 0.00733348, 0.00385229, -0.00244246, 0.00735548, 0.00466631, -0.00107683, 0.00744415, 0.00494014, 0.000495274, 0.00756933, 0.00463694, 0.00206359, 0.00770725, 0.00380111, 0.0034254, 0.00784393, 0.002544, 0.00441246, 0.00797595, 0.00102527, 0.00491138, 0.00810551, -0.000572878, 0.00487345, 0.00822963, -0.00206802, 0.00430682, 0.00833608, -0.00328697, 0.00327008, 0.00841307, -0.00408314, 0.00187993, 0.00844448, -0.00435625, 0.000299635, 0.00838383, -0.00404231, -0.00127239, 0.00816529, -0.00313989, -0.00258075, 0.00775716, -0.00179604, -0.00335629, 0.00715649, -0.000311051, -0.00344366, 0.00631049, 0.000894664, -0.00280837, 0.00525979, 0.00135638, -0.00168793, 0.00406506, 0.00108713, -0.000652291, 0.00264939, 0.000505153, -0.000172617, 0.0011668, -9.01368e-05, -0.000319702, 
0.020971, 0.00128977, -0.000126848, 0.0194103, 0.000761075, 0.000171878, 0.0178481, 0.000226785, 0.000451802, 0.0163013, -0.000382006, 0.000654507, 0.014792, -0.00110656, 0.000689059, 0.0133507, -0.00192255, 0.000441818, 0.0119859, -0.00266135, -0.000187352, 0.0106877, -0.00297345, -0.00119811, 0.00952172, -0.00254936, -0.00242894, 0.00876131, -0.00157592, -0.00335771, 0.00825685, -0.000261578, -0.00390187, 0.00790865, 0.0012309, -0.00395923, 0.00768526, 0.0026912, -0.00347066, 0.00757585, 0.00391021, -0.00247832, 0.00756387, 0.00471033, -0.00110438, 0.00762466, 0.00497497, 0.000470621, 0.00773157, 0.00466761, 0.00203948, 0.0078618, 0.00383189, 0.00340212, 0.00799936, 0.00257767, 0.00439272, 0.00813642, 0.00106163, 0.00489844, 0.00827187, -0.000536223, 0.00487015, 0.00840435, -0.00203643, 0.00431898, 0.00852476, -0.00327294, 0.00330483, 0.00862054, -0.00410293, 0.00193579, 0.00868163, -0.004426, 0.000365817, 0.00868427, -0.00418783, -0.00122062, 0.00857861, -0.00338197, -0.00260385, 0.00831931, -0.00210152, -0.00353507, 0.0079009, -0.000580224, -0.00382528, 0.0072962, 0.000844901, -0.00340525, 0.00646244, 0.00173892, -0.00236693, 0.00545723, 0.00183483, -0.00112083, 0.00426503, 0.00132277, -0.000177774, 0.00285514, 0.000605185, 8.94019e-05, 0.00144263, -3.44867e-05, -0.000325004, 
0.0211711, 0.00133847, -8.95312e-05, 0.0196156, 0.000789221, 0.000198747, 0.0180582, 0.000235822, 0.000468316, 0.0165157, -0.000387763, 0.000658834, 0.0150095, -0.00111926, 0.000678193, 0.0135692, -0.00193137, 0.000412635, 0.012205, -0.00265399, -0.000236297, 0.0109132, -0.00293984, -0.00126284, 0.00976282, -0.00248806, -0.00249848, 0.0090176, -0.00149821, -0.0034222, 0.00852794, -0.000174702, -0.0039576, 0.00819975, 0.00132254, -0.00400824, 0.00797735, 0.00278006, -0.00351097, 0.00784462, 0.00398611, -0.00250573, 0.007798, 0.00476805, -0.00112209, 0.00782707, 0.00501784, 0.000456237, 0.00791212, 0.00470266, 0.00202488, 0.00803106, 0.00386485, 0.00338727, 0.00816585, 0.00261177, 0.00437969, 0.00830509, 0.00109742, 0.00488986, 0.00844407, -0.000500228, 0.0048678, 0.00858101, -0.00200318, 0.00432528, 0.00870984, -0.00324951, 0.00332427, 0.00881894, -0.00410091, 0.00196944, 0.00889861, -0.00445653, 0.000407357, 0.0089364, -0.00426573, -0.00118502, 0.00889918, -0.00352731, -0.00260884, 0.00874027, -0.0023102, -0.00364197, 0.00844329, -0.000797107, -0.00408467, 0.00801444, 0.00072938, -0.0038418, 0.0074079, 0.00190925, -0.00294037, 0.00660642, 0.00238375, -0.00163466, 0.0056438, 0.00210236, -0.000382831, 0.00445679, 0.00135594, 0.000396879, 0.00305939, 0.000566472, 0.000385421, 0.00171496, 2.32021e-05, -0.000304567, 0.000109805, 8.98001e-05, -0.000292763, 
0.0213721, 0.0013826, -4.69511e-05, 0.0198217, 0.000813869, 0.00023098, 0.0182691, 0.000242516, 0.000490219, 0.0167306, -0.000394283, 0.000668177, 0.0152265, -0.00113057, 0.000671252, 0.0137865, -0.00193662, 0.000386641, 0.0124218, -0.00264283, -0.000279136, 0.0111318, -0.00290602, -0.00131398, 0.00998728, -0.00243197, -0.00254673, 0.00924927, -0.00142845, -0.00346144, 0.00876872, -9.7243e-05, -0.00398588, 0.00845291, 0.00140296, -0.00402682, 0.00824376, 0.00286077, -0.00352469, 0.00811176, 0.0040624, -0.00251407, 0.00804957, 0.00483276, -0.00112455, 0.00805333, 0.00506764, 0.000456322, 0.00811369, 0.00474065, 0.00202369, 0.00821594, 0.00389723, 0.00338397, 0.0083436, 0.00264344, 0.00437645, 0.00848242, 0.00113013, 0.00488978, 0.00862337, -0.000467411, 0.0048726, 0.00876265, -0.00197209, 0.0043355, 0.00889641, -0.00322384, 0.00334192, 0.00901517, -0.00408862, 0.00199642, 0.009107, -0.0044672, 0.000440407, 0.00916121, -0.00430897, -0.00115507, 0.00915781, -0.00361631, -0.00260218, 0.00906055, -0.0024502, -0.00369975, 0.0088448, -0.000960064, -0.00425345, 0.00852437, 0.000608105, -0.00414743, 0.00809345, 0.00195139, -0.00338424, 0.00750341, 0.0027328, -0.00211395, 0.00675467, 0.00274836, -0.000695483, 0.00584331, 0.00210812, 0.000459329, 0.00467387, 0.00115464, 0.00100652, 0.00333836, 0.000343572, 0.00063596, 0.0019758, 3.1381e-05, -0.000155902, 0.000375797, 0.000136617, -0.000267617, 
0.0215765, 0.0014204, 9.24744e-07, 0.020031, 0.000833554, 0.00026795, 0.0184827, 0.000245717, 0.000515996, 0.0169476, -0.000402829, 0.000680571, 0.0154455, -0.00114315, 0.000667882, 0.0140059, -0.00194396, 0.000367093, 0.0126401, -0.00263616, -0.000311024, 0.0113493, -0.00287939, -0.00134968, 0.0102065, -0.00238473, -0.00257593, 0.00947257, -0.00136852, -0.00347986, 0.00899829, -3.06722e-05, -0.00399301, 0.00869126, 0.00147158, -0.00402416, 0.00849081, 0.00292825, -0.00351521, 0.00836419, 0.00412716, -0.00250067, 0.00829905, 0.00489106, -0.00110773, 0.00829107, 0.0051154, 0.000474656, 0.00833492, 0.00477743, 0.00204025, 0.00842124, 0.00392618, 0.00339675, 0.00853792, 0.00266907, 0.00438636, 0.00867214, 0.00115538, 0.00489983, 0.00881314, -0.000442178, 0.00488547, 0.00895415, -0.001948, 0.00435204, 0.00909062, -0.0032029, 0.00336281, 0.00921454, -0.00407578, 0.00202301, 0.00931325, -0.00446998, 0.000471306, 0.00937487, -0.00433404, -0.00112595, 0.00938676, -0.00367072, -0.0025867, 0.0093255, -0.00253973, -0.00372294, 0.0091656, -0.00107268, -0.0043521, 0.00891199, 0.000511212, -0.00434744, 0.00858502, 0.00193946, -0.00369494, 0.00815891, 0.00292034, -0.00249965, 0.00759908, 0.00320645, -0.00102398, 0.00690772, 0.00276105, 0.000353607, 0.00604344, 0.00180125, 0.00130645, 0.00488901, 0.000700995, 0.00149474, 0.00361714, 2.88367e-06, 0.000804758, 0.00221132, -8.46759e-05, 3.04527e-05, 0.00064736, 0.000178729, -0.000235805, 
0.0217859, 0.00145138, 5.24823e-05, 0.0202447, 0.000847941, 0.000307391, 0.0187004, 0.000244847, 0.000543356, 0.0171686, -0.000414847, 0.000694559, 0.0156689, -0.0011595, 0.000667529, 0.01423, -0.00195635, 0.000353334, 0.0128628, -0.00263666, -0.000333929, 0.0115698, -0.00286225, -0.00137387, 0.0104268, -0.00234863, -0.00259211, 0.00969528, -0.00132047, -0.00348442, 0.0092252, 2.34275e-05, -0.00398548, 0.00892431, 0.00152711, -0.00400605, 0.00872882, 0.00298193, -0.00348995, 0.00860559, 0.00417706, -0.00247055, 0.0085409, 0.00493568, -0.00107471, 0.00852894, 0.00515227, 0.000508734, 0.00856485, 0.00480515, 0.00207252, 0.00864156, 0.00394623, 0.00342476, 0.00874958, 0.00268457, 0.00440955, 0.00887827, 0.00116936, 0.00491993, 0.00901725, -0.000428376, 0.00490527, 0.00915816, -0.00193477, 0.00437341, 0.00929499, -0.00319142, 0.00338647, 0.00942046, -0.0040688, 0.00204976, 0.00952244, -0.00447258, 0.000500729, 0.00958756, -0.00435115, -0.00109756, 0.00960548, -0.0037061, -0.0025664, 0.00956313, -0.0025971, -0.00372498, 0.0094411, -0.00114779, -0.0044019, 0.00923418, 0.000441492, -0.00446854, 0.00896535, 0.00191579, -0.00389694, 0.00863874, 0.0030136, -0.0027742, 0.00822356, 0.00349942, -0.00130298, 0.00769943, 0.00325797, 0.000194045, 0.00706294, 0.00239521, 0.00138846, 0.00621748, 0.00117954, 0.0020098, 0.00508197, 7.22894e-05, 0.00175346, 0.00383259, -0.000422479, 0.000871519, 0.00241243, -0.000297056, 0.000127436, 0.00092216, 0.000215004, -0.00019734, 
0.0220007, 0.00147613, 0.000105091, 0.0204636, 0.000857114, 0.000347036, 0.0189232, 0.000239557, 0.000570394, 0.0173949, -0.000431029, 0.000708509, 0.015898, -0.00118063, 0.000668429, 0.0144602, -0.00197511, 0.000342776, 0.013092, -0.00264586, -0.000351703, 0.0117963, -0.00285625, -0.00139158, 0.0106521, -0.00232522, -0.00260112, 0.00992254, -0.00128545, -0.00348149, 0.00945622, 6.42461e-05, -0.00397033, 0.00915938, 0.00156884, -0.00397985, 0.00896557, 0.00302067, -0.00345477, 0.00884166, 0.00421111, -0.00242998, 0.00877579, 0.00496402, -0.0010311, 0.00876229, 0.00517363, 0.00055327, 0.00879578, 0.0048186, 0.00211534, 0.00886919, 0.00395253, 0.00346319, 0.0089737, 0.00268611, 0.00444224, 0.00909954, 0.00116892, 0.00494741, 0.00923687, -0.00042893, 0.00492959, 0.00937678, -0.00193508, 0.0043968, 0.00951215, -0.00319216, 0.00341019, 0.00963609, -0.00407143, 0.00207457, 0.00973807, -0.00448021, 0.000526861, 0.0098045, -0.00436738, -0.001072, 0.00982468, -0.00373315, -0.00254552, 0.00979139, -0.00263682, -0.00371638, 0.00969401, -0.00119918, -0.0044216, 0.00952329, 0.000391665, -0.00453617, 0.00929154, 0.00189302, -0.00402159, 0.00901679, 0.00305774, -0.00295372, 0.00869318, 0.00367463, -0.00150886, 0.00829258, 0.00360462, 4.31333e-05, 0.00780682, 0.00287113, 0.00138557, 0.00720725, 0.00166998, 0.00226675, 0.00634959, 0.000320646, 0.00242424, 0.00524315, -0.000639731, 0.00176316, 0.00399443, -0.000891847, 0.000781646, 0.0025926, -0.000524369, 8.27631e-05, 0.00119834, 0.000244302, -0.000153013, 
0.0222216, 0.00149557, 0.000156221, 0.0206885, 0.000861688, 0.000384736, 0.0191519, 0.000230144, 0.000595204, 0.0176274, -0.000451404, 0.000720482, 0.0161337, -0.00120683, 0.000668298, 0.014698, -0.00200062, 0.000332471, 0.0133294, -0.00266404, -0.000368391, 0.0120318, -0.00286174, -0.00140833, 0.0108864, -0.0023156, -0.00261004, 0.0101585, -0.0012654, -0.00347932, 0.00969519, 8.96369e-05, -0.00395609, 0.00940047, 0.00159468, -0.00395301, 0.00920698, 0.00304235, -0.00341646, 0.00907861, 0.00422715, -0.00238569, 0.00900794, 0.0049741, -0.000983866, 0.00899163, 0.00517731, 0.000601314, 0.00902442, 0.00481533, 0.0021618, 0.00909853, 0.00394273, 0.00350539, 0.00920444, 0.00267172, 0.00447832, 0.00933176, 0.00115253, 0.00497708, 0.00947015, -0.000445165, 0.00495413, 0.00961012, -0.00195021, 0.00441824, 0.00974382, -0.00320632, 0.00343016, 0.00986451, -0.00408532, 0.00209407, 0.00996369, -0.00449555, 0.00054656, 0.0100295, -0.0043869, -0.00105262, 0.0100508, -0.00375888, -0.00252878, 0.0100223, -0.00266981, -0.00370652, 0.00994007, -0.0012392, -0.00442779, 0.00979669, 0.000351906, -0.00457232, 0.00959332, 0.0018698, -0.00409567, 0.00934663, 0.00307366, -0.003065, 0.00907033, 0.00377088, -0.0016471, 0.00875084, 0.00382721, -7.58511e-05, 0.00836753, 0.00321889, 0.00135912, 0.00791675, 0.0020815, 0.00239924, 0.00731746, 0.000656984, 0.00283822, 0.00644716, -0.000646282, 0.00248097, 0.00537163, -0.00135097, 0.0015151, 0.00413067, -0.00132348, 0.000491455, 0.00276339, -0.000700571, -8.55568e-05, 0.00147556, 0.000265397, -0.00010376, 
0.022449, 0.00151099, 0.000203901, 0.02092, 0.00086265, 0.000418793, 0.0193874, 0.000217361, 0.000616311, 0.017867, -0.000475317, 0.000729025, 0.0163772, -0.00123741, 0.00066534, 0.0149443, -0.00203223, 0.000319859, 0.0135769, -0.00269093, -0.000387704, 0.0122791, -0.00287925, -0.00142912, 0.0111331, -0.00232133, -0.00262487, 0.0104057, -0.00126214, -0.00348357, 0.0099443, 9.81124e-05, -0.0039472, 0.00965163, 0.00160345, -0.00392965, 0.00945813, 0.00304634, -0.00338037, 0.00932253, 0.00422479, -0.00234327, 0.00924296, 0.00496615, -0.000938949, 0.00922046, 0.00516389, 0.000646847, 0.00925133, 0.00479571, 0.00220592, 0.00932734, 0.00391697, 0.0035454, 0.00943766, 0.00264148, 0.00451196, 0.00957035, 0.00112043, 0.0050036, 0.00971342, -0.000476739, 0.00497417, 0.0098562, -0.00197981, 0.00443348, 0.00998987, -0.00323353, 0.00344237, 0.0101076, -0.00411041, 0.00210464, 0.0102028, -0.00451967, 0.000556618, 0.0102664, -0.00441247, -0.00104275, 0.0102882, -0.0037882, -0.00252049, 0.0102627, -0.00270348, -0.0037023, 0.0101896, -0.00127656, -0.00443181, 0.0100659, 0.000314661, -0.00459241, 0.00988715, 0.00184267, -0.00413876, 0.00966001, 0.00307052, -0.00313219, 0.00940297, 0.00381536, -0.00173503, 0.00912662, 0.00395616, -0.000160902, 0.00881127, 0.00345165, 0.00132978, 0.00844788, 0.00238891, 0.0024775, 0.00801186, 0.000969566, 0.00309104, 0.00738773, -0.000508582, 0.00299562, 0.00652608, -0.00159325, 0.00217874, 0.00548578, -0.00196498, 0.00100905, 0.00426737, -0.00163147, 1.17242e-05, 0.00295498, -0.000771142, -0.00034798, 0.00174631, 0.000256231, -7.03464e-05, 0.000136698, 0.000252381, -3.70879e-06, 
0.0226845, 0.001524, 0.000246605, 0.0211598, 0.000861542, 0.000447953, 0.0196313, 0.000202717, 0.000632647, 0.0181152, -0.000501288, 0.00073291, 0.0166299, -0.00127104, 0.000657626, 0.0152011, -0.00206882, 0.000302025, 0.0138368, -0.00272544, -0.000413371, 0.0125409, -0.00290699, -0.00145836, 0.011396, -0.00233898, -0.0026504, 0.0106697, -0.00127105, -0.0034992, 0.0102108, 9.46234e-05, -0.0039491, 0.00992068, 0.0016002, -0.00391656, 0.00972586, 0.0030379, -0.00335429, 0.0095806, 0.00420849, -0.00230963, 0.00948798, 0.00494326, -0.000902645, 0.00945475, 0.00513569, 0.000683614, 0.00948056, 0.00476221, 0.00224152, 0.0095574, 0.00387798, 0.00357733, 0.00967293, 0.00259822, 0.00453762, 0.0098132, 0.0010754, 0.0050216, 0.00996413, -0.000520896, 0.00498467, 0.010113, -0.00202114, 0.00443781, 0.0102498, -0.00327119, 0.0034425, 0.010367, -0.00414456, 0.00210242, 0.0104592, -0.00455127, 0.000553546, 0.0105199, -0.00444356, -0.0010459, 0.0105416, -0.00382099, -0.00252436, 0.010519, -0.00273855, -0.00370832, 0.010453, -0.00131309, -0.00444136, 0.0103441, 0.000278476, -0.00460902, 0.0101861, 0.00181249, -0.00416809, 0.00997473, 0.00305541, -0.0031767, 0.00972332, 0.00382793, -0.00179362, 0.0094623, 0.00402082, -0.0002224, 0.00918558, 0.00359311, 0.00129964, 0.00887589, 0.00260054, 0.00252342, 0.0085271, 0.00121197, 0.00325232, 0.00807944, -0.000329044, 0.00334418, 0.00743864, -0.00166387, 0.00271659, 0.00661007, -0.00240419, 0.00155298, 0.00562544, -0.00240345, 0.000279829, 0.00445639, -0.00175095, -0.000614312, 0.00326644, -0.000667312, -0.000670775, 0.00200075, 0.000193162, -0.000167867, 0.00040373, 0.000244781, 4.31568e-05, 
0.0229288, 0.00153702, 0.000283513, 0.0214084, 0.000860861, 0.000471384, 0.0198842, 0.000188757, 0.00064331, 0.0183727, -0.000526787, 0.000731058, 0.0168925, -0.00130513, 0.000643751, 0.0154691, -0.00210742, 0.000277064, 0.0141096, -0.00276352, -0.000447932, 0.0128179, -0.00293894, -0.00149919, 0.0116774, -0.00236044, -0.00269037, 0.0109549, -0.00128353, -0.00353093, 0.0104992, 8.73988e-05, -0.00396797, 0.0102105, 0.00159288, -0.00392087, 0.0100119, 0.00302483, -0.0033454, 0.00985506, 0.00418601, -0.00229195, 0.00974681, 0.00491213, -0.0008816, 0.00969927, 0.00509818, 0.000705058, 0.00971623, 0.00471979, 0.0022619, 0.00979106, 0.00383107, 0.00359484, 0.00991051, 0.00254759, 0.00454967, 0.0100586, 0.00102311, 0.00502605, 0.0102191, -0.000572039, 0.00498106, 0.0103769, -0.00206878, 0.00442715, 0.0105201, -0.00331412, 0.00342685, 0.0106403, -0.00418277, 0.00208396, 0.0107322, -0.00458556, 0.00053405, 0.0107916, -0.0044754, -0.00106528, 0.0108139, -0.00385233, -0.00254352, 0.0107954, -0.00277046, -0.00372808, 0.0107367, -0.0013453, -0.0044623, 0.0106393, 0.000246761, -0.00463236, 0.0104967, 0.00178394, -0.00419727, 0.010297, 0.00303551, -0.00321436, 0.0100461, 0.00382353, -0.00183997, 0.00978455, 0.00404582, -0.000272716, 0.00952314, 0.00366818, 0.00126519, 0.00924505, 0.0027322, 0.00254008, 0.00894077, 0.0013783, 0.00334968, 0.00858936, -0.000175682, 0.00356232, 0.00811701, -0.00164055, 0.00309619, 0.00747836, -0.0026518, 0.00202004, 0.00669991, -0.00295671, 0.000644735, 0.00577751, -0.00255576, -0.000612379, 0.00467825, -0.00156887, -0.00125357, 0.00357206, -0.000430044, -0.000980195, 0.0022269, 0.000205157, -0.000359924, 0.000677783, 0.000227789, 8.74408e-05, 
0.0231816, 0.00155269, 0.000314971, 0.0216655, 0.000863259, 0.000489433, 0.0201458, 0.000178129, 0.000648648, 0.0186392, -0.000549032, 0.000723855, 0.0171646, -0.00133639, 0.000624105, 0.0157472, -0.00214371, 0.000245111, 0.0143939, -0.00279936, -0.000491723, 0.0131088, -0.00296788, -0.0015522, 0.0119766, -0.00237768, -0.00274549, 0.0112607, -0.0012915, -0.00357987, 0.0108091, 8.43905e-05, -0.0040054, 0.0105206, 0.00158939, -0.0039442, 0.0103159, 0.00301501, -0.00335531, 0.0101457, 0.00416567, -0.00229243, 0.0100202, 0.00488142, -0.000878212, 0.00995616, 0.00505965, 0.000708762, 0.0099611, 0.00467597, 0.00226439, 0.0100306, 0.00378328, 0.00359497, 0.0101515, 0.0024966, 0.00454531, 0.0103061, 0.00097064, 0.00501483, 0.0104759, -0.000623292, 0.00496181, 0.0106438, -0.00211615, 0.00440045, 0.0107958, -0.00335593, 0.00339455, 0.0109224, -0.00421865, 0.00204843, 0.0110179, -0.00461608, 0.000497357, 0.0110795, -0.00450174, -0.0011016, 0.0111049, -0.00387624, -0.00257876, 0.0110924, -0.00279359, -0.00376268, 0.011042, -0.00136812, -0.00449692, 0.0109539, 0.000224462, -0.00466721, 0.0108214, 0.00176292, -0.00423344, 0.010629, 0.00301833, -0.00325399, 0.0103765, 0.00381436, -0.00188451, 0.0101073, 0.00405241, -0.000320882, 0.00984558, 0.00370435, 0.00122394, 0.0095826, 0.0028089, 0.00253074, 0.00930209, 0.00148612, 0.00339831, 0.00899594, -6.44916e-05, 0.00369058, 0.0086257, -0.00158942, 0.00333879, 0.00813475, -0.00277305, 0.00236586, 0.00751837, -0.00332398, 0.00098493, 0.00680214, -0.00315206, -0.000446631, 0.00593181, -0.00233428, -0.00152701, 0.00491066, -0.00111401, -0.001779, 0.0038008, -7.53746e-05, -0.00124317, 0.00242757, 0.000352883, -0.000514296, 0.00095464, 0.00020212, 0.000126837, 
0.0234427, 0.00157301, 0.000342336, 0.0219311, 0.00087065, 0.000503713, 0.020416, 0.000172759, 0.000650477, 0.0189143, -0.000565842, 0.000713233, 0.0174454, -0.00136201, 0.000600634, 0.0160344, -0.00217394, 0.000208022, 0.0146882, -0.00282822, -0.000542901, 0.013412, -0.00298843, -0.00161525, 0.0122914, -0.00238508, -0.00281303, 0.0115855, -0.001289, -0.00364288, 0.0111398, 9.199e-05, -0.00405798, 0.0108512, 0.00159635, -0.00398301, 0.0106388, 0.00301518, -0.00338059, 0.010454, 0.00415458, -0.00230807, 0.0103097, 0.00485877, -0.000889848, 0.0102271, 0.00502794, 0.000697262, 0.0102175, 0.00463814, 0.00225135, 0.0102787, 0.00374135, 0.00357957, 0.0103981, 0.00245172, 0.00452608, 0.0105569, 0.000924338, 0.00498955, 0.0107346, -0.000668467, 0.00492888, 0.0109121, -0.00215733, 0.00435994, 0.0110739, -0.00339094, 0.00334801, 0.0112093, -0.00424659, 0.00199824, 0.0113123, -0.00463727, 0.000445927, 0.0113803, -0.00451731, -0.00115235, 0.0114126, -0.00388794, -0.00262774, 0.0114086, -0.00280336, -0.00380995, 0.0113679, -0.00137707, -0.00454322, 0.0112888, 0.000216087, -0.00471245, 0.0111631, 0.0017547, -0.0042772, 0.0109739, 0.00301053, -0.00329767, 0.0107181, 0.00380952, -0.00193052, 0.0104383, 0.00405554, -0.000369991, 0.0101671, 0.00372387, 0.00117679, 0.00990628, 0.00285476, 0.00250169, 0.00963807, 0.00155689, 0.00340982, 0.00935208, 1.39971e-05, 0.00375803, 0.00903367, -0.00153797, 0.00348189, 0.00864178, -0.00282258, 0.002596, 0.00814913, -0.00355473, 0.00125002, 0.00757593, -0.00357671, -0.000254267, 0.00691763, -0.00292715, -0.00157266, 0.00609057, -0.00174843, -0.00229507, 0.0051255, -0.000467589, -0.00213455, 0.0039845, 0.00039678, -0.00139199, 0.00262121, 0.000585118, -0.000549806, 0.00123217, 0.000169075, 0.000159797, 
0.0237125, 0.00159893, 0.000367667, 0.0222056, 0.000883967, 0.000516589, 0.0206951, 0.000173634, 0.000651406, 0.0191985, -0.000576021, 0.000701933, 0.0177351, -0.00138044, 0.000576178, 0.0163304, -0.00219606, 0.000168852, 0.0149919, -0.00284761, -0.000597984, 0.0137262, -0.00299778, -0.00168417, 0.0126203, -0.00237961, -0.00288803, 0.0119274, -0.00127251, -0.00371424, 0.0114902, 0.000114129, -0.00411943, 0.0112027, 0.00161796, -0.00403089, 0.0109824, 0.00302976, -0.00341495, 0.0107821, 0.00415746, -0.00233288, 0.0106177, 0.00484924, -0.00091075, 0.0105146, 0.00500836, 0.000676203, 0.010488, 0.00461157, 0.00222832, 0.0105383, 0.00371017, 0.00355389, 0.0106534, 0.00241748, 0.00449675, 0.0108137, 0.000888604, 0.00495472, 0.0109971, -0.000703263, 0.0048868, 0.0111829, -0.00218818, 0.00431024, 0.0113543, -0.00341525, 0.00329196, 0.0114997, -0.00426296, 0.00193823, 0.0116129, -0.00464572, 0.000384652, 0.0116911, -0.00451898, -0.00121264, 0.0117341, -0.00388464, -0.00268562, 0.0117418, -0.00279716, -0.00386515, 0.0117131, -0.0013695, -0.0045963, 0.011644, 0.000224365, -0.00476332, 0.0115241, 0.00176252, -0.00432489, 0.0113351, 0.00301656, -0.003343, 0.0110742, 0.0038149, -0.00197644, 0.0107827, 0.00406413, -0.00041856, 0.0104971, 0.0037412, 0.00112748, 0.0102289, 0.00288802, 0.00246122, 0.00996421, 0.00160835, 0.00339583, 0.00968725, 7.35546e-05, 0.00378474, 0.00939125, -0.001491, 0.00355933, 0.00905632, -0.0028322, 0.00273618, 0.00865265, -0.00368809, 0.00143428, 0.00818039, -0.00386842, -9.42329e-05, 0.00766158, -0.00336181, -0.00153215, 0.00704302, -0.00228078, -0.00255396, 0.00625672, -0.000896279, -0.0028041, 0.00531661, 0.000301592, -0.00227334, 0.00415758, 0.000937532, -0.00134839, 0.00281307, 0.000832725, -0.000461054, 0.00151006, 0.000130214, 0.000184719, 
0.0239918, 0.00163048, 0.000393331, 0.0224897, 0.000903199, 0.000530652, 0.020984, 0.000180745, 0.000654233, 0.0194924, -0.000579528, 0.000692931, 0.0180344, -0.00139153, 0.000553938, 0.0166359, -0.00220983, 0.000131202, 0.0153052, -0.00285719, -0.000652758, 0.0140512, -0.00299551, -0.001754, 0.0129624, -0.00236065, -0.00296467, 0.0122853, -0.0012412, -0.00378736, 0.0118595, 0.000151843, -0.00418253, 0.0115752, 0.00165542, -0.00408037, 0.0113481, 0.00306021, -0.00345101, 0.0111324, 0.00417602, -0.00235962, 0.010947, 0.00485489, -0.000933841, 0.0108219, 0.00500322, 0.000652567, 0.010776, 0.00459867, 0.00220223, 0.0108126, 0.00369205, 0.00352468, 0.0109206, 0.00239597, 0.00446371, 0.0110798, 0.000865383, 0.00491634, 0.0112666, -0.000725773, 0.00484142, 0.0114589, -0.00220688, 0.00425722, 0.0116389, -0.00342722, 0.00323236, 0.0117946, -0.00426641, 0.00187447, 0.0119193, -0.00464041, 0.000319649, 0.0120104, -0.00450601, -0.00127633, 0.0120673, -0.00386588, -0.00274633, 0.0120898, -0.00277473, -0.00392228, 0.0120759, -0.00134513, -0.00465006, 0.0120191, 0.000249584, -0.00481359, 0.0119055, 0.00178697, -0.00437079, 0.0117156, 0.00303795, -0.00338518, 0.0114481, 0.00383317, -0.00201808, 0.0111444, 0.00408242, -0.000462539, 0.0108424, 0.00376388, 0.00108129, 0.0105602, 0.00292005, 0.00241811, 0.0102913, 0.0016528, 0.00336829, 0.0100174, 0.000125127, 0.00378629, 0.00972964, -0.00144572, 0.00359687, 0.00942219, -0.00281859, 0.0028163, 0.00907614, -0.00375376, 0.00155292, 0.00867823, -0.00405652, 2.25819e-05, 0.00824615, -0.00367058, -0.00148001, 0.00777475, -0.00269001, -0.00266811, 0.00718261, -0.00130353, -0.00323794, 0.00643196, 0.000104313, -0.00300361, 0.0055051, 0.00111387, -0.00215212, 0.00434258, 0.00146837, -0.00108961, 0.00303629, 0.00103809, -0.000242934, 0.0017798, 0.000125498, 0.000202619, 0.000165002, 6.56937e-05, 0.000194954, 
0.0242821, 0.00166696, 0.000421714, 0.0227849, 0.000927515, 0.000548453, 0.0212842, 0.000193133, 0.000661695, 0.0197977, -0.000577451, 0.000689172, 0.018345, -0.00139652, 0.000537121, 0.0169524, -0.00221666, 9.8671e-05, 0.0156296, -0.00285849, -0.00070307, 0.0143881, -0.00298319, -0.00181996, 0.0133181, -0.00232968, -0.0030374, 0.0126591, -0.00119653, -0.003856, 0.0122472, 0.000203697, -0.00424045, 0.0119689, 0.00170738, -0.00412426, 0.0117371, 0.00310529, -0.00348142, 0.0115073, 0.00420928, -0.00238095, 0.0113011, 0.00487506, -0.000951849, 0.011153, 0.00501214, 0.000633587, 0.011086, 0.00459927, 0.00218028, 0.0111064, 0.00368686, 0.0034991, 0.0112045, 0.00238691, 0.00443386, 0.0113599, 0.000854315, 0.00488098, 0.0115478, -0.000736371, 0.00479901, 0.0117446, -0.00221382, 0.0042071, 0.0119317, -0.00342738, 0.0031755, 0.012097, -0.00425774, 0.00181332, 0.0122336, -0.00462245, 0.000257289, 0.012339, -0.00447977, -0.00133709, 0.0124122, -0.00383328, -0.00280358, 0.0124522, -0.0027379, -0.00397512, 0.0124557, -0.00130589, -0.00469829, 0.0124136, 0.00028976, -0.00485698, 0.0123083, 0.00182616, -0.00440874, 0.0121182, 0.00307344, -0.00341851, 0.0118435, 0.00386403, -0.00205013, 0.0115274, 0.00411105, -0.000496714, 0.0112087, 0.00379428, 0.00104413, 0.0109092, 0.00295601, 0.00238068, 0.0106295, 0.00169701, 0.00333865, 0.0103532, 0.000175193, 0.00377606, 0.0100674, -0.00139898, 0.00361319, 0.00977035, -0.00279043, 0.00286205, 0.00945631, -0.00377431, 0.00162763, 0.00911157, -0.00416563, 0.000104493, 0.00873901, -0.00388103, -0.00143617, 0.00835384, -0.00298718, -0.00271991, 0.00791404, -0.00164584, -0.00349776, 0.00734579, -0.000137496, -0.0035468, 0.00662634, 0.00114095, -0.00287502, 0.00572158, 0.0018866, -0.00176531, 0.00457749, 0.00191096, -0.000625642, 0.00336095, 0.00113564, 0.000101695, 0.00203498, 0.000229904, 0.000282393, 0.000434138, 2.53969e-05, 0.000197759, 
0.0245845, 0.00170699, 0.000454748, 0.0230927, 0.00095529, 0.000572041, 0.0215972, 0.000208938, 0.000675984, 0.0201158, -0.000571894, 0.000693047, 0.0186684, -0.00139779, 0.000528401, 0.0172815, -0.0022192, 7.43621e-05, 0.0159666, -0.00285453, -0.000745233, 0.0147378, -0.00296417, -0.00187767, 0.0136874, -0.00229047, -0.00310122, 0.0130478, -0.00114259, -0.00391469, 0.0126519, 0.000265371, -0.00428748, 0.0123822, 0.00176942, -0.00415663, 0.0121486, 0.00316064, -0.00350014, 0.0119066, 0.00425311, -0.00239077, 0.011681, 0.00490599, -0.000958676, 0.0115099, 0.00503172, 0.000625395, 0.0114208, 0.00461021, 0.00216864, 0.0114231, 0.00369161, 0.00348331, 0.0115088, 0.00238738, 0.00441332, 0.0116578, 0.000852437, 0.00485451, 0.0118443, -0.000738014, 0.00476524, 0.0120436, -0.00221193, 0.00416542, 0.0122362, -0.00341872, 0.00312691, 0.0124099, -0.0042401, 0.00176033, 0.012558, -0.00459524, 0.000203142, 0.0126781, -0.00444395, -0.0013894, 0.0127689, -0.00379074, -0.00285193, 0.0128282, -0.00269076, -0.00401833, 0.012851, -0.00125606, -0.00473579, 0.0128258, 0.000340546, -0.00488837, 0.0127311, 0.00187574, -0.00443363, 0.0125427, 0.00311894, -0.00343797, 0.0122616, 0.00390403, -0.00206774, 0.0119334, 0.00414727, -0.00051623, 0.0115986, 0.00383038, 0.00102117, 0.0112809, 0.00299542, 0.00235558, 0.0109858, 0.00174194, 0.00331619, 0.0107019, 0.000224838, 0.00376493, 0.0104141, -0.00135082, 0.00362089, 0.0101189, -0.0027538, 0.00289075, 0.00981889, -0.00376679, 0.00167657, 0.00950789, -0.00421685, 0.000162418, 0.00917944, -0.00401174, -0.00140075, 0.0088449, -0.00318948, -0.0027451, 0.00849743, -0.00189891, -0.00364586, 0.00807501, -0.000364602, -0.00390639, 0.00752588, 0.00107934, -0.00344079, 0.00683252, 0.00210206, -0.00240187, 0.00594707, 0.00250721, -0.00111338, 0.00483603, 0.00212311, -5.14028e-06, 0.00366449, 0.00112856, 0.000494409, 0.00226794, 0.000315963, 0.000462488, 0.00070898, -1.29014e-05, 0.000192001, 
0.0248996, 0.00174861, 0.000493495, 0.0234136, 0.000984288, 0.000602504, 0.0219238, 0.00022561, 0.000698238, 0.020448, -0.000565738, 0.000705807, 0.0190059, -0.00139858, 0.00052924, 0.0176247, -0.00222113, 6.0071e-05, 0.0163175, -0.00284946, -0.00077699, 0.0151014, -0.00294322, -0.00192438, 0.0140707, -0.00224842, -0.00315295, 0.013451, -0.0010853, -0.00396014, 0.0130721, 0.000330612, -0.00432024, 0.0128129, 0.00183509, -0.00417405, 0.0125798, 0.00321978, -0.0035037, 0.0123284, 0.00430111, -0.00238556, 0.0120853, 0.00494154, -0.000950707, 0.0118925, 0.00505615, 0.000631709, 0.0117812, 0.00462599, 0.00217113, 0.0117642, 0.00370103, 0.00348121, 0.0118356, 0.00239225, 0.00440603, 0.011976, 0.000854667, 0.00484084, 0.0121589, -0.000735746, 0.00474386, 0.0123587, -0.00220622, 0.00413582, 0.0125552, -0.00340623, 0.00309019, 0.0127359, -0.00421857, 0.00171913, 0.0128947, -0.00456404, 0.000160815, 0.0130292, -0.00440399, -0.00142972, 0.0131378, -0.0037439, -0.00288794, 0.0132173, -0.00263913, -0.0040486, 0.0132606, -0.00120163, -0.00475948, 0.0132536, 0.000395822, -0.0049049, 0.0131716, 0.0019295, -0.00444266, 0.012987, 0.00316834, -0.00344085, 0.0127012, 0.00394749, -0.00206821, 0.012362, 0.0041859, -0.000518316, 0.0120122, 0.00386746, 0.00101543, 0.011677, 0.0030343, 0.00234667, 0.0113646, 0.00178471, 0.00330689, 0.0110685, 0.000271509, 0.00376092, 0.0107751, -0.00130416, 0.00362899, 0.0104777, -0.00271448, 0.00291405, 0.0101812, -0.0037453, 0.00171409, 0.00988785, -0.00423215, 0.000207821, 0.00959102, -0.00408483, -0.00136813, 0.00929124, -0.00332133, -0.00275468, 0.00899443, -0.00207432, -0.00373168, 0.00866855, -0.000546324, -0.00413098, 0.00825367, 0.000986329, -0.00384435, 0.00771859, 0.00220187, -0.00292664, 0.00704788, 0.00287123, -0.00161878, 0.00617004, 0.00284969, -0.000262661, 0.00509665, 0.00207732, 0.00066603, 0.00390494, 0.001014, 0.000912715, 0.00248754, 0.000273097, 0.000680977, 0.000985422, -4.75158e-05, 0.000178771, 
0.0252281, 0.00178981, 0.000538087, 0.0237485, 0.00101213, 0.00063988, 0.022265, 0.000240411, 0.000728434, 0.0207952, -0.000562107, 0.000727411, 0.0193589, -0.00140241, 0.000539651, 0.0179836, -0.00222645, 5.59382e-05, 0.016684, -0.00284786, -0.000798008, 0.0154803, -0.00292555, -0.00195958, 0.0144691, -0.0022094, -0.00319205, 0.0138691, -0.00103096, -0.00399185, 0.0135073, 0.000392843, -0.00433827, 0.0132595, 0.00189759, -0.00417604, 0.0130287, 0.00327578, -0.00349164, 0.0127702, 0.00434632, -0.00236477, 0.0125121, 0.0049748, -0.00092726, 0.0122994, 0.00507875, 0.000653344, 0.012167, 0.00464015, 0.0021887, 0.0121306, 0.00370886, 0.0034939, 0.0121867, 0.00239544, 0.00441318, 0.0123167, 0.000855068, 0.00484125, 0.0124943, -0.000735444, 0.00473613, 0.0126928, -0.00220252, 0.00411951, 0.0128915, -0.0033957, 0.00306651, 0.0130779, -0.00419892, 0.00169085, 0.0132462, -0.00453469, 0.000131413, 0.0133943, -0.00436588, -0.001457, 0.0135205, -0.00369889, -0.00291066, 0.0136203, -0.00258933, -0.00406516, 0.0136846, -0.00114909, -0.00476887, 0.0136964, 0.000449044, -0.00490636, 0.0136282, 0.00198085, -0.00443578, 0.0134492, 0.00321502, -0.00342719, 0.0131609, 0.00398795, -0.00205157, 0.0128123, 0.00422086, -0.000502916, 0.0124491, 0.00389972, 0.00102714, 0.0120979, 0.00306717, 0.00235463, 0.0117683, 0.00182043, 0.0033128, 0.0114575, 0.000310601, 0.00376819, 0.0111548, -0.00126385, 0.00364281, 0.0108525, -0.00267836, 0.00293827, 0.0105541, -0.00372054, 0.00174864, 0.0102671, -0.00422997, 0.00024863, 0.00999004, -0.00412167, -0.00133407, 0.00971669, -0.00340447, -0.00275048, 0.00944981, -0.00219367, -0.00378024, 0.00917955, -0.00068047, -0.00426767, 0.0088603, 0.000893662, -0.00411438, 0.00844615, 0.00223859, -0.00332337, 0.00792469, 0.00309918, -0.0020601, 0.00726601, 0.00333554, -0.000603945, 0.00638926, 0.00284681, 0.000662412, 0.00533896, 0.00180592, 0.00131441, 0.0041174, 0.000747874, 0.00131198, 0.00270748, 0.00010082, 0.000859435, 0.00126215, -7.71017e-05, 0.000159226, 
0.0255705, 0.00182881, 0.000587848, 0.0240982, 0.00103671, 0.000683298, 0.0226217, 0.000250856, 0.000765513, 0.0211587, -0.000563873, 0.000756648, 0.0197288, -0.00141259, 0.000558296, 0.0183599, -0.00223887, 6.05234e-05, 0.0170682, -0.00285392, -0.000809823, 0.0158767, -0.00291592, -0.00198491, 0.0148845, -0.00217869, -0.00322037, 0.0143037, -0.000985164, -0.00401189, 0.0139587, 0.000446253, -0.0043438, 0.0137223, 0.00195095, -0.00416487, 0.0134946, 0.00332245, -0.00346615, 0.0132308, 0.0043824, -0.00233053, 0.0129599, 0.00499938, -0.000890403, 0.0127294, 0.00509316, 0.000688342, 0.0125774, 0.00464651, 0.00221956, 0.0125225, 0.00370909, 0.00351971, 0.0125631, 0.00239113, 0.00443327, 0.012682, 0.000847931, 0.00485437, 0.0128528, -0.000742739, 0.00474081, 0.0130485, -0.0022064, 0.00411525, 0.013248, -0.00339264, 0.00305459, 0.0134388, -0.00418661, 0.00167416, 0.0136154, -0.0045126, 0.000113575, 0.0137763, -0.00433505, -0.00147265, 0.0139193, -0.00366125, -0.00292159, 0.0140391, -0.00254704, -0.0040697, 0.0141243, -0.00110425, -0.00476593, 0.0141552, 0.000494322, -0.00489503, 0.0141011, 0.00202392, -0.00441551, 0.0139288, 0.00325303, -0.00339961, 0.0136397, 0.00401942, -0.0020205, 0.0132837, 0.00424635, -0.000472642, 0.0129088, 0.00392165, 0.00105383, 0.0125435, 0.00308869, 0.00237724, 0.0121982, 0.00184394, 0.00333248, 0.011872, 0.000337095, 0.00378697, 0.0115573, -0.0012352, 0.00366402, 0.0112475, -0.00265114, 0.00296568, 0.0109443, -0.00370034, 0.00178343, 0.0106569, -0.00422383, 0.000288345, 0.0103894, -0.0041404, -0.0012975, 0.0101352, -0.00345714, -0.0027341, 0.00988946, -0.0022761, -0.00380296, 0.0096498, -0.000777895, -0.00434917, 0.00939076, 0.000813426, -0.00428672, 0.00906667, 0.00223964, -0.0036034, 0.00865163, 0.00324395, -0.00240862, 0.00814218, 0.00366225, -0.000933629, 0.00747886, 0.00341047, 0.000518206, 0.00660561, 0.00251336, 0.00154012, 0.00556341, 0.00132469, 0.00187561, 0.00432766, 0.000317713, 0.00161055, 0.00292776, -0.000158156, 0.000958814, 0.00153905, -0.000100369, 0.000135023, 
0.0259277, 0.0018643, 0.000641507, 0.0244636, 0.00105637, 0.000731199, 0.0229952, 0.000254976, 0.000807631, 0.0215399, -0.000573342, 0.000791381, 0.0201172, -0.00143175, 0.00058274, 0.0187556, -0.0022614, 7.10544e-05, 0.0174723, -0.00287098, -0.000815576, 0.0162934, -0.00291799, -0.00200392, 0.0153199, -0.00216028, -0.00324185, 0.0147576, -0.000952089, -0.00402448, 0.0144288, 0.000486549, -0.00434118, 0.0142032, 0.00199075, -0.00414492, 0.0139786, 0.00335521, -0.00343154, 0.0137104, 0.00440449, -0.0022871, 0.0134281, 0.00501023, -0.000844367, 0.0131817, 0.00509429, 0.000732518, 0.0130119, 0.00464002, 0.00225961, 0.0129397, 0.0036968, 0.00355472, 0.0129656, 0.00237449, 0.00446252, 0.0130734, 0.000828584, 0.0048766, 0.0132369, -0.000762216, 0.00475446, 0.0134289, -0.0022224, 0.0041197, 0.013628, -0.00340154, 0.00305108, 0.0138219, -0.00418601, 0.00166567, 0.0140058, -0.00450204, 0.000103865, 0.0141783, -0.00431571, -0.00148012, 0.0143375, -0.00363523, -0.00292426, 0.0144766, -0.00251667, -0.00406593, 0.0145823, -0.00107163, -0.00475463, 0.0146321, 0.000527142, -0.00487517, 0.014592, 0.00205423, -0.00438634, 0.0144268, 0.00327788, -0.00336272, 0.014138, 0.00403732, -0.0019797, 0.0137762, 0.00425781, -0.000432255, 0.0133913, 0.00392891, 0.00109082, 0.0130137, 0.00309467, 0.00240998, 0.0126548, 0.00185114, 0.00336177, 0.0123141, 0.000346869, 0.00381418, 0.0119862, -0.00122271, 0.00369106, 0.0116666, -0.00263784, 0.00299547, 0.0113568, -0.00369048, 0.00181802, 0.0110653, -0.00422266, 0.000326803, 0.0107998, -0.00415467, -0.00126011, 0.0105571, -0.00349447, -0.00270945, 0.0103278, -0.00233678, -0.0038071, 0.0101067, -0.000851867, -0.00439581, 0.00988201, 0.00074588, -0.00439415, 0.00961976, 0.00222034, -0.00379145, 0.0092847, 0.00332949, -0.00266632, 0.00887154, 0.00388772, -0.00120762, 0.00836465, 0.0038108, 0.00032481, 0.00768865, 0.00308465, 0.00160051, 0.0068246, 0.00189948, 0.00227909, 0.00579079, 0.000657471, 0.00227518, 0.00455318, -0.000237736, 0.00174807, 0.00317824, -0.000467397, 0.000931204, 0.0018089, -0.000151526, 0.000134161, 0.000193787, -0.000133926, 0.000101257, 
0.0263008, 0.00189548, 0.000697415, 0.0248462, 0.00107003, 0.000781582, 0.023387, 0.000251413, 0.000852424, 0.0219406, -0.000592153, 0.000828852, 0.0205264, -0.00146182, 0.000609756, 0.019173, -0.00229617, 8.37398e-05, 0.0178995, -0.00290127, -0.000819708, 0.0167339, -0.00293403, -0.00202166, 0.0157793, -0.00215645, -0.003262, 0.0152352, -0.000934048, -0.00403534, 0.0149217, 0.000511381, -0.00433627, 0.014706, 0.00201457, -0.00412199, 0.0144838, 0.0033714, -0.00339347, 0.014211, 0.00440962, -0.00224006, 0.0139181, 0.00500411, -0.000794772, 0.013657, 0.00507875, 0.00078022, 0.0134708, 0.00461728, 0.00230324, 0.0133828, 0.00366864, 0.0035934, 0.0133952, 0.00234228, 0.00449556, 0.0134926, 0.000793851, 0.00490273, 0.0136491, -0.000796976, 0.00477204, 0.0138372, -0.00225357, 0.00412791, 0.0140353, -0.00342536, 0.00305106, 0.0142315, -0.0042, 0.00166046, 0.0144216, -0.00450573, 9.73415e-05, 0.0146048, -0.00431048, -0.00148437, 0.0147791, -0.00362347, -0.00292366, 0.0149369, -0.0025009, -0.00405894, 0.0150628, -0.00105398, -0.00474028, 0.0151311, 0.000544715, -0.00485235, 0.0151046, 0.00206903, -0.00435405, 0.0149461, 0.00328682, -0.00332241, 0.0146579, 0.00403882, -0.00193522, 0.0142913, 0.0042524, -0.000387919, 0.0138978, 0.00391877, 0.00113194, 0.0135096, 0.00308259, 0.00244677, 0.0131391, 0.0018396, 0.00339481, 0.0127859, 0.000337416, 0.00384453, 0.0124452, -0.00122931, 0.00371978, 0.0121145, -0.00264203, 0.00302446, 0.0117965, -0.00369501, 0.00184952, 0.0114989, -0.00423185, 0.000361175, 0.0112306, -0.00417326, -0.00122566, 0.0109926, -0.00352782, -0.00268239, 0.010775, -0.00238713, -0.00380003, 0.0105672, -0.000913317, -0.00442063, 0.0103615, 0.000686474, -0.00446137, 0.0101375, 0.00218889, -0.00391495, 0.00986143, 0.00336994, -0.0028485, 0.00951601, 0.00403844, -0.00141884, 0.0091049, 0.00409329, 0.000142947, 0.00858861, 0.0035177, 0.00156204, 0.00790501, 0.00240865, 0.00251826, 0.00705692, 0.00106255, 0.0028013, 0.00604165, -0.000145062, 0.00245227, 0.00481479, -0.000850665, 0.00167289, 0.00349483, -0.000767076, 0.000745059, 0.00207008, -0.000310744, 0.000135297, 0.000464464, -0.000143662, 7.20118e-05, 
0.0266907, 0.00192248, 0.000753731, 0.0252469, 0.00107768, 0.000832218, 0.0237984, 0.000239998, 0.000897269, 0.0223622, -0.000620592, 0.000865998, 0.0209577, -0.00150314, 0.000635777, 0.0196142, -0.00234353, 9.44163e-05, 0.018352, -0.00294511, -0.000827058, 0.0172013, -0.00296426, -0.00204361, 0.0162665, -0.00216736, -0.00328678, 0.0157405, -0.000931201, -0.00405072, 0.0154416, 0.000520586, -0.00433545, 0.0152346, 0.00202221, -0.00410247, 0.0150135, 0.00337066, -0.00335824, 0.0147351, 0.00439718, -0.00219572, 0.0144313, 0.00498014, -0.000747989, 0.0141559, 0.00504549, 0.00082497, 0.0139541, 0.00457718, 0.00234391, 0.0138514, 0.00362351, 0.00362927, 0.0138515, 0.00229343, 0.00452602, 0.0139397, 0.000742717, 0.00492656, 0.0140901, -0.000847982, 0.00478748, 0.0142749, -0.00230081, 0.00413395, 0.0144722, -0.00346493, 0.00304865, 0.0146704, -0.00422926, 0.00165263, 0.014866, -0.00452421, 8.81372e-05, 0.0150592, -0.00431978, -0.00149123, 0.0152479, -0.00362636, -0.00292562, 0.0154239, -0.00250018, -0.00405464, 0.0155695, -0.00105183, -0.00472896, 0.0156559, 0.000546546, -0.00483288, 0.0156424, 0.00206789, -0.00432506, 0.0154899, 0.00327943, -0.0032852, 0.0152016, 0.00402349, -0.00189373, 0.0148306, 0.00422968, -0.000346515, 0.0144293, 0.00389091, 0.00117017, 0.0140316, 0.00305237, 0.00248068, 0.0136511, 0.00180942, 0.00342481, 0.0132874, 0.000308869, 0.00387157, 0.0129354, -0.00125517, 0.00374448, 0.0125937, -0.0026646, 0.00304783, 0.0122664, -0.00371545, 0.00187353, 0.0119616, -0.00425347, 0.000387074, 0.0116881, -0.00419998, -0.00119905, 0.0114494, -0.00356341, -0.00265958, 0.0112381, -0.00243401, -0.00378982, 0.0110405, -0.000968687, -0.0044334, 0.0108463, 0.000631473, -0.00450476, 0.0106435, 0.00215025, -0.00399659, 0.0104073, 0.00337731, -0.00297341, 0.0101129, 0.00412762, -0.00157324, 0.00976034, 0.00428454, -4.06689e-06, 0.00934423, 0.00382468, 0.00148826, 0.00881133, 0.00281079, 0.00262832, 0.00812586, 0.00144964, 0.00316567, 0.00729672, 6.98623e-05, 0.00302548, 0.00629675, -0.000997481, 0.00233894, 0.00508354, -0.0013906, 0.00134711, 0.00378543, -0.00102326, 0.000458322, 0.00231549, -0.000501194, 3.80505e-05, 0.000739186, -0.000147396, 4.37059e-05, 
0.0270984, 0.00194626, 0.000808942, 0.0256669, 0.00108028, 0.000881227, 0.0242304, 0.00022171, 0.000939897, 0.0228057, -0.000657625, 0.000900126, 0.0214126, -0.00155459, 0.000657611, 0.0200806, -0.00240218, 9.93088e-05, 0.0188317, -0.00300091, -0.000842033, 0.0176982, -0.00300681, -0.00207474, 0.016785, -0.00219095, -0.00332158, 0.0162775, -0.000941405, -0.00407625, 0.0159927, 0.000516351, -0.00434446, 0.0157931, 0.00201584, -0.00409207, 0.0155712, 0.00335506, -0.00333159, 0.0152856, 0.00436903, -0.00215984, 0.0149699, 0.00493996, -0.000709871, 0.0146796, 0.00499597, 0.00086078, 0.0144623, 0.0045211, 0.00237554, 0.0143454, 0.00356277, 0.00365621, 0.0143341, 0.00222931, 0.00454786, 0.0144142, 0.000676567, 0.00494215, 0.0145599, -0.000913846, 0.00479496, 0.0147425, -0.0023627, 0.00413207, 0.0149397, -0.00351874, 0.00303816, 0.0151402, -0.00427215, 0.00163655, 0.0153415, -0.0045557, 7.06572e-05, 0.0155443, -0.00434173, -0.00150624, 0.0157471, -0.00364195, -0.0029356, 0.015941, -0.00251259, -0.0040585, 0.016106, -0.00106327, -0.00472623, 0.0162104, 0.000534513, -0.00482245, 0.0162092, 0.00205272, -0.00430516, 0.0160614, 0.00325769, -0.00325701, 0.0157722, 0.00399334, -0.00186129, 0.015396, 0.00419171, -0.000314292, 0.014987, 0.00384749, 0.00119911, 0.0145805, 0.00300639, 0.00250525, 0.0141909, 0.00176328, 0.00344547, 0.0138183, 0.000264028, 0.00388928, 0.0134569, -0.00129764, 0.00375959, 0.013105, -0.0027035, 0.00306077, 0.0127682, -0.00375056, 0.00188577, 0.0124556, -0.00428683, 0.000400312, 0.0121758, -0.00423502, -0.00118476, 0.0119333, -0.00360327, -0.00264674, 0.0117234, -0.00248075, -0.0037841, 0.0115325, -0.00102134, -0.00444294, 0.0113464, 0.000578645, -0.00453641, 0.011155, 0.00210753, -0.00405481, 0.0109427, 0.00336319, -0.00306153, 0.0106858, 0.00417014, -0.00168567, 0.0103744, 0.00440599, -0.000117685, 0.010015, 0.00403448, 0.00141349, 0.00958481, 0.00310603, 0.00266432, 0.00903515, 0.00177333, 0.0033945, 0.00835284, 0.000310067, 0.00345952, 0.00754325, -0.000972664, 0.00290306, 0.00654289, -0.00176686, 0.00191377, 0.00534365, -0.00177841, 0.000831333, 0.00403032, -0.00121544, 7.75799e-05, 0.00255041, -0.000614347, -0.000164241, 0.00101493, -0.000146019, 1.73773e-05, 
0.0275249, 0.00196831, 0.000862262, 0.0261072, 0.00107942, 0.00092752, 0.0246841, 0.000198267, 0.000978906, 0.0232725, -0.000701368, 0.000929466, 0.0218921, -0.00161402, 0.000673046, 0.0205734, -0.00246965, 9.5673e-05, 0.0193404, -0.0030658, -0.000867925, 0.018227, -0.00305833, -0.00211877, 0.0173377, -0.00222348, -0.00337039, 0.0168499, -0.000960745, -0.00411601, 0.016579, 0.000502658, -0.00436736, 0.0163854, 0.00199941, -0.00409485, 0.0161609, 0.00332851, -0.00331758, 0.0158661, 0.00432897, -0.00213653, 0.0155367, 0.00488719, -0.000684637, 0.0152305, 0.00493363, 0.000883299, 0.014997, 0.00445236, 0.00239362, 0.0148658, 0.00348972, 0.00366966, 0.0148432, 0.0021532, 0.0045565, 0.0149162, 0.000598638, 0.00494497, 0.0150584, -0.000991357, 0.00479003, 0.0152402, -0.00243602, 0.00411786, 0.0154387, -0.00358353, 0.00301523, 0.0156426, -0.0043253, 0.00160791, 0.0158499, -0.00459672, 4.06676e-05, 0.0160627, -0.00437273, -0.00153352, 0.0162798, -0.00366659, -0.00295765, 0.0164917, -0.00253445, -0.00407449, 0.0166763, -0.00108468, -0.00473608, 0.0167984, 0.000512267, -0.00482508, 0.0168088, 0.00202722, -0.00429845, 0.0166644, 0.00322538, -0.00324205, 0.0163727, 0.00395225, -0.00184224, 0.0159903, 0.00414242, -0.000295729, 0.0155732, 0.0037925, 0.00121413, 0.0151577, 0.00294879, 0.00251577, 0.0147596, 0.00170553, 0.00345217, 0.014379, 0.000207471, 0.00389323, 0.0140097, -0.00135214, 0.00376105, 0.0136491, -0.00275453, 0.0030597, 0.0133034, -0.00379694, 0.00188315, 0.0129828, -0.00432924, 0.000397955, 0.0126963, -0.00427619, -0.00118589, 0.0124485, -0.00364621, -0.00264775, 0.0122366, -0.00252744, -0.0037884, 0.0120485, -0.00107175, -0.00445623, 0.0118681, 0.00052794, -0.00456474, 0.0116834, 0.00206341, -0.00410189, 0.0114837, 0.00333698, -0.00312899, 0.0112518, 0.00418094, -0.00177101, 0.010972, 0.00447491, -0.000206892, 0.0106469, 0.00417197, 0.00134688, 0.0102765, 0.0033122, 0.0026642, 0.00982683, 0.0020217, 0.0035266, 0.00926372, 0.00052636, 0.00376695, 0.0085904, -0.000883484, 0.00335529, 0.00778926, -0.00193185, 0.00242294, 0.00677526, -0.00232986, 0.0012299, 0.00558555, -0.00198697, 0.000192142, 0.00425487, -0.001275, -0.000384319, 0.00278298, -0.000609553, -0.00041161, 0.00129108, -0.000140602, -6.1713e-06, 
0.0279716, 0.00199032, 0.000913796, 0.0265692, 0.00107697, 0.000971002, 0.025161, 0.000171704, 0.00101398, 0.0237639, -0.000749557, 0.000953435, 0.0223977, -0.00167888, 0.000681156, 0.0210943, -0.002543, 8.21756e-05, 0.0198798, -0.00313631, -0.000906461, 0.01879, -0.00311479, -0.00217771, 0.017928, -0.00226042, -0.00343522, 0.0174615, -0.000984419, -0.00417185, 0.0172047, 0.000484383, -0.00440589, 0.0170159, 0.0019778, -0.00411253, 0.0167866, 0.00329585, -0.00331801, 0.0164804, 0.00428179, -0.00212769, 0.0161356, 0.00482651, -0.000674264, 0.0158119, 0.00486301, 0.000890423, 0.0155611, 0.00437539, 0.00239592, 0.0154146, 0.00340871, 0.00366724, 0.0153806, 0.0020694, 0.00454949, 0.0154466, 0.000513175, 0.00493253, 0.0155861, -0.00107631, 0.00477019, 0.0157686, -0.00251661, 0.00408888, 0.0159699, -0.0036551, 0.00297745, 0.0161785, -0.00438447, 0.00156435, 0.0163931, -0.00464293, -4.1025e-06, 0.0166168, -0.00440836, -0.00157524, 0.0168489, -0.00369577, -0.00299378, 0.0170794, -0.00256122, -0.00410446, 0.0172842, -0.0011115, -0.00476022, 0.0174239, 0.000484358, -0.00484251, 0.017445, 0.00199599, -0.00430673, 0.0173027, 0.00318719, -0.0032422, 0.017007, 0.003905, -0.00183857, 0.016617, 0.00408667, -0.000292926, 0.0161908, 0.0037309, 0.00121301, 0.0157659, 0.00288459, 0.00250993, 0.015359, 0.00164133, 0.00344256, 0.0149707, 0.000144539, 0.00388121, 0.0145944, -0.00141321, 0.00374688, 0.0142265, -0.0028124, 0.00304297, 0.0138728, -0.00384986, 0.00186441, 0.0135447, -0.00437676, 0.000378942, 0.0132516, -0.00432006, -0.00120358, 0.0129982, -0.00368934, -0.00266414, 0.0127821, -0.00257201, -0.00380545, 0.0125935, -0.00111838, -0.00447761, 0.0124163, 0.000481012, -0.00459516, 0.0122357, 0.00202076, -0.00414503, 0.0120422, 0.00330584, -0.00318612, 0.0118246, 0.00417315, -0.00184055, 0.011568, 0.00450706, -0.000280458, 0.0112675, 0.00425625, 0.00128748, 0.01093, 0.00345028, 0.00264696, 0.0105434, 0.00220063, 0.0035958, 0.0100727, 0.000700819, 0.00396988, 0.00950202, -0.000785946, 0.00369728, 0.00883793, -0.00199097, 0.00285048, 0.00802373, -0.00266773, 0.00163021, 0.00699735, -0.00262062, 0.000383527, 0.00581337, -0.00198041, -0.000509933, 0.00447601, -0.00114584, -0.000863436, 0.00301393, -0.000492533, -0.000649972, 0.00156758, -0.00013248, -2.65972e-05, 
0.0284402, 0.00201382, 0.000964566, 0.0270546, 0.00107463, 0.00101259, 0.0256628, 0.000143946, 0.00104592, 0.0242816, -0.000800037, 0.000972676, 0.0229311, -0.00174673, 0.000682356, 0.021645, -0.00261939, 5.89663e-05, 0.0204521, -0.00320911, -0.000957718, 0.0193897, -0.00317225, -0.00225167, 0.018559, -0.00229725, -0.00351599, 0.018116, -0.00100763, -0.00424335, 0.0178737, 0.000466394, -0.00445941, 0.0176887, 0.00195587, -0.00414441, 0.0174527, 0.00326193, -0.00333225, 0.0171329, 0.00423235, -0.00213278, 0.0167706, 0.00476275, -0.00067833, 0.0164276, 0.00478885, 0.000882458, 0.0161579, 0.00429481, 0.0023826, 0.015995, 0.00332425, 0.00364895, 0.0159488, 0.00198234, 0.00452668, 0.0160076, 0.000424572, 0.00490458, 0.0161449, -0.00116437, 0.00473515, 0.016329, -0.00260015, 0.00404481, 0.0165346, -0.00372916, 0.00292453, 0.0167495, -0.00444537, 0.00150565, 0.016973, -0.00469001, -6.37824e-05, 0.017209, -0.00444425, -0.0016314, 0.0174575, -0.00372505, -0.00304382, 0.0177079, -0.00258839, -0.00414803, 0.0179335, -0.00113918, -0.00479803, 0.0180911, 0.00045533, -0.00487398, 0.0181221, 0.00196361, -0.0043293, 0.0179804, 0.00314778, -0.00325689, 0.017679, 0.00385638, -0.00184979, 0.01728, 0.00402935, -0.000305456, 0.0168434, 0.0036676, 0.00119609, 0.0164084, 0.00281876, 0.00248796, 0.0159922, 0.00157571, 0.00341679, 0.0155961, 8.03697e-05, 0.00385336, 0.015213, -0.0014756, 0.00371739, 0.0148386, -0.00287189, 0.00301114, 0.014478, -0.00390441, 0.00183034, 0.0141429, -0.00442509, 0.000344232, 0.0138437, -0.00436295, -0.00123692, 0.0135848, -0.0037293, -0.00269527, 0.013364, -0.00261158, -0.00383529, 0.0131725, -0.00115879, -0.00450844, 0.0129956, 0.000440322, -0.00463031, 0.0128174, 0.00198257, -0.00418784, 0.0126268, 0.00327501, -0.0032383, 0.0124159, 0.00415697, -0.00190121, 0.0121742, 0.00451669, -0.000344489, 0.0118926, 0.00430333, 0.00123249, 0.011575, 0.00353902, 0.00262052, 0.0112235, 0.00232409, 0.00362637, 0.0108167, 0.000832206, 0.00409511, 0.0103271, -0.000699732, 0.00394038, 0.00975508, -0.00201054, 0.0031889, 0.00908856, -0.00286983, 0.00199419, 0.00824926, -0.00308211, 0.000630209, 0.00722161, -0.00261607, -0.000525936, 0.00604748, -0.00173115, -0.00119553, 0.00471342, -0.000824472, -0.0012865, 0.00327587, -0.000260889, -0.000811147, 0.00183786, -0.000106472, -9.10663e-05, 0.000222269, -0.000116096, -7.79314e-05, 
0.028933, 0.00203999, 0.00101643, 0.0275658, 0.00107376, 0.00105413, 0.0261919, 0.000116482, 0.00107655, 0.024828, -0.000851135, 0.000988948, 0.0234948, -0.00181567, 0.000678299, 0.022228, -0.00269662, 2.75697e-05, 0.0210599, -0.00328154, -0.00102024, 0.0200294, -0.00322747, -0.00233909, 0.0192342, -0.00233018, -0.00361068, 0.0188173, -0.00102633, -0.004328, 0.0185905, 0.000452784, -0.0045251, 0.0184084, 0.00193768, -0.00418756, 0.0181639, 0.0032308, -0.00335741, 0.0178284, 0.00418476, -0.00214905, 0.0174464, 0.00470006, -0.000694201, 0.0170823, 0.00471528, 0.000861936, 0.0167921, 0.00421465, 0.00235605, 0.0166113, 0.00324029, 0.00361704, 0.0165516, 0.00189588, 0.00449013, 0.0166025, 0.000336622, 0.00486299, 0.0167376, -0.00125176, 0.00468664, 0.016924, -0.0026829, 0.00398734, 0.017135, -0.00380203, 0.00285818, 0.0173577, -0.00450434, 0.00143358, 0.0175918, -0.00473436, -0.000136518, 0.017842, -0.00447677, -0.00170003, 0.0181087, -0.00375074, -0.00310562, 0.0183807, -0.00261219, -0.00420274, 0.0186285, -0.00116392, -0.00484671, 0.0188043, 0.000428969, -0.00491655, 0.0188446, 0.00193388, -0.00436323, 0.0187021, 0.00311106, -0.00328324, 0.0183933, 0.00381038, -0.00187309, 0.0179837, 0.00397456, -0.00033058, 0.0175355, 0.00360676, 0.00116606, 0.0170893, 0.00275542, 0.00245246, 0.0166631, 0.00151278, 0.00337731, 0.0162586, 1.91457e-05, 0.00381203, 0.0158687, -0.00153501, 0.00367492, 0.015488, -0.0029286, 0.00296668, 0.0151211, -0.0039563, 0.00178363, 0.0147797, -0.00447035, 0.000296643, 0.0144748, -0.00440155, -0.00128314, 0.0142109, -0.00376319, -0.00273854, 0.0139856, -0.00264345, -0.00387567, 0.0137901, -0.00119052, -0.00454738, 0.0136113, 0.000408322, -0.00467004, 0.0134335, 0.00195161, -0.00423107, 0.013244, 0.00324832, -0.00328713, 0.0130354, 0.00413933, -0.0019557, 0.0128012, 0.004515, -0.000401596, 0.0125332, 0.00432655, 0.0011809, 0.0122297, 0.00359306, 0.00258858, 0.0118968, 0.00240609, 0.00363341, 0.0115282, 0.00092606, 0.00416687, 0.0110993, -0.000630302, 0.0041019, 0.0105957, -0.00201539, 0.00344001, 0.0100218, -0.00299991, 0.00229491, 0.00933648, -0.00340303, 0.000888561, 0.00847691, -0.00313205, -0.000452199, 0.007459, -0.00230671, -0.00139702, 0.0063036, -0.00124295, -0.00177588, 0.00498125, -0.000339942, -0.00156111, 0.00358625, 4.41002e-05, -0.000842282, 0.0021025, 8.26316e-06, -0.000203845, 0.000494117, -9.86577e-05, -9.28427e-05, 
0.029452, 0.00206936, 0.00107203, 0.0281049, 0.00107494, 0.00109831, 0.0267505, 9.0039e-05, 0.0011086, 0.0254054, -0.000901987, 0.00100503, 0.024091, -0.00188465, 0.000671803, 0.0228457, -0.00277342, -9.10907e-06, 0.0217059, -0.00335206, -0.00109093, 0.0207117, -0.00327862, -0.00243647, 0.0199568, -0.00235712, -0.00371528, 0.0195688, -0.00103829, -0.00442134, 0.0193582, 0.000445776, -0.00459824, 0.0191784, 0.00192542, -0.00423721, 0.0189238, 0.00320469, -0.00338882, 0.0185707, 0.00414132, -0.00217198, 0.0181671, 0.0046409, -0.000717474, 0.01778, 0.00464483, 0.00083317, 0.0174675, 0.00413744, 0.00232049, 0.0172673, 0.00315925, 0.00357557, 0.0171927, 0.00181239, 0.00444373, 0.0172347, 0.000251651, 0.00481147, 0.017367, -0.00133618, 0.00462824, 0.0175559, -0.00276257, 0.00391995, 0.0177731, -0.00387142, 0.00278186, 0.0180049, -0.00455919, 0.00135163, 0.0182514, -0.00477381, -0.000218767, 0.0185177, -0.0045038, -0.0017775, 0.018805, -0.00377071, -0.00317535, 0.0191009, -0.00263041, -0.00426444, 0.0193726, -0.00118348, -0.00490176, 0.0195672, 0.000407474, -0.00496551, 0.019616, 0.001909, -0.00440372, 0.0194713, 0.00307926, -0.00331655, 0.0191536, 0.00376939, -0.00190385, 0.0187319, 0.00392477, -0.000363689, 0.0182708, 0.00355088, 0.00112751, 0.0178123, 0.00269709, 0.00240795, 0.0173754, 0.00145502, 0.00332852, 0.0169617, -3.66345e-05, 0.00376146, 0.0165644, -0.00158884, 0.00362368, 0.0161771, -0.00297982, 0.00291388, 0.015804, -0.00400282, 0.0017287, 0.0154566, -0.00451005, 0.000240761, 0.0151462, -0.00443383, -0.00133762, 0.0148777, -0.00378945, -0.00278952, 0.0146482, -0.0026663, -0.00392244, 0.0144487, -0.00121236, -0.00459076, 0.0142667, 0.000386256, -0.00471162, 0.0140874, 0.00192945, -0.0042729, 0.0138977, 0.00322786, -0.00333134, 0.0136892, 0.00412387, -0.00200326, 0.0134574, 0.00450889, -0.000451095, 0.0131969, 0.00433559, 0.00113441, 0.0129039, 0.00362292, 0.00255493, 0.0125818, 0.00245708, 0.00362658, 0.0122331, 0.000988722, 0.00420388, 0.0118439, -0.000579384, 0.00420171, 0.0113931, -0.00201446, 0.00361219, 0.0108787, -0.00308937, 0.00252134, 0.0102921, -0.00362528, 0.00111472, 0.00957815, -0.00351767, -0.000330486, 0.00870673, -0.00280244, -0.00148766, 0.00770452, -0.00170129, -0.00211465, 0.00656497, -0.000556346, -0.00214065, 0.00525422, 0.000214501, -0.00159478, 0.00387183, 0.000369104, -0.000772899, 0.00235542, 0.000194969, -0.000242981, 0.000769179, -8.03995e-05, -0.000104894, 
0.0299992, 0.00210139, 0.00113438, 0.0286739, 0.00107772, 0.00114824, 0.0273409, 6.4178e-05, 0.00114526, 0.0260161, -0.000952979, 0.00102416, 0.0247222, -0.001954, 0.000666235, 0.0235007, -0.00285002, -4.75013e-05, 0.0223926, -0.00342081, -0.00116586, 0.0214394, -0.00332578, -0.00253943, 0.0207296, -0.00237809, -0.00382485, 0.0203733, -0.00104355, -0.00451801, 0.0201799, 0.000445282, -0.0046732, 0.0200017, 0.00191893, -0.00428769, 0.0197355, 0.00318345, -0.00342096, 0.019363, 0.00410206, -0.00219619, 0.018936, 0.00458544, -0.000742892, 0.0185242, 0.0045778, 0.000801356, 0.0181877, 0.00406351, 0.00228107, 0.0179664, 0.00308146, 0.00352958, 0.0178756, 0.00173215, 0.00439236, 0.0179075, 0.000169906, 0.00475471, 0.0180363, -0.00141739, 0.00456446, 0.0182275, -0.00283892, 0.00384706, 0.0184513, -0.0039371, 0.00269995, 0.0186932, -0.0046097, 0.00126418, 0.0189535, -0.00480826, -0.000306088, 0.0192382, -0.0045253, -0.00185928, 0.0195485, -0.00378489, -0.0032483, 0.019871, -0.00264297, -0.00432812, 0.0201687, -0.00119781, -0.00495778, 0.0203829, 0.000390864, -0.0050152, 0.0204396, 0.00188897, -0.0044451, 0.0202912, 0.00305246, -0.00335117, 0.0199631, 0.00373355, -0.00193648, 0.0195279, 0.0038802, -0.00039922, 0.0190527, 0.00350021, 0.001086, 0.0185809, 0.00264395, 0.00235998, 0.0181323, 0.00140259, 0.00327587, 0.0177088, -8.68423e-05, 0.00370692, 0.0173032, -0.00163688, 0.00356876, 0.0169087, -0.00302523, 0.00285781, 0.0165288, -0.00404354, 0.00167075, 0.0161752, -0.00454381, 0.000181909, 0.0158594, -0.00445972, -0.00139499, 0.0155863, -0.00380845, -0.00284295, 0.0153529, -0.00268084, -0.00397063, 0.0151496, -0.00122513, -0.00463395, 0.0149638, 0.000373335, -0.00475106, 0.0147819, 0.00191561, -0.00431022, 0.0145907, 0.00321367, -0.00336848, 0.0143811, 0.00411148, -0.00204178, 0.0141488, 0.00450137, -0.000490911, 0.0138909, 0.00433652, 0.00109592, 0.0136044, 0.00363647, 0.00252402, 0.0132894, 0.00248527, 0.00361347, 0.0129504, 0.00102676, 0.00422074, 0.0125834, -0.000546181, 0.0042611, 0.0121706, -0.00201298, 0.00372418, 0.0116999, -0.00315353, 0.00268135, 0.0111718, -0.00378587, 0.00129167, 0.01056, -0.00380126, -0.00020344, 0.0098178, -0.00319861, -0.00150574, 0.00894332, -0.0021268, -0.00234035, 0.00795976, -0.000865914, -0.00257039, 0.00682205, 0.000221176, -0.00220419, 0.00552127, 0.000743938, -0.00140102, 0.00412501, 0.000691013, -0.000589672, 0.00260183, 0.000369487, -0.000156543, 0.0010449, -6.15315e-05, -0.000114439, 
0.0305765, 0.00213453, 0.00120644, 0.0292753, 0.00108048, 0.00120689, 0.0279654, 3.72558e-05, 0.00118954, 0.0266628, -0.00100579, 0.00104944, 0.0253913, -0.00202543, 0.000664793, 0.0241962, -0.00292818, -8.41919e-05, 0.0231237, -0.00348961, -0.00124127, 0.0222163, -0.00337088, -0.00264372, 0.0215562, -0.00239516, -0.00393467, 0.0212344, -0.00104428, -0.00461289, 0.0210589, 0.000449022, -0.00474458, 0.0208812, 0.00191583, -0.00433358, 0.0206019, 0.00316475, -0.00344855, 0.0202082, 0.00406473, -0.00221658, 0.0197562, 0.00453162, -0.000765448, 0.0193182, 0.00451228, 0.000771453, 0.0189563, 0.00399102, 0.0022427, 0.0187125, 0.00300506, 0.00348392, 0.018604, 0.00165326, 0.00434074, 0.0186246, 8.9491e-05, 0.00469727, 0.018749, -0.00149726, 0.00449974, 0.018942, -0.00291379, 0.00377299, 0.0191725, -0.00400091, 0.00261671, 0.0194253, -0.00465771, 0.00117551, 0.0197008, -0.00483957, -0.000394186, 0.020006, -0.00454318, -0.00194097, 0.0203421, -0.00379529, -0.00331994, 0.0206941, -0.00265194, -0.00438897, 0.0210203, -0.00120903, -0.00500965, 0.0212549, 0.000376997, -0.00506019, 0.0213186, 0.00187165, -0.00448183, 0.021165, 0.00302855, -0.00338165, 0.0208248, 0.00370081, -0.00196558, 0.0203747, 0.00383885, -0.000431806, 0.0198844, 0.00345273, 0.00104691, 0.0193986, 0.00259392, 0.00231387, 0.0189376, 0.00135328, 0.00322459, 0.0185035, -0.000133724, 0.00365347, 0.0180889, -0.00168134, 0.00351506, 0.0176862, -0.00306689, 0.00280325, 0.0172986, -0.00408038, 0.00161454, 0.0169381, -0.00457346, 0.000124968, 0.0166163, -0.00448115, -0.00145028, 0.0163384, -0.00382243, -0.00289395, 0.0161009, -0.00268964, -0.00401557, 0.015894, -0.00123158, -0.00467258, 0.0157046, 0.000366835, -0.00478437, 0.0155192, 0.0019076, -0.00433971, 0.0153255, 0.00320377, -0.00339588, 0.015114, 0.00410078, -0.00206894, 0.0148798, 0.00449217, -0.000518734, 0.0146212, 0.00433131, 0.00106839, 0.0143371, 0.00363791, 0.00250022, 0.0140266, 0.00249564, 0.00360029, 0.0136925, 0.00104446, 0.00422748, 0.013336, -0.000529906, 0.00429652, 0.012947, -0.00201571, 0.00379529, 0.0125094, -0.00320159, 0.00278921, 0.012019, -0.00390576, 0.00142042, 0.0114693, -0.00401265, -9.49503e-05, 0.0108259, -0.00350471, -0.00148706, 0.0100617, -0.00248709, -0.00248232, 0.00919323, -0.00118779, -0.00289183, 0.00821976, 8.42799e-05, -0.002681, 0.0070713, 0.000957637, -0.00195389, 0.00577627, 0.00118977, -0.001016, 0.00436574, 0.000939547, -0.000268445, 0.00284631, 0.00047238, 2.25523e-05, 0.00132093, -4.20037e-05, -0.000121815, 
0.0311862, 0.0021663, 0.00129075, 0.0299112, 0.00108067, 0.00127677, 0.0286268, 6.62824e-06, 0.00124389, 0.0273485, -0.00106314, 0.00108327, 0.0261016, -0.00210175, 0.000669941, 0.0249357, -0.00301084, -0.000116559, 0.0239029, -0.00356157, -0.00131422, 0.0230465, -0.00341724, -0.00274602, 0.0224409, -0.00241199, -0.00404103, 0.0221562, -0.00104434, -0.004702, 0.0219989, 0.000453017, -0.00480815, 0.0218204, 0.00191202, -0.00437059, 0.021526, 0.00314442, -0.00346748, 0.0211096, 0.00402531, -0.00222921, 0.0206311, 0.00447557, -0.000781312, 0.0201654, 0.00444454, 0.00074725, 0.0197768, 0.00391633, 0.00220916, 0.0195091, 0.00292645, 0.00344232, 0.0193818, 0.00157211, 0.0042925, 0.0193899, 6.78611e-06, 0.00464266, 0.019509, -0.00157941, 0.00443749, 0.0197033, -0.00299075, 0.00370108, 0.0199405, -0.00406633, 0.00253539, 0.0202046, -0.00470666, 0.00108882, 0.0204966, -0.00487115, -0.000479799, 0.0208244, -0.0045609, -0.00201922, 0.0211893, -0.00380545, -0.00338671, 0.021574, -0.00266104, -0.00444325, 0.0219312, -0.00122095, -0.00505331, 0.022187, 0.000362029, -0.00509613, 0.0222565, 0.00185318, -0.00450946, 0.0220959, 0.00300372, -0.00340363, 0.0217419, 0.00366741, -0.00198691, 0.0212756, 0.00379694, -0.000457226, 0.0207692, 0.00340461, 0.00101442, 0.0202688, 0.0025431, 0.00227382, 0.019795, 0.00130308, 0.00317878, 0.0193497, -0.000181371, 0.00360505, 0.0189252, -0.00172629, 0.00346631, 0.0185133, -0.00310878, 0.00275379, 0.0181168, -0.0041171, 0.00156363, 0.0177482, -0.0046026, 7.3545e-05, 0.0174197, -0.00450163, -0.00149977, 0.0171363, -0.00383505, -0.00293875, 0.0168944, -0.00269661, -0.0040537, 0.0166837, -0.00123581, -0.00470337, 0.0164906, 0.000362617, -0.00480855, 0.0163015, 0.00190145, -0.00435878, 0.0161045, 0.00319464, -0.00341156, 0.0158904, 0.0040888, -0.00208312, 0.0156536, 0.00447891, -0.00053298, 0.0153925, 0.00431888, 0.00105382, 0.0151076, 0.00362812, 0.00248676, 0.0147987, 0.00249028, 0.00359187, 0.014467, 0.00104373, 0.00423092, 0.0141146, -0.000530622, 0.00431881, 0.0137379, -0.00202726, 0.00384097, 0.0133235, -0.00324209, 0.00285995, 0.0128606, -0.00399793, 0.00150925, 0.0123476, -0.00417379, -1.25233e-05, 0.0117689, -0.00373985, -0.00145712, 0.0110942, -0.00277747, -0.00256556, 0.0103172, -0.00147738, -0.00312793, 0.00945773, -0.000111169, -0.00305752, 0.00847541, 0.00100139, -0.00241906, 0.00731488, 0.00154966, -0.00143762, 0.00602194, 0.00148521, -0.000470561, 0.00460259, 0.00103584, 0.000157989, 0.0030871, 0.000481322, 0.000247714, 0.00159725, -2.14465e-05, -0.000127122, 
0.0318302, 0.00219345, 0.00138934, 0.0305843, 0.00107496, 0.0013597, 0.0293279, -3.10891e-05, 0.00130994, 0.0280762, -0.00112848, 0.00112711, 0.0268565, -0.00218648, 0.000683001, 0.0257233, -0.00310161, -0.000143268, 0.0247351, -0.00364046, -0.00138319, 0.0239353, -0.003469, -0.00284443, 0.0233892, -0.00243316, -0.00414177, 0.0231439, -0.00104857, -0.00478298, 0.0230045, 0.000452277, -0.00486126, 0.0228232, 0.00190236, -0.00439604, 0.0225115, 0.00311729, -0.00347525, 0.0220704, 0.00397868, -0.00223181, 0.0215641, 0.00441235, -0.000788345, 0.0210695, 0.0043698, 0.000730837, 0.0206529, 0.00383475, 0.00218253, 0.0203603, 0.00284094, 0.00340682, 0.0202129, 0.00148402, 0.00424962, 0.0202075, -8.28707e-05, 0.00459275, 0.0203205, -0.00166844, 0.00437949, 0.0205156, -0.00307438, 0.00363302, 0.0207594, -0.00413789, 0.00245764, 0.0210353, -0.00476094, 0.00100575, 0.0213451, -0.0049073, -0.000561253, 0.0216977, -0.00458276, -0.00209222, 0.0220945, -0.00381984, -0.00344665, 0.0225153, -0.00267496, -0.00448881, 0.0229063, -0.00123843, -0.00508642, 0.0231839, 0.000341079, -0.00512027, 0.0232577, 0.00182867, -0.00452515, 0.0230877, 0.00297307, -0.00341436, 0.022718, 0.00362855, -0.00199784, 0.0222341, 0.00374973, -0.000472947, 0.0217108, 0.00335106, 0.000991061, 0.0211953, 0.00248653, 0.00224227, 0.0207084, 0.00124692, 0.00314079, 0.0202516, -0.000234953, 0.00356385, 0.0198166, -0.0017769, 0.00342457, 0.0193945, -0.00315595, 0.00271135, 0.0189878, -0.00415861, 0.00151983, 0.0186097, -0.00463589, 2.94893e-05, 0.018273, -0.00452565, -0.00154148, 0.0179831, -0.00385075, -0.00297527, 0.017736, -0.00270634, -0.00408295, 0.017521, -0.00124258, -0.00472451, 0.0173241, 0.000355857, -0.00482208, 0.0171312, 0.00189241, -0.00436617, 0.0169305, 0.00318185, -0.00341463, 0.016713, 0.00407168, -0.00208382, 0.0164731, 0.00445824, -0.000533264, 0.0162088, 0.00429646, 0.00105281, 0.015921, 0.00360561, 0.00248514, 0.015611, 0.00246907, 0.00359127, 0.0152797, 0.00102476, 0.00423558, 0.0149284, -0.000549174, 0.00433455, 0.0145564, -0.00205166, 0.00387158, 0.0141556, -0.00328356, 0.00290633, 0.0137132, -0.00407356, 0.00156839, 0.0132239, -0.00430039, 4.55359e-05, 0.0126836, -0.0039237, -0.00142965, 0.0120728, -0.0030087, -0.0026128, 0.0113722, -0.00172245, -0.0032946, 0.0105918, -0.000309069, -0.00335389, 0.00973264, 0.00094624, -0.00280942, 0.00872893, 0.00175016, -0.00183119, 0.00756316, 0.00192625, -0.000726192, 0.006273, 0.0015655, 0.000177649, 0.00485025, 0.000943144, 0.000625605, 0.0033528, 0.000358448, 0.000456157, 0.001867, 4.33406e-06, -7.36162e-05, 0.000250889, 3.22187e-05, -0.000115247, 
0.0325109, 0.00221219, 0.0015036, 0.031297, 0.00105956, 0.0014567, 0.0300715, -7.97052e-05, 0.00138833, 0.0288493, -0.00120561, 0.0011812, 0.0276598, -0.00228339, 0.000703877, 0.0265634, -0.0032042, -0.000164586, 0.0256253, -0.0037301, -0.00144827, 0.0248884, -0.00353041, -0.0029387, 0.0244066, -0.00246357, -0.00423642, 0.0242026, -0.00106222, -0.00485527, 0.0240804, 0.000441401, -0.00490304, 0.023894, 0.00188128, -0.00440904, 0.0235624, 0.00307774, -0.00347117, 0.0230947, 0.00391936, -0.00222393, 0.0225589, 0.00433665, -0.000786269, 0.0220342, 0.00428293, 0.000722422, 0.0215886, 0.00374126, 0.00216299, 0.02127, 0.00274358, 0.0033776, 0.0211016, 0.00138402, 0.00421219, 0.0210818, -0.000184441, 0.00454752, 0.0211879, -0.0017693, 0.00432559, 0.0213834, -0.00316956, 0.00356862, 0.0216338, -0.00422033, 0.00238322, 0.0219221, -0.00482515, 0.000926042, 0.0222512, -0.0049525, -0.000638706, 0.0226309, -0.00461327, -0.00215998, 0.0230624, -0.0038432, -0.00349962, 0.0235227, -0.00269874, -0.00452545, 0.0239501, -0.00126666, -0.00510861, 0.0242503, 0.000308917, -0.00513174, 0.0243267, 0.00179282, -0.0045278, 0.0241449, 0.00293137, -0.00341288, 0.0237571, 0.00357909, -0.00199762, 0.0232541, 0.00369217, -0.000478309, 0.022713, 0.00328701, 0.000977428, 0.022182, 0.00241908, 0.00221978, 0.0216819, 0.00117949, 0.00311106, 0.0212134, -0.000299871, 0.00353014, 0.0207674, -0.00183859, 0.00338993, 0.0203342, -0.00321379, 0.00267594, 0.0199159, -0.0042101, 0.00148314, 0.0195266, -0.00467832, -7.1961e-06, 0.0191801, -0.00455799, -0.0015753, 0.0188822, -0.00387417, -0.00300322, 0.0186288, -0.0027235, -0.00410296, 0.0184087, -0.00125668, -0.00473574, 0.0182074, 0.000341705, -0.00482492, 0.0180105, 0.00187567, -0.00436208, 0.0178058, 0.00316078, -0.00340554, 0.0175846, 0.00404528, -0.00207181, 0.0173411, 0.00442652, -0.00052049, 0.0170731, 0.00426077, 0.00106456, 0.0167815, 0.00356771, 0.00249504, 0.0164684, 0.00243033, 0.00359944, 0.0161355, 0.000986456, 0.0042439, 0.0157836, -0.000587054, 0.00434728, 0.0154123, -0.00209225, 0.0038926, 0.0150174, -0.0033332, 0.00293653, 0.0145884, -0.00414308, 0.00160613, 0.0141161, -0.00440441, 8.34362e-05, 0.0135982, -0.00407096, -0.00141008, 0.0130273, -0.00319412, -0.00264106, 0.0123856, -0.0019249, -0.00340747, 0.0116671, -0.000487769, -0.00357689, 0.0108852, 0.000853031, -0.00312827, 0.010011, 0.00183044, -0.00218435, 0.00898537, 0.00223319, -0.0010024, 0.00781957, 0.00202603, 9.74077e-05, 0.00653503, 0.00139063, 0.000844707, 0.00511261, 0.000646359, 0.00103366, 0.00364762, 0.00012728, 0.000588641, 0.00213023, -3.36518e-05, 5.39034e-05, 0.000523427, 5.12051e-05, -0.000107208, 
0.0332295, 0.00221847, 0.00163418, 0.032051, 0.00103062, 0.00156782, 0.0308596, -0.000142851, 0.00147846, 0.02967, -0.00129792, 0.00124429, 0.0285142, -0.0023956, 0.000730741, 0.0274594, -0.00332157, -0.00018258, 0.0265779, -0.00383353, -0.00151122, 0.0259105, -0.0036052, -0.00302999, 0.0254972, -0.00250793, -0.00432597, 0.0253353, -0.00109043, -0.00492, 0.0252293, 0.000415112, -0.00493436, 0.0250355, 0.00184343, -0.00441055, 0.0246817, 0.00302054, -0.00345644, 0.0241854, 0.00384234, -0.00220702, 0.0236187, 0.00424372, -0.000776713, 0.0230626, 0.00417937, 0.000720281, 0.0225868, 0.00363145, 0.00214879, 0.0222411, 0.00263, 0.00335285, 0.0220509, 0.00126777, 0.00417834, 0.022016, -0.000302262, 0.00450496, 0.0221145, -0.00188627, 0.00427366, 0.0223101, -0.00328051, 0.0035057, 0.0225673, -0.00431778, 0.00230991, 0.0228689, -0.00490328, 0.000847534, 0.0232187, -0.0050107, -0.000714209, 0.0236277, -0.00465651, -0.00222442, 0.0240969, -0.00387991, -0.00354756, 0.0245993, -0.00273701, -0.00455521, 0.0250653, -0.00131033, -0.00512179, 0.0253886, 0.000260788, -0.0051317, 0.0254664, 0.00174073, -0.00451829, 0.0252703, 0.00287375, -0.00340014, 0.0248622, 0.00351441, -0.00198737, 0.0243384, 0.00361985, -0.000474575, 0.0237785, 0.00320815, 0.000972198, 0.0232317, 0.00233636, 0.00220495, 0.0227184, 0.0010963, 0.00308807, 0.0222384, -0.000380716, 0.00350223, 0.021781, -0.00191596, 0.00336059, 0.0213358, -0.00328688, 0.00264575, 0.0209044, -0.00427612, 0.00145174, 0.0205019, -0.00473426, -3.8244e-05, 0.0201437, -0.00460284, -0.00160281, 0.0198361, -0.00390939, -0.00302401, 0.0195749, -0.00275213, -0.00411498, 0.0193485, -0.00128223, -0.00473833, 0.0191421, 0.000315964, -0.00481859, 0.0189406, 0.00184706, -0.00434825, 0.0187318, 0.0031274, -0.00338623, 0.0185064, 0.0040059, -0.00204923, 0.0182589, 0.00438062, -0.000496968, 0.0179869, 0.00420906, 0.00108678, 0.0176909, 0.00351189, 0.00251438, 0.0173735, 0.00237211, 0.00361507, 0.0170374, 0.000927414, 0.00425597, 0.0166834, -0.000645714, 0.00435813, 0.0163109, -0.00215135, 0.00390593, 0.0159171, -0.00339593, 0.00295412, 0.0154948, -0.00421512, 0.00162728, 0.0150342, -0.00449598, 0.000104496, 0.0145303, -0.00419216, -0.00140011, 0.0139816, -0.00334468, -0.00266137, 0.0133789, -0.0020911, -0.00348319, 0.0127098, -0.000642181, -0.00373452, 0.0119789, 0.000752706, -0.00337333, 0.0111861, 0.00184152, -0.00248078, 0.0102834, 0.00241557, -0.00126976, 0.00923767, 0.00237713, -3.82544e-05, 0.00807264, 0.0018055, 0.000925168, 0.00678843, 0.000953408, 0.00141268, 0.00536796, 0.000195428, 0.0012665, 0.00391764, -0.000163318, 0.000648272, 0.00238116, -0.000161793, 0.000144072, 0.000798569, 6.92213e-05, -9.59806e-05, 
