0.0133807, 0, 0.00669036, 0, 
0.0456342, 0.0129472, 0.0395886, 0.0101769, 0.0340326, 0.00652232, 0.0277778, 0.00427627, 0.0215018, 0.00208948, 0.0149151, 0.00120668, 0.00832314, 0.000514164, 0.00167571, 0, 
0.0808576, 0.0130014, 0.0744809, 0.0149583, 0.0678495, 0.0157698, 0.0617437, 0.0130183, 0.0555336, 0.0104989, 0.0493075, 0.00803995, 0.0428843, 0.00628769, 0.0364536, 0.00428189, 0.0298481, 0.00314788, 0.0231888, 0.00221024, 0.0165087, 0.00141362, 0.00989258, 0.000938602, 0.00335145, 0, 
0.11594, 0.0186206, 0.109701, 0.0161404, 0.103114, 0.0156023, 0.0965279, 0.0148743, 0.0899477, 0.0137147, 0.0833518, 0.0140378, 0.0767109, 0.0143154, 0.070189, 0.0129882, 0.063555, 0.012338, 0.0568635, 0.0125972, 0.050268, 0.0116237, 0.0439025, 0.00970775, 0.0376293, 0.00763628, 0.0311527, 0.00619654, 0.024866, 0.00386326, 0.0183671, 0.00219752, 0.0116767, 0.00140504, 0.0050273, 0, 
0.15015, 0.0270281, 0.143861, 0.0247659, 0.137229, 0.0235702, 0.130567, 0.02256, 0.124146, 0.0207653, 0.117875, 0.0183428, 0.111923, 0.0151368, 0.105388, 0.0136034, 0.0988734, 0.0119733, 0.0923012, 0.0109754, 0.0859979, 0.00885318, 0.079504, 0.00730733, 0.072831, 0.00687391, 0.066143, 0.00621419, 0.0596462, 0.00482441, 0.0530297, 0.0053132, 0.0464095, 0.00578274, 0.0397252, 0.00557313, 0.0329598, 0.0053895, 0.0263999, 0.00414311, 0.0199126, 0.00234474, 0.0133758, 0.000870446, 0.00670244, 0, 
0.186625, 0.0242982, 0.180009, 0.0238029, 0.173434, 0.022366, 0.166769, 0.0213318, 0.160144, 0.0201354, 0.153598, 0.018426, 0.146892, 0.0176231, 0.140218, 0.0176714, 0.133538, 0.017109, 0.126869, 0.0165381, 0.120231, 0.0167115, 0.113559, 0.0167579, 0.106962, 0.0154138, 0.100373, 0.0140298, 0.0937245, 0.0131987, 0.0870629, 0.0125495, 0.0804573, 0.0117722, 0.0740358, 0.00994304, 0.0675446, 0.00858572, 0.0609903, 0.00768726, 0.0543926, 0.00649745, 0.0478075, 0.00533113, 0.0411766, 0.00462275, 0.0346418, 0.00356906, 0.0280246, 0.00330085, 0.0214723, 0.0023885, 0.0149043, 0.00117569, 0.00829565, 0.000245651, 0.00167469, 0, 
0.222082, 0.0231662, 0.215571, 0.0216455, 0.208877, 0.0217687, 0.202139, 0.0223246, 0.195448, 0.0217233, 0.188818, 0.0208965, 0.182222, 0.0198193, 0.175554, 0.0196197, 0.168885, 0.0193582, 0.162184, 0.0194983, 0.155455, 0.0193604, 0.148707, 0.0196374, 0.141975, 0.0189081, 0.135368, 0.0177616, 0.128728, 0.016676, 0.122022, 0.0165428, 0.115405, 0.0164069, 0.108763, 0.0155148, 0.10215, 0.0147922, 0.0954818, 0.0144134, 0.0888884, 0.012877, 0.0823751, 0.0109637, 0.0757181, 0.0105092, 0.0691886, 0.00916571, 0.0627653, 0.00769478, 0.0562901, 0.00660201, 0.0497687, 0.00559408, 0.0431821, 0.00506711, 0.0365177, 0.00494788, 0.0298428, 0.0048976, 0.0231612, 0.00400349, 0.0165179, 0.00279591, 0.00999788, 0.000975284, 0.00335052, 0, 
0.256955, 0.026783, 0.250316, 0.0255592, 0.243668, 0.0245449, 0.237054, 0.023462, 0.230369, 0.0228528, 0.223754, 0.0231214, 0.217207, 0.0219666, 0.210652, 0.0210274, 0.204032, 0.0213631, 0.197394, 0.0205749, 0.190752, 0.0194542, 0.184049, 0.0185343, 0.177388, 0.0177065, 0.170745, 0.017463, 0.164107, 0.0172575, 0.157434, 0.0170262, 0.150741, 0.0168374, 0.143984, 0.0167503, 0.137267, 0.0161933, 0.130568, 0.0166282, 0.123927, 0.0161426, 0.117289, 0.0152289, 0.110936, 0.0132263, 0.104274, 0.0122351, 0.0976296, 0.0112202, 0.091096, 0.0099514, 0.0844757, 0.00910732, 0.0779263, 0.00775965, 0.0713371, 0.00671772, 0.0647165, 0.00565097, 0.0580826, 0.00477435, 0.0515728, 0.00338621, 0.0448844, 0.0031271, 0.038205, 0.00296303, 0.0314689, 0.00308375, 0.0247732, 0.00343793, 0.0181058, 0.0027359, 0.0115982, 0.00123748, 0.00502753, 0, 
0.291511, 0.0297614, 0.284926, 0.028555, 0.278542, 0.0265677, 0.271927, 0.0255599, 0.265262, 0.0248963, 0.25865, 0.023868, 0.252002, 0.0232114, 0.245327, 0.0225373, 0.238727, 0.0214356, 0.232087, 0.020794, 0.225431, 0.0204257, 0.218768, 0.0206115, 0.212148, 0.0195404, 0.20556, 0.0190195, 0.199039, 0.017621, 0.192471, 0.0167179, 0.185845, 0.0159763, 0.179217, 0.0151751, 0.172627, 0.0141587, 0.166012, 0.0134286, 0.159316, 0.0128949, 0.152629, 0.0129081, 0.14595, 0.0120529, 0.139249, 0.0112962, 0.132569, 0.0114412, 0.125883, 0.0113336, 0.119266, 0.0107955, 0.112605, 0.0109884, 0.105903, 0.0105455, 0.0992383, 0.00981616, 0.0925848, 0.00932458, 0.0858827, 0.00907317, 0.0791998, 0.008386, 0.0725046, 0.00823271, 0.0658186, 0.00840859, 0.0591791, 0.00812661, 0.052543, 0.00737748, 0.045931, 0.00631942, 0.0393363, 0.00529978, 0.0328291, 0.00375646, 0.0263116, 0.00248119, 0.0196732, 0.00296103, 0.0131382, 0.0017551, 0.00670313, 0, 
0.327373, 0.0281203, 0.320738, 0.0272424, 0.314099, 0.0272106, 0.30749, 0.0268106, 0.300904, 0.0262062, 0.294267, 0.0253505, 0.28766, 0.0246507, 0.281096, 0.0234102, 0.274443, 0.0223912, 0.267782, 0.0212831, 0.261071, 0.0203221, 0.254341, 0.0195979, 0.247596, 0.0192332, 0.240937, 0.0182521, 0.234257, 0.0179603, 0.227598, 0.0179816, 0.22091, 0.0172171, 0.21422, 0.0169057, 0.207493, 0.0167898, 0.200785, 0.0161428, 0.194055, 0.0163918, 0.187372, 0.0161472, 0.18072, 0.0156007, 0.174198, 0.0142324, 0.167699, 0.0130601, 0.161188, 0.0116651, 0.154613, 0.0112475, 0.147991, 0.0114344, 0.141299, 0.0112335, 0.134547, 0.0107998, 0.127844, 0.0102321, 0.121158, 0.00970776, 0.114557, 0.00873875, 0.107994, 0.00758915, 0.101341, 0.00744554, 0.0947017, 0.00763101, 0.0880175, 0.00734747, 0.0813395, 0.00716116, 0.0746089, 0.00693924, 0.0679853, 0.00571359, 0.0613376, 0.00498243, 0.0547295, 0.00396318, 0.0481412, 0.00302204, 0.0415494, 0.00211589, 0.0349462, 0.00117329, 0.0282699, 0.00111912, 0.0215961, 0.0014945, 0.0149832, 0.000860063, 0.00838283, 0.000178476, 0.00167418, 0, 
0.362544, 0.0272271, 0.3559, 0.026451, 0.34923, 0.0256651, 0.342607, 0.0247236, 0.335986, 0.0237533, 0.329312, 0.0234898, 0.322593, 0.0234035, 0.315895, 0.0232533, 0.309245, 0.0233668, 0.302571, 0.0229542, 0.295891, 0.022681, 0.289215, 0.0224298, 0.282537, 0.0222111, 0.275846, 0.0218615, 0.269147, 0.0219875, 0.262503, 0.0215428, 0.255935, 0.0204885, 0.249425, 0.0189703, 0.242829, 0.0179972, 0.236189, 0.0171621, 0.229576, 0.0164609, 0.222942, 0.0161176, 0.216316, 0.0148465, 0.209809, 0.0133893, 0.203152, 0.012842, 0.196477, 0.0121213, 0.189866, 0.0117402, 0.18321, 0.0117241, 0.176612, 0.0110498, 0.170033, 0.0103013, 0.163357, 0.0097793, 0.15671, 0.00912617, 0.14998, 0.00910953, 0.143252, 0.00872416, 0.136536, 0.0088517, 0.129855, 0.00885227, 0.123209, 0.00824186, 0.116568, 0.00793189, 0.109901, 0.0078626, 0.103252, 0.00765104, 0.0965894, 0.00770154, 0.0899765, 0.00645886, 0.0833071, 0.00555225, 0.0766271, 0.00527946, 0.0699481, 0.00503594, 0.0633348, 0.00426628, 0.0567937, 0.00304428, 0.0501647, 0.00221604, 0.0434822, 0.00201542, 0.0367975, 0.00172287, 0.0301333, 0.00159329, 0.0234493, 0.00133527, 0.016746, 0.000844111, 0.0100387, 0.000300351, 0.00335033, 0, 
0.39768, 0.0295406, 0.391034, 0.0286574, 0.384485, 0.0272288, 0.377927, 0.0258586, 0.371401, 0.0243505, 0.364767, 0.023454, 0.358141, 0.0225604, 0.351494, 0.021828, 0.344819, 0.0212997, 0.338109, 0.0210702, 0.331391, 0.0209109, 0.32478, 0.0202629, 0.318149, 0.020006, 0.311465, 0.0200935, 0.304851, 0.019395, 0.298184, 0.0195503, 0.291533, 0.0202618, 0.284866, 0.019905, 0.278238, 0.0189546, 0.271655, 0.0180388, 0.265048, 0.0172717, 0.258406, 0.0172182, 0.251762, 0.0168948, 0.245064, 0.0163434, 0.238392, 0.0153122, 0.231768, 0.0144562, 0.225119, 0.0140406, 0.218431, 0.0140653, 0.21179, 0.0134527, 0.205177, 0.0127811, 0.198519, 0.0123233, 0.191818, 0.0118974, 0.185169, 0.0111274, 0.178434, 0.010757, 0.171744, 0.0108587, 0.165069, 0.0101253, 0.158445, 0.00928751, 0.151851, 0.00836805, 0.1452, 0.00784898, 0.13851, 0.00785531, 0.131833, 0.00806844, 0.125121, 0.00783177, 0.11845, 0.00724052, 0.111809, 0.00642314, 0.105175, 0.00549045, 0.0985379, 0.00442741, 0.0918376, 0.00360719, 0.0851197, 0.003703, 0.0784586, 0.00326854, 0.0717918, 0.00308692, 0.0650898, 0.00321963, 0.0584163, 0.00279649, 0.0517167, 0.00298674, 0.0450287, 0.00307778, 0.0383454, 0.00264023, 0.0316689, 0.00224767, 0.0249785, 0.00196982, 0.0182894, 0.00138356, 0.0116419, 0.000995957, 0.00502814, 0, 
0.43309, 0.0249959, 0.42638, 0.0253272, 0.419678, 0.025126, 0.412959, 0.0251902, 0.406246, 0.0248131, 0.399615, 0.0241875, 0.392971, 0.0239384, 0.386296, 0.0236381, 0.379645, 0.0232446, 0.372994, 0.0230377, 0.366313, 0.0225831, 0.359727, 0.0212762, 0.35314, 0.0200005, 0.346451, 0.0193872, 0.339761, 0.0188973, 0.333104, 0.0184831, 0.32645, 0.0189969, 0.319777, 0.0187249, 0.313124, 0.0182221, 0.306476, 0.0172903, 0.299817, 0.0164481, 0.293109, 0.0166744, 0.286428, 0.0164829, 0.279748, 0.0165707, 0.273055, 0.0160433, 0.266441, 0.0150255, 0.259749, 0.0145214, 0.253056, 0.0141389, 0.246419, 0.0135057, 0.23981, 0.0128893, 0.233222, 0.012243, 0.226576, 0.0117303, 0.219903, 0.0115865, 0.21329, 0.0121323, 0.206607, 0.012283, 0.199908, 0.0124305, 0.193194, 0.0123328, 0.186504, 0.0117885, 0.179839, 0.011083, 0.173152, 0.0108289, 0.16649, 0.0100562, 0.159857, 0.00916705, 0.153259, 0.0077864, 0.146628, 0.00674588, 0.139944, 0.00658564, 0.133288, 0.00637389, 0.126612, 0.00604411, 0.119935, 0.00585748, 0.113336, 0.0049102, 0.106658, 0.0040778, 0.100006, 0.00321315, 0.093376, 0.00240031, 0.08671, 0.0023293, 0.0800671, 0.00253982, 0.0734377, 0.00323121, 0.0667588, 0.00351581, 0.0600923, 0.00328976, 0.0533782, 0.00328937, 0.0467184, 0.00288912, 0.0400243, 0.00229025, 0.0333471, 0.00204849, 0.0266731, 0.00192049, 0.0199729, 0.00172063, 0.0133176, 0.00103323, 0.00670251, 0, 
0.468881, 0.0246354, 0.462187, 0.0242056, 0.455483, 0.0243077, 0.448783, 0.0243056, 0.442066, 0.0241339, 0.435415, 0.0236971, 0.428748, 0.02334, 0.422051, 0.0232144, 0.415388, 0.0225906, 0.40872, 0.021939, 0.402089, 0.0210409, 0.395398, 0.020357, 0.388701, 0.0199547, 0.382007, 0.0202115, 0.375288, 0.0203018, 0.368603, 0.020169, 0.361947, 0.0197955, 0.355294, 0.0190495, 0.348682, 0.0183034, 0.341998, 0.0179701, 0.33535, 0.0174787, 0.328665, 0.0168012, 0.322016, 0.0162211, 0.315381, 0.0159581, 0.308704, 0.0159956, 0.302051, 0.0165809, 0.295384, 0.0161393, 0.28872, 0.0156161, 0.282012, 0.0148295, 0.275348, 0.0139894, 0.26873, 0.0129401, 0.262115, 0.0118051, 0.255504, 0.0110184, 0.248833, 0.010839, 0.242152, 0.0104377, 0.235503, 0.0104946, 0.228857, 0.0108436, 0.2222, 0.0106062, 0.215489, 0.00989545, 0.20881, 0.00947389, 0.202115, 0.00887645, 0.195421, 0.00880471, 0.188718, 0.00898598, 0.182036, 0.0093927, 0.175358, 0.00941596, 0.168657, 0.00916328, 0.161984, 0.00912633, 0.155271, 0.00882331, 0.148558, 0.00911982, 0.141867, 0.00852112, 0.135191, 0.00773131, 0.12851, 0.00724755, 0.121831, 0.00677951, 0.115109, 0.00647215, 0.108442, 0.00573877, 0.101714, 0.00514131, 0.0950491, 0.00462609, 0.0884013, 0.00412285, 0.0817054, 0.00402077, 0.075038, 0.00375669, 0.0683934, 0.00341445, 0.0617233, 0.00294348, 0.0550526, 0.00247488, 0.0483456, 0.0021822, 0.0416705, 0.00184775, 0.0349745, 0.00137595, 0.0283109, 0.00106717, 0.021663, 0.00104162, 0.0150094, 0.000734122, 0.00833016, 0.000405365, 0.00167496, 0, 
0.503886, 0.0237911, 0.497239, 0.0237165, 0.490569, 0.0233644, 0.483899, 0.0230358, 0.477253, 0.0236803, 0.470567, 0.0233124, 0.463875, 0.0227284, 0.457174, 0.0224304, 0.450485, 0.0221784, 0.443816, 0.0221087, 0.437125, 0.0219353, 0.430468, 0.0214659, 0.42385, 0.0206548, 0.417198, 0.0199504, 0.410554, 0.0192806, 0.403902, 0.0187193, 0.397246, 0.0179139, 0.390558, 0.0172841, 0.383868, 0.0169733, 0.377181, 0.0165943, 0.370494, 0.0164569, 0.363808, 0.0161395, 0.357115, 0.0158317, 0.350423, 0.0158722, 0.34373, 0.0160663, 0.337041, 0.0157403, 0.330366, 0.0157409, 0.323685, 0.0158252, 0.317043, 0.0156986, 0.310368, 0.0150912, 0.303788, 0.014102, 0.297139, 0.0136625, 0.290449, 0.0135991, 0.283747, 0.0133929, 0.277027, 0.0132082, 0.270371, 0.0125926, 0.263691, 0.0122432, 0.257058, 0.0115726, 0.250424, 0.0107891, 0.243797, 0.0098616, 0.237149, 0.00947591, 0.230469, 0.00915042, 0.223792, 0.0088266, 0.217123, 0.00884401, 0.210436, 0.00919373, 0.203745, 0.00953517, 0.197017, 0.00979939, 0.190356, 0.0098768, 0.183649, 0.00974274, 0.17694, 0.00923217, 0.170266, 0.00840424, 0.163551, 0.00785387, 0.156816, 0.00723691, 0.15008, 0.00717967, 0.143353, 0.00718106, 0.136643, 0.00733358, 0.129935, 0.00742406, 0.123271, 0.00707963, 0.11661, 0.00651535, 0.109934, 0.00655347, 0.103252, 0.00673719, 0.0965727, 0.00667525, 0.0899213, 0.00615275, 0.0832828, 0.00529253, 0.0766002, 0.0052893, 0.0699072, 0.00539428, 0.0632478, 0.00512136, 0.0565761, 0.00481253, 0.0499582, 0.00436253, 0.043275, 0.00395258, 0.0365569, 0.00376409, 0.029854, 0.00353164, 0.0231785, 0.00278904, 0.0165155, 0.00200726, 0.00986598, 0.00142856, 0.0033501, 0, 
0.539319, 0.0218232, 0.532652, 0.0222072, 0.526009, 0.0230311, 0.519354, 0.0237716, 0.512677, 0.0237707, 0.506061, 0.0233535, 0.499408, 0.0226701, 0.492753, 0.0221913, 0.486085, 0.021588, 0.479434, 0.0205617, 0.472773, 0.019872, 0.466094, 0.0194053, 0.459428, 0.0190173, 0.452761, 0.0187937, 0.446105, 0.0185905, 0.439447, 0.018451, 0.432748, 0.0183894, 0.426057, 0.0179286, 0.419363, 0.0173374, 0.412676, 0.0166044, 0.406, 0.0161595, 0.3993, 0.0160757, 0.392642, 0.0161422, 0.385941, 0.0160241, 0.379287, 0.0158799, 0.372588, 0.0156572, 0.365902, 0.0156166, 0.359208, 0.0153522, 0.352485, 0.0153573, 0.345769, 0.015021, 0.339072, 0.0146975, 0.33237, 0.0143558, 0.325702, 0.0136463, 0.319063, 0.0131044, 0.312399, 0.0129705, 0.305727, 0.0125321, 0.299087, 0.0121882, 0.292402, 0.0123966, 0.285745, 0.0120671, 0.279053, 0.0115414, 0.272321, 0.0113707, 0.265598, 0.0114278, 0.2589, 0.0115911, 0.252215, 0.0114669, 0.245531, 0.0114058, 0.238907, 0.0109022, 0.232199, 0.010988, 0.225515, 0.010582, 0.218816, 0.0106258, 0.212136, 0.0109105, 0.205425, 0.0106439, 0.198733, 0.0101432, 0.192069, 0.00960063, 0.18538, 0.00980562, 0.178678, 0.0097311, 0.171997, 0.00955721, 0.16533, 0.00885429, 0.15871, 0.00801402, 0.152049, 0.00749736, 0.145403, 0.00687991, 0.138749, 0.00637451, 0.132044, 0.00628047, 0.125355, 0.0062805, 0.118696, 0.00583158, 0.112026, 0.00539637, 0.105371, 0.00482425, 0.0987547, 0.00406243, 0.092108, 0.0034322, 0.0854294, 0.00314982, 0.0787465, 0.00312409, 0.0720484, 0.00297418, 0.0653437, 0.00260671, 0.0586532, 0.00230512, 0.0519369, 0.00225306, 0.0452044, 0.00203107, 0.0384789, 0.00181464, 0.0318077, 0.0012657, 0.0251631, 0.000513282, 0.0184566, 0.000232634, 0.0117308, -2.98041e-05, 0.00502759, 0, 
0.57449, 0.0223682, 0.567837, 0.0223932, 0.561146, 0.0226006, 0.554494, 0.0220108, 0.547841, 0.0217124, 0.541158, 0.0215678, 0.534492, 0.0214808, 0.527823, 0.0210848, 0.521139, 0.0205325, 0.514457, 0.0198651, 0.507783, 0.019227, 0.501094, 0.0189331, 0.494404, 0.0188042, 0.487715, 0.0187608, 0.481025, 0.0182208, 0.474359, 0.0181806, 0.467685, 0.0179958, 0.460981, 0.017746, 0.454293, 0.0174295, 0.447567, 0.0170704, 0.440859, 0.0166958, 0.434165, 0.01631, 0.427468, 0.0159926, 0.420775, 0.0159004, 0.414107, 0.0158248, 0.407414, 0.0156921, 0.400705, 0.01545, 0.394021, 0.0151449, 0.387324, 0.0148662, 0.38064, 0.014597, 0.373933, 0.0143388, 0.36727, 0.0139272, 0.360598, 0.0140189, 0.35392, 0.0141861, 0.347264, 0.0139571, 0.340644, 0.0136783, 0.333994, 0.0134167, 0.327322, 0.0133225, 0.320632, 0.0136921, 0.31392, 0.014014, 0.307201, 0.0139929, 0.300524, 0.0135509, 0.293844, 0.0131939, 0.28714, 0.0131884, 0.280434, 0.0128912, 0.273765, 0.012506, 0.267063, 0.0123975, 0.260384, 0.0119745, 0.253703, 0.0115506, 0.247025, 0.0111192, 0.240355, 0.0106999, 0.233793, 0.0096118, 0.227199, 0.00869613, 0.220572, 0.00793293, 0.213898, 0.00759904, 0.207223, 0.00715956, 0.200541, 0.00668501, 0.193822, 0.00639554, 0.187122, 0.00673848, 0.180386, 0.0069239, 0.173688, 0.00692005, 0.166999, 0.00676181, 0.160323, 0.00656108, 0.153677, 0.00592665, 0.147012, 0.00543946, 0.140327, 0.00555247, 0.133627, 0.00523259, 0.126925, 0.00519808, 0.120226, 0.00546196, 0.11352, 0.00554469, 0.106841, 0.00501292, 0.100131, 0.00463376, 0.093468, 0.0040602, 0.0867559, 0.00354167, 0.0800755, 0.00274961, 0.0734042, 0.00232476, 0.0667353, 0.00235258, 0.0600757, 0.00232705, 0.053441, 0.00200536, 0.0467964, 0.00182405, 0.0401161, 0.00194986, 0.0334326, 0.00172455, 0.0267765, 0.00135307, 0.0200779, 0.00100178, 0.0133969, 0.000405089, 0.00670206, 0, 
0.609772, 0.0224031, 0.603085, 0.0221078, 0.596413, 0.021525, 0.58973, 0.0208715, 0.583037, 0.0206631, 0.576361, 0.0202798, 0.56968, 0.0198467, 0.562997, 0.0190637, 0.556308, 0.0186841, 0.549616, 0.0189043, 0.542945, 0.0190165, 0.536247, 0.018911, 0.52956, 0.0185669, 0.522872, 0.0181377, 0.516166, 0.017847, 0.509475, 0.0171992, 0.502757, 0.016955, 0.496063, 0.0171625, 0.48937, 0.0171834, 0.482678, 0.0170032, 0.475987, 0.0166855, 0.469287, 0.0169597, 0.462608, 0.0175016, 0.455921, 0.0175514, 0.449236, 0.0175316, 0.442539, 0.0172536, 0.435855, 0.0167305, 0.42917, 0.0166408, 0.422476, 0.0167631, 0.415796, 0.0164895, 0.409164, 0.0157269, 0.402522, 0.0149658, 0.395842, 0.0148628, 0.389169, 0.0146876, 0.382488, 0.0143641, 0.375793, 0.0138375, 0.369088, 0.0138024, 0.362399, 0.0135947, 0.355733, 0.0133508, 0.349072, 0.0130501, 0.342407, 0.0126282, 0.335757, 0.0121285, 0.329076, 0.011667, 0.322436, 0.0110362, 0.315797, 0.0107105, 0.309122, 0.0105349, 0.302455, 0.0104959, 0.295785, 0.0100213, 0.289072, 0.0101425, 0.28237, 0.0104621, 0.275675, 0.0104237, 0.268976, 0.00988294, 0.262291, 0.00959227, 0.25562, 0.00936528, 0.24891, 0.00901366, 0.242205, 0.00883754, 0.235521, 0.00854151, 0.22882, 0.00833207, 0.222178, 0.00825505, 0.215498, 0.00807472, 0.208819, 0.00806197, 0.202105, 0.00759909, 0.195396, 0.00740112, 0.188689, 0.00735198, 0.181997, 0.0075713, 0.175315, 0.00725635, 0.168671, 0.00639151, 0.162027, 0.00589119, 0.155331, 0.00554053, 0.148646, 0.00522528, 0.141951, 0.00490864, 0.135246, 0.00447645, 0.128551, 0.00398535, 0.12187, 0.00355298, 0.115181, 0.00341251, 0.10855, 0.00376725, 0.101873, 0.00336062, 0.0952056, 0.00276368, 0.0885199, 0.00270961, 0.0818132, 0.00277137, 0.0750745, 0.0027051, 0.0683745, 0.00247646, 0.0616599, 0.00255126, 0.0549923, 0.00258456, 0.0483254, 0.00261702, 0.0416577, 0.0025342, 0.0350076, 0.00198023, 0.0283383, 0.00192236, 0.0216464, 0.00197887, 0.0149903, 0.00142831, 0.00834951, 0.000538747, 0.00167533, 0, 
0.645117, 0.0184424, 0.638433, 0.0187057, 0.631758, 0.0188062, 0.62511, 0.0187332, 0.618433, 0.0187321, 0.611737, 0.0188101, 0.60504, 0.0188533, 0.598361, 0.019223, 0.591674, 0.0194986, 0.58502, 0.0199719, 0.578339, 0.0203211, 0.571656, 0.0203841, 0.564974, 0.0202556, 0.558279, 0.0198553, 0.551592, 0.01962, 0.544943, 0.0189256, 0.538244, 0.018356, 0.531582, 0.0178021, 0.524906, 0.0175862, 0.518206, 0.0174094, 0.51153, 0.0170393, 0.504861, 0.0167788, 0.498165, 0.0169388, 0.491455, 0.016729, 0.484757, 0.0165071, 0.478091, 0.0159916, 0.47141, 0.0159186, 0.464722, 0.0155959, 0.45803, 0.0151652, 0.451363, 0.0150155, 0.444661, 0.0147457, 0.437984, 0.0144637, 0.431272, 0.0141854, 0.424579, 0.0139574, 0.417907, 0.0139095, 0.411223, 0.0136544, 0.404518, 0.0131978, 0.397819, 0.0128936, 0.391145, 0.013003, 0.384443, 0.0129619, 0.377753, 0.0126623, 0.371083, 0.0121777, 0.364408, 0.0121048, 0.357756, 0.0120424, 0.351083, 0.0120323, 0.344426, 0.011904, 0.337773, 0.0115345, 0.331087, 0.011165, 0.324418, 0.010754, 0.317728, 0.0101534, 0.311023, 0.0098744, 0.304323, 0.00962752, 0.297604, 0.00935144, 0.2909, 0.00916486, 0.284213, 0.00873897, 0.277509, 0.00854814, 0.27084, 0.00852544, 0.264142, 0.0082917, 0.257451, 0.0081358, 0.250778, 0.00793117, 0.244105, 0.00768429, 0.237423, 0.00769331, 0.23076, 0.00758702, 0.224094, 0.00756738, 0.217422, 0.00769445, 0.210718, 0.00751096, 0.204034, 0.00737154, 0.197379, 0.00686258, 0.190677, 0.00657777, 0.183977, 0.00618547, 0.177271, 0.00588453, 0.170541, 0.00580348, 0.163839, 0.00558275, 0.157132, 0.00549264, 0.150419, 0.00525921, 0.143722, 0.00481972, 0.137014, 0.00439006, 0.130299, 0.00414881, 0.123585, 0.00385079, 0.116885, 0.00384938, 0.110217, 0.00373217, 0.103548, 0.00343703, 0.0968928, 0.00309555, 0.0902813, 0.00232648, 0.0836085, 0.00178462, 0.0769381, 0.00175305, 0.070251, 0.00169143, 0.0635764, 0.00123049, 0.056875, 0.000948607, 0.0501755, 0.00112895, 0.0434645, 0.00127601, 0.0367547, 0.00127152, 0.0300794, 0.00105409, 0.023399, 0.000868126, 0.016744, 0.000153437, 0.0100375, -4.08407e-05, 0.00335142, 0, 
0.680167, 0.0187354, 0.673479, 0.0188616, 0.6668, 0.0187979, 0.660125, 0.0190653, 0.653435, 0.0190765, 0.646704, 0.0189949, 0.63998, 0.018739, 0.633275, 0.0187652, 0.626564, 0.0185534, 0.619863, 0.0182438, 0.613196, 0.0184405, 0.606508, 0.0181931, 0.599856, 0.0176621, 0.593185, 0.0172166, 0.586507, 0.0169226, 0.579815, 0.0170898, 0.57311, 0.0174148, 0.566445, 0.0177725, 0.559765, 0.0177732, 0.553055, 0.017707, 0.546387, 0.0177411, 0.539719, 0.0176662, 0.533033, 0.017594, 0.526317, 0.0173478, 0.51964, 0.0170971, 0.512935, 0.0168129, 0.506259, 0.0165343, 0.499603, 0.0159346, 0.492936, 0.0157357, 0.486253, 0.0153368, 0.479619, 0.0146215, 0.472958, 0.014271, 0.466255, 0.0139965, 0.459594, 0.0136047, 0.452907, 0.0133729, 0.446231, 0.0131649, 0.439576, 0.0128436, 0.432888, 0.0125555, 0.42621, 0.012448, 0.419522, 0.0122766, 0.412831, 0.0121976, 0.406151, 0.0117228, 0.399462, 0.0113803, 0.392764, 0.0113246, 0.386075, 0.0111666, 0.379399, 0.0111132, 0.372696, 0.0107762, 0.365999, 0.0106318, 0.359278, 0.0106513, 0.352577, 0.0107397, 0.345879, 0.0109554, 0.339218, 0.0109379, 0.332578, 0.0107191, 0.325921, 0.0106798, 0.319273, 0.010166, 0.312607, 0.00974105, 0.305942, 0.00916067, 0.299269, 0.00877621, 0.292583, 0.00870972, 0.285928, 0.00832346, 0.279234, 0.00814692, 0.272558, 0.00758684, 0.26585, 0.00738482, 0.259131, 0.00736911, 0.252408, 0.00695576, 0.245695, 0.00668733, 0.238994, 0.00670999, 0.232315, 0.00643451, 0.22563, 0.00638424, 0.218931, 0.00618129, 0.212231, 0.00590284, 0.20555, 0.00559262, 0.198869, 0.00522701, 0.192166, 0.00489318, 0.185498, 0.0047024, 0.178842, 0.00474251, 0.17217, 0.00455393, 0.165494, 0.00476555, 0.158811, 0.00484166, 0.152108, 0.00470576, 0.145419, 0.00493476, 0.138714, 0.00475551, 0.132033, 0.00464699, 0.125352, 0.00435953, 0.118667, 0.00414873, 0.111992, 0.00391713, 0.105298, 0.00401414, 0.0985903, 0.00399442, 0.0919166, 0.00379353, 0.085201, 0.00364845, 0.078505, 0.00337152, 0.0718098, 0.00311871, 0.0651304, 0.00298295, 0.0584477, 0.00273946, 0.0517691, 0.00247987, 0.0450649, 0.00240591, 0.0384002, 0.00230605, 0.0317509, 0.00194124, 0.0251022, 0.00138067, 0.0183966, 0.00110712, 0.0117092, 0.000664665, 0.00502676, 0, 
0.71551, 0.0189367, 0.708815, 0.0189574, 0.702096, 0.0189319, 0.695413, 0.0186793, 0.688716, 0.018963, 0.682036, 0.0187388, 0.67535, 0.0184348, 0.668681, 0.0181045, 0.661997, 0.0180284, 0.655311, 0.0180644, 0.648616, 0.0179092, 0.641925, 0.0176365, 0.635203, 0.0176549, 0.628526, 0.0175664, 0.621854, 0.0173459, 0.615183, 0.0169718, 0.608505, 0.0166221, 0.601826, 0.0163752, 0.595125, 0.0161294, 0.58844, 0.0158124, 0.581773, 0.0153149, 0.575086, 0.0153035, 0.56837, 0.015151, 0.561653, 0.0148792, 0.554939, 0.0148837, 0.54823, 0.0148398, 0.541557, 0.0149739, 0.534865, 0.0152586, 0.52819, 0.0153606, 0.521513, 0.0153892, 0.514851, 0.0151799, 0.508182, 0.0150781, 0.501492, 0.0148032, 0.494786, 0.0146468, 0.488109, 0.0142689, 0.481415, 0.0140572, 0.474729, 0.0139737, 0.468046, 0.0138003, 0.461362, 0.0135998, 0.454681, 0.0132793, 0.447966, 0.0132217, 0.441295, 0.0130271, 0.434599, 0.0128112, 0.427898, 0.0124863, 0.421202, 0.0120774, 0.414501, 0.0116668, 0.407835, 0.0113391, 0.401131, 0.0109262, 0.394497, 0.010225, 0.387855, 0.00952388, 0.381173, 0.00920415, 0.374469, 0.00914138, 0.367762, 0.00910059, 0.361081, 0.00875996, 0.354408, 0.00837777, 0.347713, 0.00817591, 0.341043, 0.00804048, 0.334375, 0.00809637, 0.327684, 0.00811692, 0.321, 0.00820827, 0.314315, 0.00802468, 0.307611, 0.00792542, 0.300912, 0.00769139, 0.294203, 0.00766898, 0.287507, 0.00794143, 0.280814, 0.00795947, 0.27413, 0.00774786, 0.267459, 0.00740332, 0.260766, 0.00722866, 0.254081, 0.00705217, 0.247386, 0.00704096, 0.240702, 0.00661589, 0.233987, 0.00642309, 0.227301, 0.00678185, 0.220589, 0.00676685, 0.2139, 0.00661289, 0.207222, 0.00647256, 0.200545, 0.00604764, 0.193834, 0.00595034, 0.187129, 0.0057874, 0.180458, 0.00575694, 0.173801, 0.00541249, 0.167127, 0.00523594, 0.160467, 0.00514176, 0.153806, 0.00494, 0.147142, 0.00466721, 0.140437, 0.00437309, 0.133752, 0.00424195, 0.127081, 0.00378859, 0.12037, 0.00326879, 0.11367, 0.00321801, 0.10698, 0.00319212, 0.100287, 0.00321937, 0.0936124, 0.00329889, 0.0869051, 0.00327378, 0.0802166, 0.0027395, 0.0735204, 0.00226775, 0.0668065, 0.00200926, 0.0601034, 0.00162706, 0.0534311, 0.00116278, 0.0467877, 0.000575732, 0.0401328, 0.000222943, 0.0334555, 0.000189986, 0.0267664, 0.000204267, 0.0200947, 0.000103357, 0.0134032, -6.7371e-05, 0.00670226, 0, 
0.750635, 0.0203239, 0.743952, 0.0198569, 0.737306, 0.0192968, 0.730647, 0.0184839, 0.723977, 0.017943, 0.717288, 0.0179364, 0.710605, 0.0178287, 0.703911, 0.0177691, 0.69724, 0.0174503, 0.690578, 0.0170575, 0.683927, 0.016657, 0.677223, 0.0166082, 0.670527, 0.0164531, 0.663824, 0.0159771, 0.657126, 0.0158037, 0.650426, 0.015958, 0.643736, 0.0159414, 0.63704, 0.0160567, 0.630367, 0.0158691, 0.623693, 0.0158018, 0.617007, 0.0156526, 0.610324, 0.0155383, 0.603635, 0.0155035, 0.596934, 0.0153985, 0.590229, 0.015529, 0.583558, 0.0152169, 0.576865, 0.0150048, 0.570177, 0.0146719, 0.563481, 0.0144964, 0.556806, 0.0141689, 0.550122, 0.0138306, 0.543437, 0.0137843, 0.536756, 0.0135708, 0.530066, 0.0134243, 0.523356, 0.0131096, 0.516677, 0.0129626, 0.509989, 0.012895, 0.503319, 0.0129802, 0.496637, 0.0130945, 0.489939, 0.0127761, 0.483262, 0.0120415, 0.476573, 0.0117692, 0.469867, 0.0113583, 0.463192, 0.0112516, 0.456515, 0.011526, 0.449837, 0.0116274, 0.443141, 0.0114374, 0.436443, 0.0111143, 0.429741, 0.0110325, 0.423034, 0.0107868, 0.416333, 0.0105523, 0.409648, 0.0103551, 0.402977, 0.0103085, 0.396262, 0.0101644, 0.389589, 0.00995569, 0.382913, 0.0100487, 0.37623, 0.0100168, 0.369549, 0.00975484, 0.362882, 0.00928403, 0.356243, 0.00856471, 0.349553, 0.00822138, 0.342862, 0.00803586, 0.336158, 0.00785555, 0.329473, 0.00745327, 0.322781, 0.0072306, 0.316077, 0.00735563, 0.309393, 0.00756812, 0.302666, 0.00788825, 0.295964, 0.00809289, 0.289264, 0.00806808, 0.282573, 0.00806927, 0.275899, 0.00772893, 0.269219, 0.00740533, 0.262532, 0.0070541, 0.255863, 0.00661314, 0.249169, 0.00632421, 0.242482, 0.00593584, 0.23578, 0.00565644, 0.229076, 0.00556555, 0.222417, 0.00531989, 0.215717, 0.00528777, 0.209029, 0.00521479, 0.202329, 0.00512704, 0.195618, 0.00487815, 0.188929, 0.00496409, 0.182248, 0.00510122, 0.175578, 0.00498148, 0.168885, 0.0045953, 0.162195, 0.0041553, 0.155505, 0.0039669, 0.148808, 0.00391615, 0.142123, 0.00346246, 0.135423, 0.0032194, 0.128739, 0.00286315, 0.12205, 0.00263752, 0.115346, 0.00253115, 0.108675, 0.00241714, 0.102001, 0.0022078, 0.0953004, 0.00220547, 0.0886206, 0.00214221, 0.0819354, 0.00185941, 0.075232, 0.00185988, 0.0685461, 0.00167709, 0.0618673, 0.00159242, 0.0551878, 0.00138818, 0.0485101, 0.00135554, 0.0418186, 0.00101371, 0.0351299, 0.000668609, 0.0284656, 0.000733408, 0.0217819, 0.000696213, 0.0150977, 0.000562321, 0.00838299, 0.000369344, 0.00167477, 0, 
0.785845, 0.0185819, 0.779166, 0.0182596, 0.772458, 0.0179543, 0.765772, 0.0176018, 0.759064, 0.0176333, 0.752367, 0.0175684, 0.745654, 0.0175518, 0.738954, 0.0173763, 0.732269, 0.0172506, 0.725583, 0.0172518, 0.718891, 0.0171615, 0.712188, 0.0171552, 0.705497, 0.0172089, 0.69881, 0.0169865, 0.69211, 0.0168547, 0.685434, 0.0166726, 0.678741, 0.0164049, 0.67204, 0.0161607, 0.665358, 0.0155958, 0.658686, 0.0152812, 0.652013, 0.0146779, 0.645347, 0.0141249, 0.638679, 0.013901, 0.631995, 0.0139263, 0.625308, 0.0137345, 0.618618, 0.0137323, 0.611943, 0.0137932, 0.605266, 0.0136895, 0.598576, 0.0136351, 0.591892, 0.0133818, 0.585203, 0.013098, 0.578511, 0.0129124, 0.571823, 0.0126636, 0.565111, 0.0126186, 0.558421, 0.012453, 0.551716, 0.0122414, 0.545006, 0.012175, 0.538323, 0.011886, 0.531647, 0.0116592, 0.524958, 0.0114611, 0.518283, 0.0115023, 0.5116, 0.0115843, 0.504914, 0.0115062, 0.498215, 0.011465, 0.491534, 0.0113392, 0.484835, 0.0113306, 0.478144, 0.0114035, 0.471442, 0.0114135, 0.464732, 0.0113492, 0.45804, 0.0111818, 0.451378, 0.0110387, 0.444715, 0.0112019, 0.438037, 0.0112643, 0.43136, 0.0109842, 0.424674, 0.0106295, 0.417989, 0.0103139, 0.411299, 0.0100279, 0.404595, 0.0100348, 0.3979, 0.0100635, 0.39118, 0.00998885, 0.384494, 0.00962637, 0.377814, 0.00903999, 0.371086, 0.00884528, 0.364386, 0.00879713, 0.357692, 0.00866264, 0.351018, 0.00847911, 0.344324, 0.00846112, 0.337644, 0.00814623, 0.330975, 0.0078428, 0.324309, 0.00748426, 0.317658, 0.00738722, 0.311022, 0.00686073, 0.304361, 0.0064142, 0.29769, 0.00625423, 0.290998, 0.00608695, 0.284301, 0.00612877, 0.277615, 0.00612148, 0.270917, 0.00598954, 0.264223, 0.00565142, 0.257551, 0.00507009, 0.250853, 0.00485887, 0.244153, 0.00481753, 0.237444, 0.00451676, 0.230748, 0.00435435, 0.224053, 0.00427436, 0.217369, 0.00442829, 0.210673, 0.0046599, 0.204007, 0.00438168, 0.197303, 0.0041166, 0.190624, 0.00394784, 0.183942, 0.00393622, 0.177255, 0.00383847, 0.170572, 0.0038883, 0.163882, 0.00395432, 0.157188, 0.00393892, 0.150476, 0.00389803, 0.143805, 0.00378981, 0.137098, 0.00369396, 0.130426, 0.00324379, 0.123767, 0.00289288, 0.117071, 0.00263363, 0.110382, 0.00236538, 0.103694, 0.00230365, 0.0969796, 0.0022325, 0.0903034, 0.00207295, 0.0836196, 0.00193715, 0.0769207, 0.00198674, 0.0702316, 0.00192007, 0.0635214, 0.00171466, 0.0568359, 0.00161739, 0.05016, 0.00133388, 0.0434714, 0.00142978, 0.0367819, 0.00166888, 0.0300842, 0.00162457, 0.0233982, 0.00150843, 0.0167224, 0.00108747, 0.0100638, 0.000476821, 0.00335077, 0, 
0.820982, 0.017909, 0.814291, 0.0178709, 0.807613, 0.0179162, 0.800928, 0.0178013, 0.794251, 0.01757, 0.78754, 0.01749, 0.780844, 0.0173956, 0.774139, 0.0173488, 0.767433, 0.0170508, 0.760742, 0.0167681, 0.754042, 0.0165575, 0.747368, 0.0163445, 0.740666, 0.0161651, 0.733999, 0.0158446, 0.727319, 0.0155787, 0.720644, 0.0153028, 0.713977, 0.0149016, 0.707301, 0.0147783, 0.700633, 0.014785, 0.693947, 0.0146484, 0.687276, 0.0145599, 0.680583, 0.0143668, 0.673895, 0.0141604, 0.667182, 0.0139017, 0.660487, 0.0136377, 0.653779, 0.0133839, 0.647092, 0.013189, 0.640411, 0.0130559, 0.63371, 0.0130546, 0.62701, 0.0130359, 0.620335, 0.012765, 0.613649, 0.012571, 0.606958, 0.0123958, 0.600278, 0.0123893, 0.593602, 0.0123971, 0.586931, 0.0122219, 0.580253, 0.0122967, 0.573566, 0.0125762, 0.566861, 0.0123497, 0.560172, 0.0120503, 0.553485, 0.0117275, 0.546779, 0.0115447, 0.540095, 0.0112519, 0.533409, 0.0110256, 0.526727, 0.0108816, 0.520048, 0.010751, 0.513341, 0.0109055, 0.50666, 0.010944, 0.499983, 0.0109446, 0.493294, 0.0106471, 0.486588, 0.0105785, 0.479898, 0.0105559, 0.473199, 0.0106731, 0.466517, 0.0106223, 0.459808, 0.0103899, 0.45311, 0.0102232, 0.446423, 0.0100993, 0.439742, 0.0098933, 0.433058, 0.00961378, 0.426385, 0.00935617, 0.41972, 0.00905025, 0.413036, 0.00886109, 0.406358, 0.00876992, 0.39967, 0.00861179, 0.392975, 0.00836924, 0.386294, 0.0081764, 0.379589, 0.00805569, 0.372901, 0.00797313, 0.366205, 0.00788485, 0.359504, 0.00767639, 0.352796, 0.00770056, 0.346101, 0.00781786, 0.339407, 0.00785206, 0.332701, 0.00756206, 0.326037, 0.00703852, 0.319375, 0.00646277, 0.312698, 0.00618525, 0.306023, 0.00605216, 0.299359, 0.00593067, 0.292706, 0.00572522, 0.286045, 0.00551966, 0.279367, 0.00529837, 0.2727, 0.00528837, 0.266011, 0.00531682, 0.259319, 0.00510481, 0.252624, 0.00486564, 0.245927, 0.00459488, 0.239234, 0.00441391, 0.232546, 0.00425271, 0.225839, 0.00414455, 0.219169, 0.00426838, 0.21247, 0.00435778, 0.205764, 0.00441696, 0.199054, 0.00423207, 0.192345, 0.00384197, 0.185675, 0.00357567, 0.179018, 0.00328713, 0.172339, 0.00337392, 0.165655, 0.00322137, 0.158981, 0.00321888, 0.152302, 0.00320798, 0.14561, 0.00309688, 0.138906, 0.00305608, 0.13221, 0.00308878, 0.125509, 0.00326745, 0.118822, 0.00294381, 0.112131, 0.00274983, 0.105435, 0.00267651, 0.0987305, 0.00257601, 0.0920429, 0.00268366, 0.0853665, 0.00290715, 0.0786868, 0.00270507, 0.0720034, 0.00250399, 0.0653022, 0.00237969, 0.0586033, 0.00208242, 0.0519288, 0.00169794, 0.0452406, 0.00143539, 0.0385321, 0.00125053, 0.0318338, 0.00106578, 0.0251473, 0.000893861, 0.018468, 0.000553703, 0.0117432, 0.000228546, 0.00502645, 0, 
0.856263, 0.0191201, 0.849606, 0.01863, 0.842968, 0.0180002, 0.836299, 0.017572, 0.829609, 0.0173878, 0.8229, 0.0169964, 0.816222, 0.0166057, 0.809554, 0.0162616, 0.802869, 0.0157526, 0.796181, 0.0153018, 0.789474, 0.0152694, 0.782784, 0.0152935, 0.776078, 0.0150646, 0.76938, 0.014925, 0.762705, 0.0147942, 0.75601, 0.0146272, 0.749312, 0.0144739, 0.742601, 0.0144153, 0.735911, 0.0143982, 0.729218, 0.0141756, 0.722524, 0.0139137, 0.715841, 0.0139379, 0.709159, 0.0136568, 0.702467, 0.0134956, 0.695785, 0.013733, 0.689096, 0.0138415, 0.682389, 0.0138228, 0.675684, 0.0137138, 0.669009, 0.0133535, 0.662324, 0.0131259, 0.655633, 0.0129666, 0.648951, 0.0129531, 0.642222, 0.0129164, 0.635524, 0.0125739, 0.628814, 0.0125438, 0.622104, 0.0123996, 0.615404, 0.0122028, 0.608709, 0.0119552, 0.602037, 0.0117374, 0.595342, 0.0114221, 0.588645, 0.0112131, 0.581967, 0.0112263, 0.575294, 0.0112104, 0.568615, 0.011281, 0.56194, 0.0112227, 0.555268, 0.0109603, 0.548581, 0.0107859, 0.541887, 0.0105838, 0.535197, 0.0102403, 0.528518, 0.0100154, 0.521827, 0.0100177, 0.515123, 0.00995032, 0.508435, 0.00973975, 0.501732, 0.00949792, 0.495047, 0.00934895, 0.488359, 0.00924114, 0.481655, 0.00913974, 0.474944, 0.00909574, 0.468255, 0.0089207, 0.461568, 0.00862095, 0.454875, 0.00853059, 0.448199, 0.0085811, 0.441513, 0.00866262, 0.434847, 0.00826422, 0.428167, 0.00814237, 0.421484, 0.00807619, 0.41481, 0.00801447, 0.408151, 0.00799509, 0.401472, 0.00794296, 0.394798, 0.00767713, 0.388115, 0.00748435, 0.381399, 0.00738379, 0.374711, 0.00736474, 0.367997, 0.0073473, 0.361291, 0.00720944, 0.354586, 0.00711566, 0.347907, 0.00699349, 0.341207, 0.00701868, 0.334539, 0.00676997, 0.327836, 0.00666263, 0.321139, 0.0065423, 0.31446, 0.00633836, 0.307774, 0.00600052, 0.301098, 0.00581348, 0.294405, 0.00568715, 0.287729, 0.00557315, 0.281061, 0.00543513, 0.274369, 0.00522688, 0.267688, 0.0051564, 0.261013, 0.00510741, 0.254312, 0.00521008, 0.24762, 0.0053478, 0.240913, 0.00526504, 0.234218, 0.00515061, 0.227528, 0.00492927, 0.220838, 0.00460638, 0.214143, 0.004597, 0.207452, 0.00434459, 0.200763, 0.00395398, 0.194074, 0.00365683, 0.187391, 0.00342216, 0.180704, 0.00319296, 0.174007, 0.00300508, 0.167327, 0.00283554, 0.160617, 0.00288332, 0.153926, 0.00291425, 0.147221, 0.0027161, 0.140516, 0.00262505, 0.133824, 0.0022159, 0.127133, 0.00192908, 0.120432, 0.00182922, 0.113742, 0.00166719, 0.107073, 0.00157907, 0.100395, 0.00131424, 0.0936934, 0.0011195, 0.0869993, 0.00109942, 0.0803086, 0.00113265, 0.0736114, 0.0011039, 0.066923, 0.00101563, 0.0602352, 0.000857543, 0.0535536, 0.000724759, 0.0468715, 0.000593271, 0.0401691, 0.000485507, 0.0334786, 0.000216186, 0.0267775, 0.000147406, 0.0200898, 4.17912e-05, 0.0134077, 4.8328e-05, 0.0067029, 0, 
0.89145, 0.0167927, 0.884743, 0.0165857, 0.878039, 0.0164574, 0.871329, 0.0164037, 0.86463, 0.0165536, 0.857937, 0.0166097, 0.85125, 0.0164003, 0.844568, 0.016244, 0.837869, 0.0160334, 0.831181, 0.0157902, 0.824484, 0.0156358, 0.817815, 0.0155657, 0.811143, 0.0155583, 0.804447, 0.0154533, 0.797776, 0.0151291, 0.791087, 0.0148574, 0.784379, 0.0147846, 0.777707, 0.0146068, 0.77103, 0.0144826, 0.764382, 0.0140595, 0.757712, 0.0136587, 0.751028, 0.0135768, 0.74433, 0.0135036, 0.737636, 0.0134417, 0.730935, 0.0132505, 0.724239, 0.0130452, 0.717539, 0.0128773, 0.710847, 0.0125872, 0.704164, 0.0125808, 0.697479, 0.0124216, 0.690794, 0.0123037, 0.684094, 0.0122011, 0.677408, 0.0121321, 0.670709, 0.012188, 0.664003, 0.0120845, 0.657324, 0.0121324, 0.65064, 0.0120574, 0.643949, 0.0119261, 0.637268, 0.0118366, 0.630573, 0.0116964, 0.623882, 0.0116401, 0.617201, 0.0113788, 0.610536, 0.0110462, 0.603846, 0.0106236, 0.597154, 0.0103992, 0.590466, 0.0103215, 0.583769, 0.0104226, 0.577077, 0.0103713, 0.570394, 0.0102617, 0.563709, 0.0101129, 0.557022, 0.00988371, 0.550348, 0.00975919, 0.543664, 0.00953739, 0.536997, 0.00923352, 0.53033, 0.00887298, 0.523651, 0.00857494, 0.516971, 0.00854148, 0.510256, 0.00840704, 0.503549, 0.00851339, 0.496848, 0.00846748, 0.490139, 0.0084372, 0.483433, 0.00840615, 0.476739, 0.00809078, 0.470033, 0.00798314, 0.463334, 0.00793876, 0.456659, 0.00790038, 0.449981, 0.00770425, 0.443305, 0.0077198, 0.436605, 0.00762309, 0.429932, 0.00753031, 0.423245, 0.00744493, 0.416564, 0.0074142, 0.409869, 0.00730516, 0.403178, 0.00717645, 0.396481, 0.0071657, 0.389816, 0.00710387, 0.383124, 0.00718044, 0.376426, 0.00718962, 0.369748, 0.0072195, 0.36305, 0.00718052, 0.356345, 0.0069568, 0.349652, 0.00669886, 0.342967, 0.00660199, 0.33627, 0.00661302, 0.329558, 0.00662261, 0.322875, 0.00650128, 0.316171, 0.0065747, 0.30947, 0.00639923, 0.30279, 0.0059299, 0.296096, 0.00572046, 0.289383, 0.00544625, 0.282671, 0.00532451, 0.275961, 0.00523043, 0.269273, 0.00496344, 0.262593, 0.00453176, 0.255901, 0.00438448, 0.249217, 0.00428731, 0.24253, 0.00425022, 0.235861, 0.0040029, 0.229174, 0.00372441, 0.222491, 0.00356767, 0.215788, 0.00344538, 0.20909, 0.00332831, 0.202387, 0.00309096, 0.195692, 0.00304415, 0.188994, 0.00284016, 0.182304, 0.00264264, 0.175609, 0.00239475, 0.16893, 0.00210719, 0.162249, 0.0018014, 0.155569, 0.00179672, 0.148891, 0.00193677, 0.142203, 0.00195378, 0.135514, 0.00192686, 0.128824, 0.00186411, 0.12213, 0.00161493, 0.115437, 0.00142341, 0.108721, 0.00148709, 0.102017, 0.0015565, 0.0953042, 0.00148498, 0.0886143, 0.00137076, 0.0819194, 0.00131856, 0.0752491, 0.00110487, 0.0685758, 0.000868287, 0.0618868, 0.000733843, 0.0551947, 0.000473252, 0.04852, 0.000159058, 0.0418398, -0.000101031, 0.0351536, -0.000178119, 0.0284545, -0.000150658, 0.0217724, 8.89001e-05, 0.0150577, 0.000249448, 0.00835894, 0.000228012, 0.00167471, 0, 
0.926575, 0.0162417, 0.919887, 0.0162504, 0.913205, 0.0160642, 0.906502, 0.0158799, 0.899813, 0.015789, 0.893121, 0.0156275, 0.886447, 0.0156202, 0.879767, 0.0154533, 0.873087, 0.0154337, 0.866408, 0.0152869, 0.859722, 0.0150014, 0.853034, 0.0150379, 0.846335, 0.0151853, 0.839615, 0.015089, 0.832934, 0.0147452, 0.826237, 0.0144693, 0.819545, 0.0143922, 0.812857, 0.0143384, 0.806158, 0.0144252, 0.799474, 0.0143539, 0.792794, 0.0142046, 0.786101, 0.0140414, 0.779407, 0.0139841, 0.772742, 0.013807, 0.766057, 0.013575, 0.759378, 0.0134578, 0.752706, 0.0131879, 0.746028, 0.0128992, 0.739332, 0.0127239, 0.732644, 0.0125462, 0.72598, 0.0123332, 0.719298, 0.0121758, 0.712608, 0.0119187, 0.705939, 0.0115311, 0.699254, 0.0112979, 0.69255, 0.011145, 0.685835, 0.0111948, 0.679138, 0.011043, 0.672449, 0.0108659, 0.66575, 0.0106897, 0.659063, 0.010484, 0.652381, 0.0102608, 0.645686, 0.0101419, 0.638994, 0.0100523, 0.632307, 0.00996248, 0.625604, 0.00985032, 0.618892, 0.00991029, 0.612201, 0.00965665, 0.605506, 0.00957182, 0.598816, 0.00968535, 0.592136, 0.00946962, 0.585437, 0.00941546, 0.578743, 0.00936723, 0.572051, 0.00927424, 0.565364, 0.00903615, 0.558676, 0.00897849, 0.551981, 0.00903628, 0.54528, 0.0090217, 0.5386, 0.00908742, 0.531896, 0.00909324, 0.525203, 0.0089523, 0.518521, 0.00883026, 0.511818, 0.00871283, 0.505124, 0.00858334, 0.498419, 0.00840307, 0.491737, 0.00811058, 0.485065, 0.00788243, 0.478381, 0.00770135, 0.471701, 0.00750823, 0.465011, 0.0073687, 0.45832, 0.00732947, 0.45161, 0.00737348, 0.444921, 0.00750608, 0.438224, 0.00744338, 0.431536, 0.00721894, 0.424848, 0.00712004, 0.41814, 0.00676941, 0.411436, 0.0065975, 0.404763, 0.00657647, 0.398078, 0.00665564, 0.391403, 0.00668682, 0.384718, 0.00652728, 0.378038, 0.00630208, 0.371337, 0.00611411, 0.364638, 0.00586154, 0.357952, 0.00555536, 0.351267, 0.00530152, 0.344578, 0.00508978, 0.337901, 0.0049417, 0.331209, 0.00503479, 0.324528, 0.00517941, 0.317818, 0.00521725, 0.311121, 0.00529147, 0.304426, 0.00512182, 0.297736, 0.00481507, 0.291056, 0.00449341, 0.284354, 0.00443921, 0.277661, 0.00440844, 0.270987, 0.00439333, 0.264307, 0.00429708, 0.257625, 0.00415711, 0.250955, 0.00407394, 0.244271, 0.00388789, 0.237587, 0.00390867, 0.230909, 0.0037095, 0.224235, 0.00341582, 0.217538, 0.00326574, 0.210862, 0.00313413, 0.204173, 0.003017, 0.197496, 0.00290005, 0.19081, 0.00278082, 0.184124, 0.0025742, 0.177427, 0.00231553, 0.170731, 0.00227463, 0.164039, 0.00235974, 0.15734, 0.0022622, 0.150622, 0.00225376, 0.143933, 0.00236316, 0.137225, 0.00231276, 0.130532, 0.00219213, 0.123839, 0.00190478, 0.11717, 0.00154501, 0.110475, 0.0015863, 0.103781, 0.00163359, 0.0970672, 0.00173475, 0.0903605, 0.0016402, 0.0836544, 0.00146823, 0.0769804, 0.00138143, 0.0702996, 0.00115293, 0.0636038, 0.00096841, 0.0569208, 0.000692077, 0.0502373, 0.000601198, 0.0435462, 0.000542666, 0.0368627, 0.000600642, 0.0301554, 0.000549463, 0.0234443, 0.000450808, 0.0167414, 0.000245957, 0.010058, 0.000111451, 0.00335075, 0, 
0.961807, 0.0153783, 0.955109, 0.0155927, 0.948394, 0.0156205, 0.941701, 0.0155598, 0.934991, 0.0155571, 0.928294, 0.015416, 0.921604, 0.0152969, 0.914916, 0.0152191, 0.908236, 0.0149518, 0.901564, 0.0147948, 0.894877, 0.0146385, 0.888184, 0.0147244, 0.881485, 0.0146894, 0.874789, 0.0145195, 0.868097, 0.0145008, 0.861411, 0.0144191, 0.854733, 0.0143163, 0.848055, 0.014147, 0.841374, 0.0140024, 0.834685, 0.0137857, 0.827991, 0.0135965, 0.821303, 0.0134078, 0.814604, 0.0133519, 0.807918, 0.0132596, 0.801226, 0.0132545, 0.794524, 0.0130411, 0.787823, 0.0127489, 0.781139, 0.0124345, 0.774443, 0.0122283, 0.767747, 0.0120243, 0.761068, 0.0119553, 0.754379, 0.0117876, 0.747686, 0.0117251, 0.741005, 0.0116777, 0.734317, 0.011449, 0.727641, 0.0112291, 0.720952, 0.0110842, 0.714259, 0.0109902, 0.707559, 0.0109238, 0.700856, 0.0109024, 0.694168, 0.0106415, 0.687468, 0.0104231, 0.680799, 0.0101723, 0.674109, 0.0100768, 0.667409, 0.0100966, 0.660698, 0.0100067, 0.654001, 0.00989795, 0.647307, 0.00956966, 0.640622, 0.00924705, 0.633933, 0.00919318, 0.627248, 0.00913817, 0.620569, 0.00903908, 0.613888, 0.00904357, 0.607199, 0.00902273, 0.60051, 0.00903833, 0.593833, 0.0090442, 0.587144, 0.00908883, 0.580468, 0.00904483, 0.573781, 0.00897437, 0.567101, 0.00892384, 0.560414, 0.00855701, 0.553728, 0.00834428, 0.547043, 0.00835613, 0.540357, 0.00828505, 0.533652, 0.00817239, 0.526957, 0.00815459, 0.520261, 0.00805248, 0.513564, 0.00786945, 0.50685, 0.00774439, 0.500145, 0.00766836, 0.493451, 0.00742416, 0.486772, 0.00729916, 0.480081, 0.00716243, 0.473398, 0.00708597, 0.466718, 0.00693986, 0.460036, 0.00675407, 0.453342, 0.00668988, 0.446651, 0.0067462, 0.439972, 0.00665143, 0.433277, 0.0064589, 0.426597, 0.00614098, 0.419941, 0.00593692, 0.413221, 0.00575715, 0.406534, 0.00548449, 0.399844, 0.00539989, 0.393143, 0.00525167, 0.386452, 0.00501659, 0.379762, 0.0048893, 0.373072, 0.00483198, 0.366372, 0.00478614, 0.359694, 0.0046299, 0.352996, 0.00456922, 0.34631, 0.00445249, 0.339626, 0.0044462, 0.332915, 0.00446329, 0.326213, 0.00443789, 0.31952, 0.00455584, 0.312813, 0.00459112, 0.3061, 0.00467285, 0.299401, 0.00472446, 0.292703, 0.00469987, 0.28601, 0.00458394, 0.279327, 0.00438723, 0.272651, 0.00412505, 0.265961, 0.00395991, 0.259274, 0.00390494, 0.252572, 0.00397443, 0.245876, 0.00388176, 0.23919, 0.00373424, 0.232505, 0.00358152, 0.225822, 0.00352855, 0.219111, 0.00345521, 0.21242, 0.00337055, 0.205722, 0.00335202, 0.199033, 0.00319673, 0.192329, 0.00306512, 0.185644, 0.00303386, 0.178934, 0.00306124, 0.172239, 0.00300162, 0.165527, 0.00295502, 0.158854, 0.00274431, 0.152184, 0.00261223, 0.14549, 0.00246586, 0.138799, 0.00239205, 0.132122, 0.0022616, 0.125429, 0.00204974, 0.118748, 0.0018406, 0.112046, 0.00173345, 0.105375, 0.00177238, 0.098675, 0.0016484, 0.0919917, 0.00131906, 0.0853046, 0.00117292, 0.0786147, 0.00103262, 0.0719347, 0.000780261, 0.0652549, 0.000598977, 0.058564, 0.000476689, 0.0518792, 0.000275957, 0.0451907, 0.000146134, 0.0384871, 0.000208372, 0.0317823, 0.000289094, 0.0250943, 0.000253109, 0.0183984, 0.000165588, 0.0117081, 0.000107218, 0.00502681, 0, 
0.996964, 0.0160035, 0.990271, 0.0157039, 0.983587, 0.0154586, 0.976883, 0.0152813, 0.970202, 0.0150782, 0.963518, 0.0149181, 0.956818, 0.0148245, 0.950133, 0.0146859, 0.94344, 0.0146767, 0.936752, 0.0144089, 0.930066, 0.0143542, 0.923378, 0.0141989, 0.91669, 0.0140807, 0.909979, 0.0140025, 0.903269, 0.0139129, 0.896565, 0.0138153, 0.889873, 0.0137024, 0.88319, 0.0135259, 0.8765, 0.0133399, 0.869822, 0.0132321, 0.863127, 0.0131109, 0.856442, 0.0129702, 0.849775, 0.0127131, 0.843077, 0.0125206, 0.836383, 0.0122529, 0.829695, 0.012125, 0.823008, 0.012085, 0.816316, 0.011963, 0.809629, 0.0119137, 0.802941, 0.0118014, 0.796251, 0.0117742, 0.789567, 0.011704, 0.78287, 0.0117211, 0.776169, 0.0116974, 0.769481, 0.0115404, 0.762783, 0.0113688, 0.756067, 0.0112083, 0.749366, 0.0110765, 0.742668, 0.0109845, 0.73597, 0.0109521, 0.729283, 0.0110386, 0.722585, 0.0109325, 0.715904, 0.0107284, 0.709219, 0.0103918, 0.702544, 0.0102751, 0.695869, 0.0102837, 0.689178, 0.00997105, 0.682496, 0.00974444, 0.675794, 0.00958746, 0.669108, 0.0094615, 0.662413, 0.00946625, 0.655721, 0.00945429, 0.649034, 0.00930265, 0.642337, 0.00911993, 0.635649, 0.00893779, 0.628952, 0.00894463, 0.622269, 0.00875883, 0.615582, 0.00864373, 0.608889, 0.00857041, 0.602202, 0.00848688, 0.595527, 0.00844116, 0.588835, 0.00814928, 0.582136, 0.00781273, 0.57546, 0.00757884, 0.568778, 0.00738351, 0.562083, 0.00737154, 0.555403, 0.00709344, 0.548714, 0.00683259, 0.542029, 0.00691304, 0.535331, 0.00697424, 0.528644, 0.00685347, 0.521959, 0.00670805, 0.515292, 0.00662032, 0.508614, 0.00653991, 0.501925, 0.00646813, 0.495239, 0.00633941, 0.48856, 0.00619773, 0.481871, 0.00618776, 0.47518, 0.00619231, 0.468474, 0.0062836, 0.461779, 0.00617055, 0.455066, 0.00618578, 0.44837, 0.00615882, 0.441673, 0.00607146, 0.434992, 0.00600501, 0.428315, 0.0059831, 0.421623, 0.00585887, 0.414927, 0.00565835, 0.408224, 0.0055251, 0.401527, 0.00529545, 0.394851, 0.00515055, 0.388148, 0.00499251, 0.381451, 0.00480772, 0.374749, 0.00472546, 0.36804, 0.00467509, 0.361347, 0.00463243, 0.354645, 0.00458453, 0.347956, 0.00455528, 0.341274, 0.00454023, 0.334577, 0.00452232, 0.327874, 0.00446927, 0.321176, 0.00434663, 0.314475, 0.0043594, 0.307776, 0.00427694, 0.301076, 0.00414159, 0.29439, 0.00400178, 0.287692, 0.00401222, 0.281012, 0.00399401, 0.274308, 0.00377428, 0.26762, 0.00365301, 0.260917, 0.00371802, 0.254242, 0.00374556, 0.247547, 0.00363119, 0.240854, 0.00344053, 0.234161, 0.00320186, 0.227466, 0.00305422, 0.220785, 0.00296875, 0.214094, 0.00306718, 0.207421, 0.00294081, 0.200737, 0.0028903, 0.194042, 0.002928, 0.187339, 0.00293173, 0.180638, 0.00289801, 0.173945, 0.00289279, 0.167239, 0.00287628, 0.160555, 0.0026845, 0.153874, 0.00236043, 0.14719, 0.0021926, 0.140484, 0.00196391, 0.133798, 0.00193328, 0.127106, 0.00198723, 0.12041, 0.00196516, 0.113701, 0.00187474, 0.107009, 0.00168358, 0.100304, 0.00164638, 0.0936371, 0.00161319, 0.0869466, 0.00148399, 0.0802582, 0.00147135, 0.0735798, 0.00159615, 0.0668867, 0.0016245, 0.0601959, 0.00162466, 0.0535117, 0.00154408, 0.0468121, 0.00133667, 0.0401309, 0.000973522, 0.0334578, 0.000767372, 0.0267673, 0.00065108, 0.0200801, 0.000502125, 0.0133765, 0.000307872, 0.00670252, 0, 
1.03201, 0.016129, 1.02532, 0.0157977, 1.01865, 0.0154983, 1.01197, 0.0151579, 1.0053, 0.0148921, 0.998629, 0.0146495, 0.991944, 0.0142827, 0.985274, 0.0140842, 0.978587, 0.0139487, 0.971896, 0.0137445, 0.965211, 0.0136199, 0.958525, 0.0136056, 0.951836, 0.0134671, 0.945152, 0.0133228, 0.938446, 0.0132547, 0.931762, 0.0131582, 0.92509, 0.0130337, 0.918389, 0.0130265, 0.911688, 0.0129596, 0.905002, 0.0129245, 0.89831, 0.0128713, 0.891624, 0.0125387, 0.884926, 0.0123771, 0.878228, 0.0121327, 0.871537, 0.0120303, 0.864839, 0.0119617, 0.858143, 0.0118396, 0.851461, 0.011731, 0.844778, 0.011684, 0.838086, 0.0118025, 0.831397, 0.0117999, 0.824708, 0.0116927, 0.81801, 0.011622, 0.811323, 0.0114987, 0.804638, 0.0114557, 0.797941, 0.0113296, 0.791255, 0.0111664, 0.784562, 0.0111274, 0.77786, 0.0109704, 0.771177, 0.0109146, 0.764491, 0.0108251, 0.757786, 0.0107443, 0.751098, 0.0106509, 0.744396, 0.0105761, 0.737703, 0.0103446, 0.731035, 0.0101249, 0.724359, 0.0099483, 0.717668, 0.00967419, 0.710969, 0.00959673, 0.704257, 0.00950253, 0.697562, 0.00928678, 0.690866, 0.00906065, 0.684187, 0.00903549, 0.677517, 0.00901601, 0.670817, 0.00892651, 0.664143, 0.00864117, 0.657448, 0.0084628, 0.650756, 0.00832343, 0.644053, 0.00799063, 0.637367, 0.00788389, 0.630674, 0.00784676, 0.623979, 0.00789941, 0.617295, 0.00777886, 0.610612, 0.00777603, 0.603922, 0.00761413, 0.597248, 0.00728355, 0.590557, 0.00712308, 0.583865, 0.00700357, 0.577173, 0.0069015, 0.570485, 0.00685429, 0.563796, 0.00669899, 0.55711, 0.0064964, 0.550416, 0.00634178, 0.543719, 0.00647147, 0.537021, 0.00647652, 0.530316, 0.00627422, 0.523645, 0.00604347, 0.516957, 0.00592682, 0.510263, 0.00588529, 0.503561, 0.00593388, 0.496863, 0.00601033, 0.490184, 0.00602959, 0.48349, 0.00599572, 0.4768, 0.00600069, 0.470098, 0.00602201, 0.463419, 0.00591595, 0.456719, 0.00578652, 0.450039, 0.00555856, 0.443355, 0.00540789, 0.436665, 0.00533011, 0.42997, 0.00531734, 0.423278, 0.00533277, 0.416584, 0.00535089, 0.409894, 0.00530519, 0.403218, 0.00516534, 0.396533, 0.00513109, 0.389825, 0.00513051, 0.383132, 0.0050641, 0.37644, 0.00500029, 0.369734, 0.00486003, 0.363052, 0.00466187, 0.356359, 0.00449487, 0.349673, 0.00442938, 0.342975, 0.00444779, 0.336283, 0.00427404, 0.329591, 0.00404844, 0.322902, 0.00386147, 0.316223, 0.00383761, 0.309534, 0.00371696, 0.302846, 0.00350879, 0.296161, 0.0033765, 0.289457, 0.00328915, 0.282751, 0.00319359, 0.276051, 0.00311317, 0.269367, 0.00315015, 0.262663, 0.00322392, 0.255974, 0.0032281, 0.249267, 0.00322632, 0.242576, 0.00315074, 0.235873, 0.00313433, 0.229176, 0.00317259, 0.222479, 0.00308775, 0.215785, 0.00291557, 0.209097, 0.00292257, 0.202422, 0.00295692, 0.195726, 0.00300356, 0.189044, 0.00315666, 0.182352, 0.0032322, 0.175653, 0.00311127, 0.168959, 0.00286978, 0.162274, 0.00267611, 0.155576, 0.00253625, 0.1489, 0.00236122, 0.142213, 0.00227251, 0.135526, 0.00208035, 0.128826, 0.00191036, 0.122131, 0.00194149, 0.11543, 0.00189115, 0.108733, 0.00188779, 0.102051, 0.00180776, 0.0953658, 0.00161163, 0.0886727, 0.00148249, 0.0819734, 0.00144284, 0.0752817, 0.00139097, 0.0685984, 0.00138324, 0.0619164, 0.00131107, 0.0552307, 0.00120689, 0.0485403, 0.00101104, 0.0418571, 0.000661859, 0.0351671, 0.000504725, 0.0284609, 0.000433123, 0.0217585, 0.000297026, 0.0150576, 0.000333783, 0.00837388, 0.000209246, 0.0016745, 0, 
1.06719, 0.0150234, 1.06049, 0.0148551, 1.05381, 0.0145864, 1.04713, 0.0144766, 1.04043, 0.0143817, 1.03375, 0.0142102, 1.02707, 0.0141502, 1.02038, 0.01406, 1.01368, 0.0138849, 1.007, 0.0137014, 1.0003, 0.0136519, 0.993617, 0.0136493, 0.986915, 0.0134456, 0.980246, 0.0131178, 0.973555, 0.01301, 0.966871, 0.0129485, 0.960194, 0.012864, 0.953523, 0.0127932, 0.946842, 0.0127027, 0.940154, 0.0126697, 0.933472, 0.0125317, 0.926773, 0.0124812, 0.920082, 0.0123082, 0.913406, 0.0121675, 0.906718, 0.011967, 0.90002, 0.0118167, 0.893333, 0.0117083, 0.886646, 0.011602, 0.879951, 0.0115365, 0.873239, 0.0114699, 0.866543, 0.0113795, 0.859854, 0.0111487, 0.853159, 0.0110128, 0.84647, 0.0109569, 0.839793, 0.0110058, 0.833108, 0.0110173, 0.826426, 0.0109504, 0.819737, 0.0108579, 0.813035, 0.0106731, 0.806353, 0.0105579, 0.799669, 0.0104769, 0.792984, 0.0103641, 0.786293, 0.0102011, 0.779591, 0.00996437, 0.772889, 0.00987534, 0.766207, 0.00965413, 0.759522, 0.00950633, 0.752832, 0.00948393, 0.74616, 0.00928611, 0.739467, 0.00916147, 0.732761, 0.00906508, 0.726055, 0.00895544, 0.719358, 0.00880329, 0.712662, 0.00875569, 0.705987, 0.00864771, 0.699298, 0.00847749, 0.692615, 0.00829576, 0.685926, 0.0083254, 0.67923, 0.00833361, 0.672539, 0.00820613, 0.665844, 0.0079412, 0.659155, 0.00787406, 0.65245, 0.00778826, 0.645757, 0.00753615, 0.639066, 0.00742048, 0.632355, 0.00742834, 0.625665, 0.00734411, 0.618985, 0.00715495, 0.612293, 0.00702499, 0.605598, 0.00694075, 0.598906, 0.00695242, 0.592218, 0.00696172, 0.585542, 0.0068486, 0.578853, 0.00685048, 0.572176, 0.00674948, 0.565479, 0.0066688, 0.558786, 0.00667853, 0.552104, 0.00656653, 0.545418, 0.00647254, 0.538723, 0.0062883, 0.532039, 0.00604976, 0.525343, 0.00587265, 0.51865, 0.00571819, 0.511964, 0.00563805, 0.505274, 0.00559141, 0.498577, 0.00561236, 0.491877, 0.00555926, 0.485174, 0.00540819, 0.478467, 0.00535272, 0.471765, 0.00521574, 0.465063, 0.00504984, 0.458365, 0.00485019, 0.451686, 0.00468059, 0.445, 0.00462101, 0.438311, 0.00468456, 0.431632, 0.00465379, 0.424949, 0.00460484, 0.418253, 0.00459715, 0.411554, 0.0046299, 0.404872, 0.00470101, 0.39818, 0.00472724, 0.391493, 0.00469307, 0.384803, 0.00454084, 0.378121, 0.00447604, 0.371422, 0.00443229, 0.364732, 0.00440516, 0.358052, 0.00434842, 0.351359, 0.00441854, 0.344665, 0.00450644, 0.337972, 0.00448075, 0.331271, 0.00438709, 0.324593, 0.00431915, 0.317899, 0.00411094, 0.311207, 0.00387682, 0.304519, 0.00374236, 0.297823, 0.00360599, 0.291133, 0.0035038, 0.284428, 0.00353349, 0.277734, 0.00355005, 0.271051, 0.00348051, 0.264356, 0.00344873, 0.257667, 0.0033894, 0.250975, 0.00318183, 0.244286, 0.00293706, 0.23759, 0.00280694, 0.230897, 0.00266684, 0.224196, 0.00248492, 0.217497, 0.00238667, 0.210803, 0.00253993, 0.204128, 0.00245446, 0.197448, 0.00232858, 0.190773, 0.00230429, 0.184096, 0.00218274, 0.177428, 0.00204689, 0.170745, 0.00202169, 0.164057, 0.00202597, 0.157357, 0.00200699, 0.150672, 0.00208474, 0.143973, 0.00198633, 0.137279, 0.00185706, 0.130572, 0.00177375, 0.123876, 0.00170778, 0.117177, 0.00174213, 0.110473, 0.00167561, 0.103771, 0.0016066, 0.0970784, 0.00149268, 0.0903744, 0.00134777, 0.0836755, 0.00132343, 0.0769743, 0.00133802, 0.0702767, 0.00125565, 0.0635826, 0.00113996, 0.0568888, 0.00100597, 0.0501924, 0.000833764, 0.0434975, 0.000696898, 0.0368162, 0.000466283, 0.0301273, 0.000309743, 0.0234416, 0.000174562, 0.016748, 2.94748e-05, 0.0100515, -2.66405e-05, 0.00335043, 0, 
1.10238, 0.0139775, 1.0957, 0.0140082, 1.089, 0.0139413, 1.0823, 0.0138898, 1.07561, 0.013849, 1.06892, 0.0137986, 1.06224, 0.013723, 1.05554, 0.0136875, 1.04884, 0.0137079, 1.04214, 0.0136483, 1.03545, 0.0135189, 1.02876, 0.0133951, 1.02208, 0.0132506, 1.0154, 0.013197, 1.00871, 0.0130908, 1.00202, 0.013077, 0.995332, 0.0129138, 0.988648, 0.0127645, 0.981965, 0.0126804, 0.975288, 0.0124537, 0.968606, 0.0123421, 0.961918, 0.0122321, 0.955231, 0.0121351, 0.948541, 0.0120442, 0.941857, 0.0119237, 0.935167, 0.0118545, 0.928471, 0.0116801, 0.921772, 0.011491, 0.91507, 0.0113696, 0.908369, 0.0111411, 0.90168, 0.0110143, 0.894994, 0.011087, 0.888301, 0.0110058, 0.88162, 0.0108744, 0.874931, 0.0105629, 0.868248, 0.0103574, 0.861558, 0.0102016, 0.854868, 0.0100267, 0.848162, 0.00987445, 0.841468, 0.00972235, 0.834777, 0.00963269, 0.828076, 0.00958712, 0.821392, 0.00952955, 0.814698, 0.00955712, 0.80802, 0.00946768, 0.801343, 0.00928083, 0.794649, 0.00903492, 0.787942, 0.00896595, 0.781246, 0.00885605, 0.77456, 0.00881862, 0.767872, 0.00890561, 0.7612, 0.00887536, 0.754517, 0.0088562, 0.747824, 0.00877065, 0.741138, 0.0086308, 0.734447, 0.00867601, 0.727764, 0.00866171, 0.721072, 0.00849351, 0.714374, 0.0083981, 0.707693, 0.0083326, 0.701004, 0.00832858, 0.694326, 0.00824078, 0.687626, 0.00803106, 0.680951, 0.00796185, 0.674257, 0.00791471, 0.667566, 0.00785334, 0.660882, 0.00761363, 0.654185, 0.00743326, 0.647487, 0.0072502, 0.640798, 0.00708396, 0.63409, 0.00690163, 0.627397, 0.00671438, 0.620718, 0.00665766, 0.614029, 0.00653608, 0.607341, 0.00654653, 0.600646, 0.00653395, 0.593955, 0.0064612, 0.587259, 0.00641921, 0.580583, 0.00637668, 0.573901, 0.00630337, 0.567212, 0.0060799, 0.560524, 0.00591978, 0.55384, 0.00584849, 0.547139, 0.00564596, 0.540455, 0.00553269, 0.533768, 0.00541685, 0.527069, 0.00539491, 0.520377, 0.00539613, 0.513668, 0.00541748, 0.50697, 0.00549105, 0.500264, 0.0054289, 0.49357, 0.00535191, 0.486886, 0.00535699, 0.480201, 0.00531823, 0.473509, 0.00521034, 0.466815, 0.00522131, 0.460117, 0.00504533, 0.453415, 0.00491967, 0.446728, 0.00473258, 0.440036, 0.0046013, 0.433351, 0.00450013, 0.426665, 0.00438341, 0.419976, 0.00445529, 0.413287, 0.00454343, 0.406589, 0.00449512, 0.399897, 0.00434327, 0.393209, 0.00423596, 0.38652, 0.00409434, 0.379816, 0.00398536, 0.373106, 0.00382912, 0.366417, 0.00378466, 0.359726, 0.00379207, 0.353028, 0.00372954, 0.346342, 0.00370791, 0.339654, 0.00374934, 0.332959, 0.00382533, 0.326267, 0.00380469, 0.319574, 0.00377462, 0.312887, 0.00365775, 0.306201, 0.00354738, 0.299505, 0.00351602, 0.292812, 0.00341808, 0.286118, 0.00339081, 0.279417, 0.00327343, 0.272734, 0.00312236, 0.266028, 0.0030313, 0.25933, 0.00290509, 0.25261, 0.00282002, 0.245912, 0.00273252, 0.23922, 0.00264124, 0.232517, 0.00267504, 0.225843, 0.00262414, 0.219166, 0.00254292, 0.212483, 0.00233946, 0.205796, 0.00224974, 0.19911, 0.00212997, 0.192427, 0.00199206, 0.185735, 0.00184619, 0.179043, 0.00173794, 0.172355, 0.0016824, 0.165658, 0.0016094, 0.158949, 0.00169627, 0.152256, 0.00163153, 0.145571, 0.00148499, 0.13889, 0.00140538, 0.132191, 0.00137451, 0.125509, 0.00129456, 0.118815, 0.00109142, 0.112121, 0.000972597, 0.105428, 0.000895244, 0.0987374, 0.000839005, 0.0920315, 0.00089197, 0.0853437, 0.00086552, 0.078627, 0.000760362, 0.0719302, 0.000693364, 0.0652495, 0.000626727, 0.0585565, 0.000565538, 0.0518684, 0.000524576, 0.045185, 0.000428785, 0.0384954, 0.000288847, 0.0318082, 0.0001207, 0.0251192, -8.83695e-06, 0.0184262, -0.000100818, 0.0117228, -0.00010826, 0.00502655, 0, 
1.13752, 0.0138187, 1.13084, 0.0137383, 1.12416, 0.0137014, 1.11747, 0.0135947, 1.11079, 0.0135111, 1.10409, 0.013428, 1.0974, 0.0133395, 1.09071, 0.0132747, 1.08404, 0.0133182, 1.07736, 0.0133575, 1.07067, 0.0132573, 1.064, 0.0131089, 1.05731, 0.0129137, 1.05062, 0.0127597, 1.04392, 0.0126878, 1.03724, 0.01257, 1.03055, 0.0125148, 1.02387, 0.0123853, 1.01717, 0.012305, 1.01047, 0.0123525, 1.00376, 0.012234, 0.997066, 0.0121369, 0.990364, 0.0120259, 0.983672, 0.0118434, 0.976984, 0.0117088, 0.970286, 0.0116005, 0.963597, 0.0113442, 0.956922, 0.0110851, 0.950239, 0.0108467, 0.943552, 0.0108158, 0.936861, 0.0107208, 0.930149, 0.0106644, 0.923446, 0.0106305, 0.916746, 0.0104386, 0.910063, 0.0102048, 0.903374, 0.0101226, 0.896684, 0.0100447, 0.889993, 0.00992426, 0.883297, 0.00986136, 0.876612, 0.00986449, 0.869932, 0.00971093, 0.863238, 0.0095125, 0.856546, 0.00927883, 0.849842, 0.00920736, 0.843155, 0.00922095, 0.836459, 0.00923469, 0.829767, 0.00930068, 0.823081, 0.00920505, 0.816389, 0.00915498, 0.809689, 0.00917618, 0.802996, 0.00892329, 0.796298, 0.00878888, 0.789607, 0.00869247, 0.782922, 0.00852327, 0.776232, 0.0084217, 0.76955, 0.00825179, 0.762865, 0.00805127, 0.756173, 0.00801216, 0.749495, 0.007897, 0.742798, 0.00782894, 0.736104, 0.00774412, 0.729411, 0.00762457, 0.722715, 0.00757868, 0.716023, 0.00748426, 0.709333, 0.00755935, 0.702638, 0.00757092, 0.69593, 0.00756224, 0.689243, 0.00743319, 0.682555, 0.00726155, 0.675861, 0.00709496, 0.669178, 0.00710049, 0.66249, 0.00719447, 0.655812, 0.0071672, 0.649129, 0.00709451, 0.642433, 0.00705502, 0.635744, 0.0069256, 0.62906, 0.00677204, 0.622377, 0.0067017, 0.615689, 0.00655992, 0.608994, 0.00645229, 0.602305, 0.00639968, 0.595618, 0.00630128, 0.588941, 0.00621844, 0.58226, 0.00612487, 0.575563, 0.00587862, 0.568882, 0.00576063, 0.56219, 0.00573503, 0.555498, 0.0056489, 0.548799, 0.00548794, 0.542088, 0.00543845, 0.535404, 0.00539025, 0.52872, 0.00531128, 0.522023, 0.00523474, 0.51534, 0.00513798, 0.508655, 0.00507486, 0.501964, 0.00498677, 0.495277, 0.00499289, 0.488596, 0.00494341, 0.48191, 0.00494877, 0.475215, 0.00502922, 0.468541, 0.00492431, 0.461843, 0.00477268, 0.455139, 0.00450126, 0.448439, 0.0043782, 0.441752, 0.00427624, 0.435059, 0.0041798, 0.428367, 0.00414398, 0.421678, 0.00413739, 0.414973, 0.00412318, 0.408289, 0.0040654, 0.401595, 0.00392143, 0.394893, 0.00378375, 0.388194, 0.00371167, 0.381497, 0.00362817, 0.374789, 0.00359067, 0.368085, 0.00352764, 0.361394, 0.00344977, 0.354708, 0.00333184, 0.348021, 0.00331374, 0.341334, 0.00325989, 0.33464, 0.00323964, 0.327932, 0.00318094, 0.321242, 0.00314595, 0.314541, 0.00308141, 0.307849, 0.002995, 0.301164, 0.00287095, 0.294481, 0.00282924, 0.287799, 0.0027772, 0.281097, 0.00268449, 0.274396, 0.00253953, 0.2677, 0.00247389, 0.261012, 0.00244528, 0.254308, 0.00240175, 0.247616, 0.00246637, 0.240924, 0.00240158, 0.234232, 0.00231813, 0.227529, 0.00224086, 0.220845, 0.00210464, 0.21415, 0.0020767, 0.207467, 0.00199487, 0.200782, 0.00187378, 0.1941, 0.00172221, 0.187405, 0.00163785, 0.180726, 0.00157404, 0.174027, 0.00152646, 0.167333, 0.00147931, 0.160629, 0.00139265, 0.153936, 0.00129932, 0.147248, 0.00121397, 0.140557, 0.00108381, 0.13387, 0.00102241, 0.127167, 0.00102188, 0.120481, 0.00096813, 0.113788, 0.000862426, 0.107082, 0.000694512, 0.100393, 0.000702356, 0.0937174, 0.000693655, 0.0870319, 0.000621492, 0.0803458, 0.000608531, 0.0736622, 0.000553749, 0.0669713, 0.000527214, 0.0602805, 0.00039805, 0.0535766, 0.000373987, 0.0468936, 0.000388711, 0.0401958, 0.000258, 0.033494, 0.000170216, 0.026798, 0.000117212, 0.0200987, 5.29819e-05, 0.0133911, 2.23072e-05, 0.0067023, 0, 
1.17263, 0.0139439, 1.16594, 0.0137279, 1.15926, 0.0136344, 1.15257, 0.0135651, 1.14589, 0.0134114, 1.13919, 0.0133186, 1.13251, 0.0132046, 1.12582, 0.0130785, 1.11913, 0.0128974, 1.11243, 0.0127285, 1.10574, 0.0126551, 1.09906, 0.0125458, 1.09238, 0.0124033, 1.0857, 0.0123002, 1.07901, 0.0121953, 1.07233, 0.0121184, 1.06562, 0.0119779, 1.05891, 0.01182, 1.05221, 0.0116967, 1.0455, 0.0116095, 1.03881, 0.011445, 1.03212, 0.0113368, 1.02543, 0.0112847, 1.01875, 0.0112686, 1.01207, 0.0111509, 1.00538, 0.0110756, 0.998695, 0.0110853, 0.992012, 0.0110978, 0.985326, 0.0111079, 0.978635, 0.0110134, 0.971941, 0.0109033, 0.965239, 0.0108038, 0.958537, 0.0106061, 0.951853, 0.0105155, 0.945158, 0.0103546, 0.938466, 0.0102624, 0.931779, 0.0101401, 0.925076, 0.0099824, 0.918375, 0.0098976, 0.911687, 0.0099047, 0.905009, 0.00975275, 0.898329, 0.00963243, 0.891639, 0.00949901, 0.884959, 0.00938275, 0.878264, 0.00923814, 0.871569, 0.00907625, 0.864883, 0.00892794, 0.858194, 0.00878941, 0.851504, 0.00858381, 0.844825, 0.00844553, 0.838138, 0.00845833, 0.831448, 0.00841916, 0.824756, 0.00841388, 0.818058, 0.00839777, 0.811366, 0.00827037, 0.804684, 0.00808432, 0.797989, 0.00802733, 0.791308, 0.00801981, 0.784632, 0.00798072, 0.777947, 0.00786058, 0.771254, 0.00773063, 0.764567, 0.00757069, 0.757866, 0.00751675, 0.751178, 0.00755876, 0.744489, 0.00754867, 0.737793, 0.00755166, 0.7311, 0.00748599, 0.724404, 0.00729579, 0.717716, 0.00724365, 0.711039, 0.0072184, 0.704352, 0.00708472, 0.697661, 0.00695373, 0.690972, 0.00694875, 0.684273, 0.0069346, 0.677582, 0.00683346, 0.670891, 0.00670295, 0.664201, 0.00665327, 0.657516, 0.00659591, 0.650818, 0.0065546, 0.644124, 0.00652729, 0.637438, 0.00640513, 0.630739, 0.0062885, 0.624049, 0.00633646, 0.617357, 0.00626935, 0.610677, 0.00614497, 0.603984, 0.00611531, 0.597294, 0.00608368, 0.590603, 0.00610135, 0.583915, 0.00602994, 0.577223, 0.00597006, 0.570532, 0.00578262, 0.563849, 0.00558951, 0.557147, 0.00548493, 0.550462, 0.00547972, 0.543761, 0.00537904, 0.537067, 0.00519287, 0.530372, 0.00495328, 0.523683, 0.00483986, 0.516997, 0.00471839, 0.510308, 0.00469231, 0.503609, 0.00472829, 0.496917, 0.00461967, 0.490231, 0.00445378, 0.483538, 0.00426883, 0.476849, 0.00421393, 0.470168, 0.00417359, 0.463474, 0.00414085, 0.456779, 0.00410621, 0.450093, 0.00405666, 0.443397, 0.0040146, 0.436712, 0.00396326, 0.430031, 0.00388415, 0.42335, 0.00382842, 0.416659, 0.0037444, 0.409961, 0.00362681, 0.403272, 0.00353853, 0.396571, 0.00345082, 0.389879, 0.00332397, 0.383193, 0.00328038, 0.376498, 0.00321209, 0.36979, 0.00309799, 0.36309, 0.00298496, 0.356405, 0.00294835, 0.349709, 0.0028529, 0.343004, 0.00283246, 0.336308, 0.00279533, 0.329614, 0.00264974, 0.322929, 0.00252366, 0.316242, 0.00245505, 0.309542, 0.00233945, 0.302846, 0.00230604, 0.296157, 0.00227527, 0.289461, 0.00225141, 0.282765, 0.00216483, 0.276074, 0.00212012, 0.269357, 0.00211101, 0.262675, 0.00202922, 0.25598, 0.00188835, 0.249278, 0.00190576, 0.242574, 0.00186401, 0.235884, 0.00185648, 0.229188, 0.00184798, 0.222496, 0.00172705, 0.2158, 0.00171516, 0.2091, 0.00171004, 0.20241, 0.00173863, 0.195722, 0.00174956, 0.189036, 0.00170331, 0.182339, 0.00165654, 0.175634, 0.00155577, 0.168936, 0.00146429, 0.162248, 0.00139624, 0.155547, 0.00134641, 0.148851, 0.00131361, 0.14217, 0.00128584, 0.135485, 0.00128418, 0.128806, 0.00132868, 0.122128, 0.0012606, 0.11543, 0.00119998, 0.108736, 0.00123931, 0.102048, 0.00118659, 0.0953421, 0.00110233, 0.0886518, 0.00109584, 0.0819685, 0.000925799, 0.0752832, 0.000801206, 0.0685848, 0.000742047, 0.0618979, 0.000698575, 0.0551951, 0.000607675, 0.0485031, 0.000404211, 0.041818, 0.000309372, 0.0351212, 0.000229011, 0.0284171, 0.000193699, 0.02174, 7.08359e-05, 0.0150428, 2.19066e-05, 0.00836145, 9.58034e-06, 0.00167432, 0, 
1.20775, 0.0138, 1.20107, 0.0135885, 1.19438, 0.0133812, 1.1877, 0.0132703, 1.181, 0.013082, 1.17432, 0.0128856, 1.16764, 0.012793, 1.16094, 0.0127129, 1.15424, 0.0126455, 1.14755, 0.0125254, 1.14086, 0.0123609, 1.13418, 0.012215, 1.12749, 0.0120802, 1.12081, 0.0119841, 1.11411, 0.0119098, 1.10741, 0.0118292, 1.10071, 0.0116437, 1.09402, 0.0115427, 1.08733, 0.0114415, 1.08064, 0.0113396, 1.07394, 0.0112347, 1.06726, 0.0112047, 1.06056, 0.0111299, 1.05386, 0.0110519, 1.04716, 0.0109872, 1.04047, 0.0109035, 1.0338, 0.0107801, 1.02711, 0.0106557, 1.02041, 0.01057, 1.01372, 0.0104722, 1.00702, 0.0103341, 1.00032, 0.0103212, 0.993641, 0.0102319, 0.986943, 0.0101974, 0.980267, 0.0101108, 0.973577, 0.00999146, 0.966879, 0.00989171, 0.960189, 0.00971652, 0.95349, 0.00964413, 0.946799, 0.00955208, 0.940125, 0.00949219, 0.933434, 0.00946686, 0.926757, 0.00943382, 0.920081, 0.00939135, 0.913398, 0.00933166, 0.906706, 0.00933011, 0.900021, 0.00921763, 0.893328, 0.00895033, 0.886638, 0.00869087, 0.879957, 0.008649, 0.87326, 0.00865059, 0.866568, 0.00854213, 0.85989, 0.00842509, 0.853204, 0.00834455, 0.846514, 0.00830068, 0.839825, 0.00824103, 0.833142, 0.00816963, 0.826455, 0.00803165, 0.819762, 0.00789106, 0.81307, 0.00775078, 0.806371, 0.00767329, 0.799676, 0.00765794, 0.792992, 0.00761321, 0.786298, 0.00744887, 0.779606, 0.00732576, 0.77292, 0.00723114, 0.766228, 0.00720884, 0.759531, 0.00728233, 0.752833, 0.00732023, 0.74614, 0.0072973, 0.739439, 0.0072617, 0.732744, 0.00703981, 0.726055, 0.00684214, 0.719371, 0.00668555, 0.712688, 0.00660531, 0.705991, 0.00668411, 0.699299, 0.006578, 0.692618, 0.00644978, 0.685932, 0.00637783, 0.679242, 0.00632932, 0.672547, 0.00626198, 0.665851, 0.00622069, 0.659154, 0.00616389, 0.652459, 0.00610743, 0.645769, 0.00610179, 0.639076, 0.00606543, 0.632392, 0.00599476, 0.62571, 0.00595483, 0.61903, 0.00589105, 0.612343, 0.00574081, 0.605643, 0.00561033, 0.598954, 0.00561136, 0.592264, 0.00549289, 0.585559, 0.00535408, 0.578869, 0.00530248, 0.572173, 0.00527616, 0.565491, 0.00521396, 0.558784, 0.00512479, 0.55209, 0.00498541, 0.545398, 0.0048594, 0.538704, 0.00476518, 0.532014, 0.00469295, 0.525316, 0.00468284, 0.518639, 0.0046825, 0.511945, 0.00457253, 0.505264, 0.00443589, 0.498589, 0.00431133, 0.491907, 0.00424837, 0.485214, 0.00419537, 0.478526, 0.00409171, 0.471839, 0.00397857, 0.465146, 0.00380223, 0.458445, 0.0036185, 0.451741, 0.00346568, 0.445048, 0.0034414, 0.438356, 0.00338224, 0.43166, 0.00332926, 0.424952, 0.00326095, 0.41825, 0.00309808, 0.411553, 0.00298746, 0.40487, 0.00296256, 0.398174, 0.00284524, 0.391482, 0.00288021, 0.384791, 0.00275221, 0.378102, 0.00257599, 0.371403, 0.00254133, 0.364707, 0.00253938, 0.358014, 0.00249163, 0.351328, 0.00250144, 0.344643, 0.00251102, 0.337955, 0.00253563, 0.331268, 0.00264343, 0.324572, 0.00262824, 0.317879, 0.00251025, 0.311195, 0.00242595, 0.304505, 0.00236156, 0.297812, 0.00229556, 0.29112, 0.00221731, 0.284421, 0.00218206, 0.277726, 0.00215396, 0.271037, 0.00211232, 0.264334, 0.00205146, 0.257634, 0.00197266, 0.250944, 0.00189444, 0.244229, 0.0018944, 0.237524, 0.00185485, 0.230828, 0.00182591, 0.224137, 0.00166996, 0.217439, 0.00160249, 0.210757, 0.00164967, 0.204081, 0.00161069, 0.197393, 0.00153428, 0.190709, 0.00148565, 0.184026, 0.001473, 0.177328, 0.0014212, 0.170633, 0.00140315, 0.163919, 0.00147094, 0.157234, 0.00149165, 0.150545, 0.00146819, 0.143856, 0.00145186, 0.137162, 0.00141267, 0.130461, 0.00128461, 0.123768, 0.00111507, 0.117087, 0.00109735, 0.11041, 0.00112487, 0.103729, 0.00119559, 0.0970367, 0.00120445, 0.0903415, 0.00110296, 0.083645, 0.000965852, 0.0769454, 0.000859074, 0.0702661, 0.000726682, 0.0635783, 0.000496983, 0.0568847, 0.000471188, 0.0501916, 0.000458686, 0.0434826, 0.000415287, 0.0367931, 0.00041873, 0.0301032, 0.000353047, 0.0234078, 0.000270839, 0.0167213, 0.000185989, 0.0100395, 0.00011986, 0.00335015, 0, 
