0.009996, 0, 0, 0.004998, 0, 0, 
0.0100585, 1.68107e-07, -2.11924e-07, 0.00506049, -1.68182e-07, 2.12019e-07, 6.2475e-05, -4.97497e-07, 6.2717e-07, 
0.010121, 3.29603e-07, -4.15514e-07, 0.00512298, -3.29867e-07, 4.15847e-07, 0.00012495, -4.97497e-07, 6.27171e-07, 
0.0101835, 1.57481e-07, -1.98528e-07, 0.00518545, -1.58014e-07, 1.992e-07, 0.000187425, -4.97498e-07, 6.27171e-07, 
0.0102459, 3.37432e-09, -4.25384e-09, 0.0052479, -4.29305e-09, 5.41204e-09, 0.0002499, -4.97497e-07, 6.27171e-07, 
0.0103084, 1.78433e-07, -2.24941e-07, 0.00531038, -1.79882e-07, 2.26768e-07, 0.000312375, -4.97497e-07, 6.2717e-07, 
0.0103709, 3.24054e-07, -4.08519e-07, 0.00537288, -3.26138e-07, 4.11146e-07, 0.00037485, -4.97497e-07, 6.27171e-07, 
0.0104334, 1.45006e-07, -1.82802e-07, 0.00543535, -1.478e-07, 1.86324e-07, 0.000437325, -4.97498e-07, 6.27171e-07, 
0.0104958, 6.24296e-09, -7.87019e-09, 0.00549781, -9.86222e-09, 1.24328e-08, 0.0004998, -4.97497e-07, 6.27171e-07, 
0.0105583, 1.87026e-07, -2.35774e-07, 0.00556028, -1.9161e-07, 2.41554e-07, 0.000562275, -4.97497e-07, 6.2717e-07, 
0.0106208, 3.16689e-07, -3.99234e-07, 0.00562278, -3.22334e-07, 4.06351e-07, 0.00062475, -4.97498e-07, 6.27171e-07, 
0.0106833, 1.31959e-07, -1.66354e-07, 0.00568526, -1.38734e-07, 1.74895e-07, 0.000687225, -4.97498e-07, 6.27171e-07, 
0.0107457, 8.60649e-09, -1.08498e-08, 0.00574771, -1.66261e-08, 2.09597e-08, 0.0007497, -4.97497e-07, 6.27171e-07, 
0.0108082, 1.93909e-07, -2.44452e-07, 0.00581018, -2.03308e-07, 2.56301e-07, 0.000812175, -4.97497e-07, 6.2717e-07, 
0.0108707, 3.07616e-07, -3.87796e-07, 0.00587267, -3.18482e-07, 4.01494e-07, 0.00087465, -4.97498e-07, 6.27171e-07, 
0.0109332, 1.18423e-07, -1.4929e-07, 0.00593516, -1.3082e-07, 1.64918e-07, 0.000937125, -4.97498e-07, 6.27171e-07, 
0.0109956, 1.04642e-08, -1.31917e-08, 0.00599762, -2.45026e-08, 3.08893e-08, 0.0009996, -4.97497e-07, 6.27171e-07, 
0.0110581, 1.99109e-07, -2.51007e-07, 0.00606008, -2.1492e-07, 2.70939e-07, 0.00106208, -4.97497e-07, 6.2717e-07, 
0.0111206, 2.96946e-07, -3.74346e-07, 0.00612256, -3.1461e-07, 3.96614e-07, 0.00112455, -4.97498e-07, 6.27171e-07, 
0.0111831, 1.0448e-07, -1.31713e-07, 0.00618506, -1.24055e-07, 1.5639e-07, 0.00118703, -4.97498e-07, 6.27171e-07, 
0.0112455, 1.18144e-08, -1.48938e-08, 0.00624753, -3.34091e-08, 4.21172e-08, 0.0012495, -4.97497e-07, 6.27171e-07, 
0.011308, 2.02656e-07, -2.55479e-07, 0.00630998, -2.26396e-07, 2.85407e-07, 0.00131198, -4.97497e-07, 6.2717e-07, 
0.0113705, 2.84789e-07, -3.5902e-07, 0.00637246, -3.10749e-07, 3.91746e-07, 0.00137445, -4.97498e-07, 6.27171e-07, 
0.011433, 9.02032e-08, -1.13715e-07, 0.00643495, -1.18435e-07, 1.49305e-07, 0.00143693, -4.97498e-07, 6.27171e-07, 
0.0114954, 1.26545e-08, -1.59529e-08, 0.00649743, -4.32629e-08, 5.45394e-08, 0.0014994, -4.97497e-07, 6.27171e-07, 
0.0115579, 2.04585e-07, -2.57911e-07, 0.00655988, -2.37691e-07, 2.99646e-07, 0.00156188, -4.97497e-07, 6.2717e-07, 
0.0116204, 2.71255e-07, -3.41958e-07, 0.00662235, -3.06927e-07, 3.86927e-07, 0.00162435, -4.97498e-07, 6.27171e-07, 
0.0116829, 7.56633e-08, -9.5385e-08, 0.00668485, -1.13949e-07, 1.4365e-07, 0.00168683, -4.97498e-07, 6.27171e-07, 
0.0117453, 1.29814e-08, -1.6365e-08, 0.00674733, -5.39813e-08, 6.80515e-08, 0.0017493, -4.97497e-07, 6.27171e-07, 
0.0118078, 2.04935e-07, -2.58352e-07, 0.00680979, -2.48764e-07, 3.13605e-07, 0.00181178, -4.97497e-07, 6.2717e-07, 
0.0118703, 2.56453e-07, -3.23297e-07, 0.00687225, -3.03173e-07, 3.82196e-07, 0.00187425, -4.97498e-07, 6.27171e-07, 
0.0119327, 6.09253e-08, -7.68055e-08, 0.00693474, -1.10584e-07, 1.39408e-07, 0.00193673, -4.97498e-07, 6.27171e-07, 
0.0119952, 1.27916e-08, -1.61257e-08, 0.00699723, -6.54823e-08, 8.25503e-08, 0.0019992, -4.97497e-07, 6.27171e-07, 
0.0120577, 2.03747e-07, -2.56853e-07, 0.0070597, -2.59578e-07, 3.27237e-07, 0.00206168, -4.97497e-07, 6.2717e-07, 
0.0121202, 2.40489e-07, -3.03173e-07, 0.00712215, -2.99519e-07, 3.77589e-07, 0.00212415, -4.97498e-07, 6.27171e-07, 
0.0121826, 4.60495e-08, -5.80524e-08, 0.00718464, -1.08321e-07, 1.36555e-07, 0.00218663, -4.97498e-07, 6.27171e-07, 
0.0122451, 1.20816e-08, -1.52307e-08, 0.00724713, -7.76847e-08, 9.79332e-08, 0.0022491, -4.97497e-07, 6.2717e-07, 
0.0123076, 2.01065e-07, -2.53473e-07, 0.0073096, -2.70101e-07, 3.40502e-07, 0.00231158, -4.97497e-07, 6.2717e-07, 
0.0123701, 2.23471e-07, -2.81719e-07, 0.00737206, -2.95992e-07, 3.73143e-07, 0.00237405, -4.97498e-07, 6.27171e-07, 
0.0124325, 3.10915e-08, -3.91955e-08, 0.00743453, -1.0714e-07, 1.35066e-07, 0.00243653, -4.97498e-07, 6.27171e-07, 
0.012495, 1.08478e-08, -1.36753e-08, 0.00749703, -9.05083e-08, 1.14099e-07, 0.002499, -4.97497e-07, 6.2717e-07, 
0.0125575, 1.96939e-07, -2.48271e-07, 0.00755951, -2.80304e-07, 3.53366e-07, 0.00256148, -4.97497e-07, 6.2717e-07, 
0.01262, 2.05502e-07, -2.59067e-07, 0.00762196, -2.92621e-07, 3.68894e-07, 0.00262395, -4.97498e-07, 6.27171e-07, 
0.0126824, 1.61021e-08, -2.02991e-08, 0.00768443, -1.07015e-07, 1.34909e-07, 0.00268643, -4.97498e-07, 6.27171e-07, 
0.0127449, 9.08717e-09, -1.14557e-08, 0.00774692, -1.03875e-07, 1.3095e-07, 0.0027489, -4.97497e-07, 6.2717e-07, 
0.0128074, 1.91419e-07, -2.41313e-07, 0.00780941, -2.90166e-07, 3.65798e-07, 0.00281138, -4.97497e-07, 6.2717e-07, 
0.0128699, 1.86686e-07, -2.35346e-07, 0.00787187, -2.89435e-07, 3.64876e-07, 0.00287385, -4.97498e-07, 6.27171e-07, 
0.0129323, 1.12757e-09, -1.42147e-09, 0.00793433, -1.07918e-07, 1.36048e-07, 0.00293633, -4.97498e-07, 6.27171e-07, 
0.0129948, 6.79687e-09, -8.56849e-09, 0.00799681, -1.17707e-07, 1.48387e-07, 0.0029988, -4.97497e-07, 6.2717e-07, 
0.0130573, 1.8456e-07, -2.32665e-07, 0.00805931, -2.99665e-07, 3.77773e-07, 0.00306128, -4.97497e-07, 6.2717e-07, 
0.0131198, 1.67121e-07, -2.10681e-07, 0.00812177, -2.86459e-07, 3.61125e-07, 0.00312375, -4.97498e-07, 6.27171e-07, 
0.0131822, -1.37901e-08, 1.73846e-08, 0.00818423, -1.09819e-07, 1.38444e-07, 0.00318623, -4.97498e-07, 6.27171e-07, 
0.0132447, 3.9749e-09, -5.01097e-09, 0.00824671, -1.31929e-07, 1.66317e-07, 0.0032487, -4.97497e-07, 6.2717e-07, 
0.0133072, 1.76417e-07, -2.22401e-07, 0.0083092, -3.08786e-07, 3.89271e-07, 0.00331118, -4.97497e-07, 6.2717e-07, 
0.0133697, 1.46906e-07, -1.85197e-07, 0.00837168, -2.8372e-07, 3.57672e-07, 0.00337365, -4.97498e-07, 6.27171e-07, 
0.0134321, -2.86134e-08, 3.60715e-08, 0.00843413, -1.12683e-07, 1.42054e-07, 0.00343613, -4.97498e-07, 6.27171e-07, 
0.0134946, 6.20017e-10, -7.81625e-10, 0.0084966, -1.46471e-07, 1.84648e-07, 0.0034986, -4.97497e-07, 6.2717e-07, 
0.0135571, 1.67051e-07, -2.10593e-07, 0.0085591, -3.17517e-07, 4.00278e-07, 0.00356108, -4.97497e-07, 6.27171e-07, 
0.0136196, 1.26134e-07, -1.59011e-07, 0.00862158, -2.81241e-07, 3.54547e-07, 0.00362355, -4.97498e-07, 6.27171e-07, 
0.013682, -4.33088e-08, 5.45973e-08, 0.00868404, -1.16474e-07, 1.46833e-07, 0.00368603, -4.97498e-07, 6.27171e-07, 
0.0137445, -3.2681e-09, 4.11993e-09, 0.0087465, -1.6126e-07, 2.03293e-07, 0.0037485, -4.97497e-07, 6.2717e-07, 
0.013807, 1.56521e-07, -1.97319e-07, 0.00880899, -3.2585e-07, 4.10783e-07, 0.00381098, -4.97497e-07, 6.27171e-07, 
0.0138695, 1.04899e-07, -1.32241e-07, 0.00887148, -2.79047e-07, 3.51781e-07, 0.00387345, -4.97498e-07, 6.27171e-07, 
0.013932, -5.78467e-08, 7.29244e-08, 0.00893395, -1.21154e-07, 1.52732e-07, 0.00393593, -4.97498e-07, 6.27171e-07, 
0.0139944, -7.68872e-09, 9.69279e-09, 0.0089964, -1.76231e-07, 2.22166e-07, 0.0039984, -4.97497e-07, 6.2717e-07, 
0.0140569, 1.44891e-07, -1.82657e-07, 0.00905889, -3.33779e-07, 4.20779e-07, 0.00406088, -4.97497e-07, 6.27171e-07, 
0.0141194, 8.32877e-08, -1.04997e-07, 0.00912138, -2.77157e-07, 3.49399e-07, 0.00412335, -4.97498e-07, 6.27171e-07, 
0.0141819, -7.22012e-08, 9.10205e-08, 0.00918385, -1.2668e-07, 1.597e-07, 0.00418583, -4.97498e-07, 6.27171e-07, 
0.0142443, -1.264e-08, 1.59346e-08, 0.00924631, -1.91318e-07, 2.41185e-07, 0.0042483, -4.97497e-07, 6.2717e-07, 
0.0143068, 1.32225e-07, -1.6669e-07, 0.00930878, -3.41303e-07, 4.30264e-07, 0.00431078, -4.97497e-07, 6.27171e-07, 
0.0143693, 6.13861e-08, -7.73864e-08, 0.00937128, -2.75592e-07, 3.47426e-07, 0.00437325, -4.97498e-07, 6.27171e-07, 
0.0144318, -8.63503e-08, 1.08858e-07, 0.00943376, -1.33012e-07, 1.67681e-07, 0.00443573, -4.97498e-07, 6.27171e-07, 
0.0144942, -1.81189e-08, 2.28415e-08, 0.00949621, -2.0646e-07, 2.60274e-07, 0.0044982, -4.97497e-07, 6.2717e-07, 
0.0145567, 1.18589e-07, -1.49499e-07, 0.00955868, -3.48423e-07, 4.3924e-07, 0.00456068, -4.97497e-07, 6.27171e-07, 
0.0146192, 3.92756e-08, -4.95129e-08, 0.00962117, -2.7437e-07, 3.45885e-07, 0.00462315, -4.97498e-07, 6.27171e-07, 
0.0146817, -1.00275e-07, 1.26412e-07, 0.00968366, -1.40103e-07, 1.76621e-07, 0.00468563, -4.97498e-07, 6.27171e-07, 
0.0147441, -2.4121e-08, 3.04081e-08, 0.00974612, -2.21598e-07, 2.79358e-07, 0.0047481, -4.97497e-07, 6.2717e-07, 
0.0148066, 1.04047e-07, -1.31167e-07, 0.00980858, -3.55143e-07, 4.47711e-07, 0.00481058, -4.97497e-07, 6.27171e-07, 
0.0148691, 1.70342e-08, -2.14742e-08, 0.00987107, -2.73505e-07, 3.44795e-07, 0.00487305, -4.97498e-07, 6.27171e-07, 
0.0149316, -1.1396e-07, 1.43664e-07, 0.00993356, -1.47908e-07, 1.8646e-07, 0.00493553, -4.97497e-07, 6.27171e-07, 
0.014994, -3.06406e-08, 3.86272e-08, 0.00999602, -2.36677e-07, 2.98368e-07, 0.004998, -4.97497e-07, 6.2717e-07, 
0.0150565, 8.86691e-08, -1.11781e-07, 0.0100585, -3.61468e-07, 4.55685e-07, 0.00506048, -4.97497e-07, 6.27171e-07, 
0.015119, -5.26406e-09, 6.63614e-09, 0.010121, -2.73012e-07, 3.44173e-07, 0.00512295, -4.97498e-07, 6.27171e-07, 
0.0151815, -1.27393e-07, 1.60598e-07, 0.0101835, -1.56379e-07, 1.97139e-07, 0.00518543, -4.97497e-07, 6.27171e-07, 
0.0152439, -3.76708e-08, 4.74897e-08, 0.0102459, -2.51645e-07, 3.17237e-07, 0.0052479, -4.97497e-07, 6.2717e-07, 
0.0153064, 7.2521e-08, -9.14236e-08, 0.0103084, -3.67407e-07, 4.63172e-07, 0.00531038, -4.97497e-07, 6.27171e-07, 
0.0153689, -2.75491e-08, 3.47298e-08, 0.0103709, -2.72902e-07, 3.44034e-07, 0.00537285, -4.97498e-07, 6.27171e-07, 
0.0154314, -1.40564e-07, 1.77202e-07, 0.0104333, -1.65468e-07, 2.08597e-07, 0.00543533, -4.97497e-07, 6.27171e-07, 
0.0154938, -4.52029e-08, 5.6985e-08, 0.0104958, -2.66453e-07, 3.35904e-07, 0.0054978, -4.97497e-07, 6.2717e-07, 
0.0155563, 5.56708e-08, -7.01814e-08, 0.0105583, -3.72972e-07, 4.70188e-07, 0.00556028, -4.97497e-07, 6.27171e-07, 
0.0156188, -4.97547e-08, 6.27233e-08, 0.0106208, -2.73184e-07, 3.4439e-07, 0.00562275, -4.97498e-07, 6.27171e-07, 
0.0156813, -1.53465e-07, 1.93466e-07, 0.0106832, -1.75126e-07, 2.20772e-07, 0.00568523, -4.97497e-07, 6.27171e-07, 
0.0157437, -5.32268e-08, 6.71004e-08, 0.0107457, -2.81055e-07, 3.54312e-07, 0.0057477, -4.97497e-07, 6.2717e-07, 
0.0158062, 3.81863e-08, -4.81396e-08, 0.0108082, -3.78174e-07, 4.76746e-07, 0.00581018, -4.97497e-07, 6.27171e-07, 
0.0158687, -7.18188e-08, 9.05384e-08, 0.0108707, -2.73867e-07, 3.4525e-07, 0.00587265, -4.97498e-07, 6.27171e-07, 
0.0159311, -1.66093e-07, 2.09386e-07, 0.0109331, -1.85302e-07, 2.33601e-07, 0.00593513, -4.97497e-07, 6.27171e-07, 
0.0159936, -6.1731e-08, 7.78213e-08, 0.0109956, -2.95408e-07, 3.72407e-07, 0.0059976, -4.97497e-07, 6.2717e-07, 
0.0160561, 2.01349e-08, -2.53831e-08, 0.0110581, -3.83029e-07, 4.82866e-07, 0.00606008, -4.97497e-07, 6.27171e-07, 
0.0161186, -9.36833e-08, 1.18102e-07, 0.0111206, -2.74954e-07, 3.46621e-07, 0.00612255, -4.97498e-07, 6.27171e-07, 
0.016181, -1.78445e-07, 2.24957e-07, 0.011183, -1.95947e-07, 2.47021e-07, 0.00618503, -4.97497e-07, 6.27171e-07, 
0.0162435, -7.07024e-08, 8.9131e-08, 0.0112455, -3.09475e-07, 3.90139e-07, 0.0062475, -4.97497e-07, 6.2717e-07, 
0.016306, -1.59131e-08, -1.15792e-08, 0.011308, -4.46305e-07, 4.6513e-07, 0.00630999, -4.15174e-07, 7.16178e-07, 6.2475e-05, -1.13392e-07, 1.11748e-06, 
0.0163686, -2.82046e-07, 3.14705e-08, 0.0113705, -3.49567e-07, 3.82734e-07, 0.00637251, -3.34765e-07, 8.9005e-07, 0.00012495, -1.13392e-07, 1.11748e-06, 
0.016431, -6.12511e-07, -2.02163e-09, 0.011433, -2.43636e-07, 4.78762e-07, 0.00643499, -1.93828e-07, 8.66062e-07, 0.000187425, -1.13392e-07, 1.11748e-06, 
0.0164934, -7.30837e-07, 4.14544e-08, 0.0114954, -3.39211e-07, 5.62625e-07, 0.00649744, 2.51979e-08, 7.71757e-07, 0.0002499, -1.13392e-07, 1.11748e-06, 
0.0165559, -7.91383e-07, 2.84058e-07, 0.0115579, -3.31823e-07, 4.36385e-07, 0.00655991, 1.34773e-08, 7.82674e-07, 0.000312375, -1.13391e-07, 1.11748e-06, 
0.0166184, -7.39904e-07, 4.0296e-07, 0.0116204, -2.83383e-07, 4.50752e-07, 0.00662241, -1.92628e-07, 7.10765e-07, 0.00037485, -1.13391e-07, 1.11748e-06, 
0.0166809, -4.46393e-07, 3.75845e-07, 0.0116829, -4.54145e-07, 5.79549e-07, 0.00668488, -3.26897e-07, 6.23746e-07, 0.000437325, -1.13391e-07, 1.11748e-06, 
0.0167434, -2.48335e-07, 4.25412e-07, 0.0117453, -5.50637e-07, 5.21039e-07, 0.00674732, -4.68827e-07, 7.47063e-07, 0.0004998, -1.13391e-07, 1.11748e-06, 
0.0168058, -3.21269e-07, 3.83086e-07, 0.0118078, -4.59788e-07, 5.26064e-07, 0.00680978, -5.96442e-07, 8.7414e-07, 0.000562275, -1.13392e-07, 1.11748e-06, 
0.0168683, -4.37057e-07, 2.18946e-07, 0.0118703, -4.99372e-07, 6.9583e-07, 0.00687228, -4.64934e-07, 8.77589e-07, 0.00062475, -1.13392e-07, 1.11748e-06, 
0.0169308, -6.35157e-07, 2.49751e-07, 0.0119328, -5.40466e-07, 6.79271e-07, 0.00693479, -2.35015e-07, 9.53066e-07, 0.000687225, -1.13392e-07, 1.11748e-06, 
0.0169933, -9.52636e-07, 3.94138e-07, 0.0119953, -3.99152e-07, 6.02439e-07, 0.00699725, -1.58179e-07, 9.92908e-07, 0.0007497, -1.13392e-07, 1.11748e-06, 
0.0170557, -1.04458e-06, 4.40876e-07, 0.0120577, -4.00834e-07, 7.11419e-07, 0.0070597, -1.12425e-07, 8.47478e-07, 0.000812175, -1.13392e-07, 1.11748e-06, 
0.0171182, -8.78532e-07, 5.6901e-07, 0.0121202, -5.49351e-07, 7.16354e-07, 0.0071222, -1.29154e-07, 7.73666e-07, 0.00087465, -1.13391e-07, 1.11748e-06, 
0.0171807, -7.40991e-07, 7.37259e-07, 0.0121827, -5.38318e-07, 6.11385e-07, 0.00718469, -3.6747e-07, 8.28592e-07, 0.000937125, -1.13391e-07, 1.11748e-06, 
0.0172432, -5.86643e-07, 6.77121e-07, 0.0122452, -5.55085e-07, 7.15671e-07, 0.00724714, -5.79913e-07, 8.11898e-07, 0.0009996, -1.13391e-07, 1.11748e-06, 
0.0173056, -4.29222e-07, 5.67746e-07, 0.0123076, -7.05781e-07, 8.17383e-07, 0.00730958, -5.80751e-07, 8.55476e-07, 0.00106208, -1.13392e-07, 1.11748e-06, 
0.0173681, -5.57575e-07, 5.84683e-07, 0.0123701, -6.69318e-07, 7.44751e-07, 0.00737206, -5.4994e-07, 1.03127e-06, 0.00112455, -1.13392e-07, 1.11748e-06, 
0.0174306, -8.55009e-07, 5.3603e-07, 0.0124326, -5.48107e-07, 8.0522e-07, 0.00743458, -4.58488e-07, 1.06909e-06, 0.00118703, -1.13392e-07, 1.11748e-06, 
0.0174931, -1.02149e-06, 5.09711e-07, 0.0124951, -6.08719e-07, 9.17996e-07, 0.00749706, -2.26642e-07, 9.96618e-07, 0.0012495, -1.13392e-07, 1.11748e-06, 
0.0175555, -1.14227e-06, 6.98861e-07, 0.0125575, -6.14767e-07, 8.2178e-07, 0.00755951, -1.34184e-07, 1.00874e-06, 0.00131198, -1.13392e-07, 1.11748e-06, 
0.017618, -1.19318e-06, 8.51978e-07, 0.01262, -5.33797e-07, 7.91097e-07, 0.00762198, -2.60986e-07, 9.56876e-07, 0.00137445, -1.13391e-07, 1.11748e-06, 
0.0176805, -9.76931e-07, 8.57522e-07, 0.0126825, -6.5339e-07, 9.09836e-07, 0.00768448, -3.74932e-07, 8.35723e-07, 0.00143693, -1.13391e-07, 1.11748e-06, 
0.017743, -7.27757e-07, 9.21784e-07, 0.012745, -7.82141e-07, 8.74552e-07, 0.00774696, -5.11507e-07, 8.92432e-07, 0.0014994, -1.13391e-07, 1.11748e-06, 
0.0178054, -6.98734e-07, 9.29408e-07, 0.0128074, -7.20977e-07, 8.39335e-07, 0.0078094, -6.96721e-07, 1.01377e-06, 0.00156188, -1.13392e-07, 1.11748e-06, 
0.0178679, -7.36449e-07, 7.70584e-07, 0.0128699, -7.42239e-07, 9.90443e-07, 0.00787185, -6.72095e-07, 1.02859e-06, 0.00162435, -1.13392e-07, 1.11748e-06, 
0.0179304, -8.54183e-07, 7.30245e-07, 0.0129324, -8.10494e-07, 1.01963e-06, 0.00793436, -4.78997e-07, 1.10079e-06, 0.00168683, -1.13392e-07, 1.11748e-06, 
0.0179929, -1.15653e-06, 8.32698e-07, 0.0129949, -6.90755e-07, 9.37046e-07, 0.00799686, -3.72576e-07, 1.18604e-06, 0.0017493, -1.13392e-07, 1.11748e-06, 
0.0180553, -1.34951e-06, 8.63657e-07, 0.0130573, -6.35613e-07, 1.02043e-06, 0.00805933, -2.88454e-07, 1.08758e-06, 0.00181178, -1.13392e-07, 1.11748e-06, 
0.0181178, -1.28252e-06, 9.56689e-07, 0.0131198, -7.55433e-07, 1.05843e-06, 0.00812178, -2.24139e-07, 9.89242e-07, 0.00187425, -1.13392e-07, 1.11748e-06, 
0.0181803, -1.18306e-06, 1.14708e-06, 0.0131823, -7.6076e-07, 9.47742e-07, 0.00818427, -3.79888e-07, 1.01558e-06, 0.00193673, -1.13391e-07, 1.11748e-06, 
0.0182428, -1.0438e-06, 1.15872e-06, 0.0132448, -7.49648e-07, 9.99584e-07, 0.00824676, -6.07222e-07, 9.87714e-07, 0.0019992, -1.13391e-07, 1.11748e-06, 
0.0183053, -8.26828e-07, 1.06407e-06, 0.0133072, -8.95238e-07, 1.11279e-06, 0.00830922, -6.72876e-07, 9.83808e-07, 0.00206168, -1.13392e-07, 1.11748e-06, 
0.0183677, -8.21537e-07, 1.06808e-06, 0.0133697, -9.16118e-07, 1.05628e-06, 0.00837166, -6.92642e-07, 1.13671e-06, 0.00212415, -1.13392e-07, 1.11748e-06, 
0.0184302, -1.04471e-06, 1.01922e-06, 0.0134322, -8.00524e-07, 1.0812e-06, 0.00843414, -6.65969e-07, 1.21971e-06, 0.00218663, -1.13392e-07, 1.11748e-06, 
0.0184927, -1.21831e-06, 9.38482e-07, 0.0134947, -8.30524e-07, 1.20804e-06, 0.00849665, -4.62898e-07, 1.17571e-06, 0.0022491, -1.13392e-07, 1.11748e-06, 
0.0185552, -1.36954e-06, 1.05816e-06, 0.0135572, -8.50589e-07, 1.1509e-06, 0.00855914, -3.00855e-07, 1.19371e-06, 0.00231158, -1.13392e-07, 1.11748e-06, 
0.0186176, -1.50682e-06, 1.21776e-06, 0.0136196, -7.51578e-07, 1.08952e-06, 0.00862159, -3.44805e-07, 1.17163e-06, 0.00237405, -1.13392e-07, 1.11748e-06, 
0.01868, -1.39556e-06, 1.24757e-06, 0.0136821, -8.13114e-07, 1.18982e-06, 0.00868406, -4.18455e-07, 1.04014e-06, 0.00243653, -1.13391e-07, 1.11748e-06, 
0.0187426, -1.14986e-06, 1.32028e-06, 0.0137446, -9.52099e-07, 1.17951e-06, 0.00874655, -5.22915e-07, 1.03536e-06, 0.002499, -1.13391e-07, 1.11748e-06, 
0.0188051, -1.05061e-06, 1.37738e-06, 0.0138071, -9.21442e-07, 1.11482e-06, 0.00880903, -7.28848e-07, 1.13495e-06, 0.00256148, -1.13391e-07, 1.11748e-06, 
0.0188675, -1.01841e-06, 1.25085e-06, 0.0138695, -9.268e-07, 1.23365e-06, 0.00887148, -7.98922e-07, 1.15242e-06, 0.00262395, -1.13392e-07, 1.11748e-06, 
0.01893, -1.04446e-06, 1.16347e-06, 0.0139319, -1.01467e-06, 1.29838e-06, 0.00893393, -6.68882e-07, 1.21052e-06, 0.00268643, -1.13392e-07, 1.11748e-06, 
0.0189925, -1.28582e-06, 1.22232e-06, 0.0139945, -9.31308e-07, 1.22168e-06, 0.00899643, -5.63315e-07, 1.32519e-06, 0.0027489, -1.13392e-07, 1.11748e-06, 
0.019055, -1.53267e-06, 1.23398e-06, 0.014057, -8.38467e-07, 1.27736e-06, 0.00905894, -4.65884e-07, 1.28186e-06, 0.00281138, -1.13392e-07, 1.11748e-06, 
0.0191174, -1.55804e-06, 1.28209e-06, 0.0141194, -9.22265e-07, 1.3424e-06, 0.00912141, -3.41129e-07, 1.18072e-06, 0.00287385, -1.13392e-07, 1.11748e-06, 
0.0191798, -1.51478e-06, 1.46651e-06, 0.0141818, -9.39147e-07, 1.24209e-06, 0.00918386, -4.0215e-07, 1.18591e-06, 0.00293633, -1.13391e-07, 1.11748e-06, 
0.0192423, -1.42171e-06, 1.53823e-06, 0.0142443, -9.03202e-07, 1.24624e-06, 0.00924634, -6.04656e-07, 1.15354e-06, 0.0029988, -1.13391e-07, 1.11748e-06, 
0.0193049, -1.19273e-06, 1.47301e-06, 0.0143069, -1.02679e-06, 1.35727e-06, 0.00930883, -7.08315e-07, 1.10777e-06, 0.00306128, -1.13391e-07, 1.11748e-06, 
0.0193673, -1.07921e-06, 1.4755e-06, 0.0143693, -1.09422e-06, 1.32035e-06, 0.00937129, -7.67703e-07, 1.21981e-06, 0.00312375, -1.13392e-07, 1.11748e-06, 
0.0194298, -1.20727e-06, 1.44053e-06, 0.0144318, -9.99428e-07, 1.31283e-06, 0.00943374, -8.06739e-07, 1.32741e-06, 0.00318623, -1.13392e-07, 1.11748e-06, 
0.0194922, -1.35328e-06, 1.32726e-06, 0.0144942, -1.00534e-06, 1.43868e-06, 0.00949621, -6.63215e-07, 1.31144e-06, 0.0032487, -1.13392e-07, 1.11748e-06, 
0.0195548, -1.50173e-06, 1.3743e-06, 0.0145568, -1.03911e-06, 1.42295e-06, 0.00955872, -4.71655e-07, 1.33603e-06, 0.00331118, -1.13392e-07, 1.11748e-06, 
0.0196172, -1.69457e-06, 1.51702e-06, 0.0146192, -9.3767e-07, 1.34573e-06, 0.00962121, -4.44528e-07, 1.34773e-06, 0.00337365, -1.13392e-07, 1.11748e-06, 
0.0196797, -1.69336e-06, 1.55939e-06, 0.0146817, -9.42913e-07, 1.42269e-06, 0.00968367, -4.70361e-07, 1.22805e-06, 0.00343613, -1.13392e-07, 1.11748e-06, 
0.0197421, -1.49432e-06, 1.63073e-06, 0.0147441, -1.07268e-06, 1.43653e-06, 0.00974613, -5.25005e-07, 1.17522e-06, 0.0034986, -1.13391e-07, 1.11748e-06, 
0.0198046, -1.36249e-06, 1.7279e-06, 0.0148066, -1.06872e-06, 1.3551e-06, 0.00980863, -7.15366e-07, 1.24434e-06, 0.00356108, -1.13391e-07, 1.11748e-06, 
0.0198672, -1.2816e-06, 1.65104e-06, 0.0148691, -1.06e-06, 1.43379e-06, 0.00987111, -8.53826e-07, 1.25776e-06, 0.00362355, -1.13392e-07, 1.11748e-06, 
0.0199296, -1.22273e-06, 1.54274e-06, 0.0149316, -1.15723e-06, 1.52107e-06, 0.00993355, -7.96616e-07, 1.29313e-06, 0.00368603, -1.13392e-07, 1.11748e-06, 
0.019992, -1.37345e-06, 1.56405e-06, 0.014994, -1.11779e-06, 1.45836e-06, 0.00999601, -7.15218e-07, 1.41806e-06, 0.0037485, -1.13392e-07, 1.11748e-06, 
0.0200545, -1.62537e-06, 1.55837e-06, 0.0150565, -1.00783e-06, 1.48661e-06, 0.0100585, -6.29073e-07, 1.42797e-06, 0.00381098, -1.13392e-07, 1.11748e-06, 
0.020117, -1.72029e-06, 1.5595e-06, 0.015119, -1.05467e-06, 1.56999e-06, 0.010121, -4.729e-07, 1.34112e-06, 0.00387345, -1.13392e-07, 1.11748e-06, 
0.0201795, -1.7351e-06, 1.71382e-06, 0.0151815, -1.07917e-06, 1.49236e-06, 0.0101835, -4.44494e-07, 1.3342e-06, 0.00393593, -1.13392e-07, 1.11748e-06, 
0.0202419, -1.70568e-06, 1.82605e-06, 0.0152439, -1.0241e-06, 1.45839e-06, 0.0102459, -5.9398e-07, 1.30545e-06, 0.0039984, -1.13391e-07, 1.11748e-06, 
0.0203044, -1.50758e-06, 1.79572e-06, 0.0153064, -1.11321e-06, 1.55651e-06, 0.0103084, -7.07167e-07, 1.22949e-06, 0.00406088, -1.13391e-07, 1.11748e-06, 
0.0203669, -1.32483e-06, 1.80411e-06, 0.0153689, -1.21129e-06, 1.5401e-06, 0.0103709, -7.87648e-07, 1.29143e-06, 0.00412335, -1.13391e-07, 1.11748e-06, 
0.0204294, -1.35718e-06, 1.79341e-06, 0.0154314, -1.14592e-06, 1.50595e-06, 0.0104334, -8.80465e-07, 1.40321e-06, 0.00418583, -1.13392e-07, 1.11748e-06, 
0.0204919, -1.45297e-06, 1.67162e-06, 0.0154938, -1.13471e-06, 1.61745e-06, 0.0104958, -8.12651e-07, 1.40968e-06, 0.0042483, -1.13392e-07, 1.11748e-06, 
0.0205543, -1.56938e-06, 1.65418e-06, 0.0155563, -1.18047e-06, 1.63948e-06, 0.0105583, -6.29259e-07, 1.4381e-06, 0.00431078, -1.13392e-07, 1.11748e-06, 
0.0206168, -1.77985e-06, 1.76404e-06, 0.0156188, -1.091e-06, 1.55989e-06, 0.0106208, -5.5301e-07, 1.48137e-06, 0.00437325, -1.13392e-07, 1.11748e-06, 
0.0206793, -1.87366e-06, 1.80736e-06, 0.0156813, -1.04893e-06, 1.61168e-06, 0.0106833, -5.35196e-07, 1.39069e-06, 0.00443573, -1.13392e-07, 1.11748e-06, 
0.0207417, -1.74768e-06, 1.8666e-06, 0.0157437, -1.15497e-06, 1.64664e-06, 0.0107457, -5.3387e-07, 1.30792e-06, 0.0044982, -1.13392e-07, 1.11748e-06, 
0.0208042, -1.61856e-06, 1.98806e-06, 0.0158062, -1.17117e-06, 1.56142e-06, 0.0108082, -6.79429e-07, 1.34496e-06, 0.00456068, -1.13391e-07, 1.11748e-06, 
0.0208667, -1.51677e-06, 1.96724e-06, 0.0158687, -1.15005e-06, 1.59807e-06, 0.0108707, -8.52585e-07, 1.35084e-06, 0.00462315, -1.13391e-07, 1.11748e-06, 
0.0209292, -1.39436e-06, 1.86157e-06, 0.0159312, -1.24516e-06, 1.69436e-06, 0.0109332, -8.63009e-07, 1.35881e-06, 0.00468563, -1.13392e-07, 1.11748e-06, 
0.0209917, -1.44394e-06, 1.85606e-06, 0.0159937, -1.24982e-06, 1.65017e-06, 0.0109956, -8.1878e-07, 1.47518e-06, 0.0047481, -1.13392e-07, 1.11748e-06, 
0.0210541, -1.65939e-06, 1.83928e-06, 0.0160561, -1.14155e-06, 1.65324e-06, 0.0110581, -7.62991e-07, 1.52835e-06, 0.00481058, -1.13392e-07, 1.11748e-06, 
0.0211166, -1.79231e-06, 1.79901e-06, 0.0161186, -1.1555e-06, 1.74483e-06, 0.0111206, -6.06473e-07, 1.46644e-06, 0.00487305, -1.13392e-07, 1.11748e-06, 
0.0211791, -1.85347e-06, 1.90653e-06, 0.0161811, -1.18476e-06, 1.69732e-06, 0.0111831, -5.07926e-07, 1.4557e-06, 0.00493553, -1.13392e-07, 1.11748e-06, 
0.0212416, -1.88987e-06, 2.03648e-06, 0.0162436, -1.11841e-06, 1.63753e-06, 0.0112456, -5.90472e-07, 1.43811e-06, 0.004998, -1.13392e-07, 1.11748e-06, 
0.021304, -1.75389e-06, 2.03847e-06, 0.016306, -1.16633e-06, 1.71562e-06, 0.011308, -6.88903e-07, 1.34719e-06, 0.00506048, -1.13391e-07, 1.11748e-06, 
0.0213665, -1.54558e-06, 2.05536e-06, 0.0163685, -1.2773e-06, 1.7186e-06, 0.0113705, -7.69567e-07, 1.35871e-06, 0.00512295, -1.13391e-07, 1.11748e-06, 
0.021429, -1.49822e-06, 2.07367e-06, 0.016431, -1.24362e-06, 1.66556e-06, 0.011433, -8.95148e-07, 1.45767e-06, 0.00518543, -1.13392e-07, 1.11748e-06, 
0.0214915, -1.53545e-06, 1.96537e-06, 0.0164935, -1.22149e-06, 1.75255e-06, 0.0114954, -9.03926e-07, 1.47832e-06, 0.0052479, -1.13392e-07, 1.11748e-06, 
0.0215539, -1.60011e-06, 1.89975e-06, 0.0165559, -1.27591e-06, 1.80428e-06, 0.0115579, -7.5796e-07, 1.50551e-06, 0.00531038, -1.13392e-07, 1.11748e-06, 
0.0216164, -1.79109e-06, 1.96932e-06, 0.0166184, -1.20961e-06, 1.73296e-06, 0.0116204, -6.58649e-07, 1.57277e-06, 0.00537285, -1.13392e-07, 1.11748e-06, 
0.0216789, -1.95053e-06, 2.00459e-06, 0.0166809, -1.13413e-06, 1.76029e-06, 0.0116829, -6.1005e-07, 1.52126e-06, 0.00543533, -1.13392e-07, 1.11748e-06, 
0.0217414, -1.90574e-06, 2.04277e-06, 0.0167434, -1.20797e-06, 1.81149e-06, 0.0117454, -5.58065e-07, 1.42761e-06, 0.0054978, -1.13392e-07, 1.11748e-06, 
0.0218038, -1.80603e-06, 2.16973e-06, 0.0168058, -1.23698e-06, 1.73409e-06, 0.0118078, -6.40865e-07, 1.4366e-06, 0.00556028, -1.13391e-07, 1.11748e-06, 
0.0218663, -1.71097e-06, 2.20103e-06, 0.0168683, -1.20541e-06, 1.73214e-06, 0.0118703, -8.14737e-07, 1.43489e-06, 0.00562275, -1.13391e-07, 1.11748e-06, 
0.0219288, -1.55522e-06, 2.11564e-06, 0.0169308, -1.28749e-06, 1.82517e-06, 0.0119328, -8.76446e-07, 1.41555e-06, 0.00568523, -1.13392e-07, 1.11748e-06, 
0.0219913, -1.51144e-06, 2.09553e-06, 0.0169933, -1.33e-06, 1.80092e-06, 0.0119953, -8.71537e-07, 1.50789e-06, 0.0057477, -1.13392e-07, 1.11748e-06, 
0.0220538, -1.66211e-06, 2.07611e-06, 0.0170557, -1.23811e-06, 1.78268e-06, 0.0120577, -8.56441e-07, 1.58929e-06, 0.00581018, -1.13392e-07, 1.11748e-06, 
0.0221162, -1.80048e-06, 2.00605e-06, 0.0171182, -1.22637e-06, 1.87222e-06, 0.0121202, -7.26818e-07, 1.55619e-06, 0.00587265, -1.13392e-07, 1.11748e-06, 
0.0221787, -1.88754e-06, 2.05927e-06, 0.0171807, -1.25844e-06, 1.85711e-06, 0.0121826, -5.85958e-07, 1.54754e-06, 0.00593513, -1.13392e-07, 1.11748e-06, 
0.0222412, -1.97817e-06, 2.18523e-06, 0.0172432, -1.18981e-06, 1.78449e-06, 0.0122452, -6.01705e-07, 1.54631e-06, 0.0059976, -1.13392e-07, 1.11748e-06, 
0.0223037, -1.92008e-06, 2.21144e-06, 0.0173056, -1.196e-06, 1.83903e-06, 0.0123076, -6.69159e-07, 1.45637e-06, 0.00606008, -1.13392e-07, 1.11748e-06, 
0.0223661, -1.72627e-06, 2.23499e-06, 0.0173681, -1.30311e-06, 1.85874e-06, 0.0123701, -7.31575e-07, 1.42474e-06, 0.00612255, -1.13391e-07, 1.11748e-06, 
0.0224286, -1.62576e-06, 2.28089e-06, 0.0174306, -1.29824e-06, 1.79558e-06, 0.0124326, -8.64906e-07, 1.49938e-06, 0.00618503, -1.13391e-07, 1.11748e-06, 
0.0224911, -1.60943e-06, 2.20273e-06, 0.0174931, -1.27001e-06, 1.85199e-06, 0.0124951, -9.37885e-07, 1.52561e-06, 0.0062475, -1.13392e-07, 1.11748e-06, 
0.0225536, -1.61501e-06, 2.10813e-06, 0.0175556, -1.32716e-06, 1.92625e-06, 0.0125576, -8.4781e-07, 1.56373e-06, 0.00631009, -1.46314e-07, 1.07562e-06, 6.24749e-05, 6.70019e-07, 4.59746e-07, 
0.022616, -1.75171e-06, 2.13419e-06, 0.017618, -1.28866e-06, 1.89851e-06, 0.01262, -7.79481e-07, 1.64703e-06, 0.00637247, -1.64601e-07, 1.00589e-06, 0.00012495, 6.70019e-07, 4.59746e-07, 
0.0226786, -1.91357e-06, 2.19221e-06, 0.0176806, -1.22383e-06, 1.92295e-06, 0.0126826, -7.62085e-07, 1.59606e-06, 0.006435, -1.13365e-07, 1.0139e-06, 0.000187425, 6.70019e-07, 4.59746e-07, 
0.022741, -1.92694e-06, 2.29881e-06, 0.017743, -1.31807e-06, 1.94485e-06, 0.012745, -6.86367e-07, 1.48901e-06, 0.00649747, -2.37673e-08, 1.05741e-06, 0.0002499, 6.70018e-07, 4.59746e-07, 
0.0228035, -1.94663e-06, 2.4606e-06, 0.0178055, -1.37296e-06, 1.88095e-06, 0.0128075, -6.68863e-07, 1.48193e-06, 0.00655991, 9.21352e-08, 1.03266e-06, 0.000312375, 6.70018e-07, 4.59746e-07, 
0.0228659, -2.04588e-06, 2.4974e-06, 0.017868, -1.31817e-06, 1.9228e-06, 0.01287, -6.98959e-07, 1.47105e-06, 0.00662243, 1.63288e-07, 9.56787e-07, 0.00037485, 6.70019e-07, 4.59746e-07, 
0.0229284, -2.08184e-06, 2.44993e-06, 0.0179304, -1.33844e-06, 2.02953e-06, 0.0129324, -6.19663e-07, 1.44926e-06, 0.00668487, 1.15139e-07, 8.75558e-07, 0.000437325, 6.70019e-07, 4.59746e-07, 
0.022991, -2.09241e-06, 2.4998e-06, 0.017993, -1.33646e-06, 2.00219e-06, 0.0129949, -5.71229e-07, 1.49762e-06, 0.00674737, 3.66656e-08, 8.27237e-07, 0.0004998, 6.70019e-07, 4.59746e-07, 
0.0230533, -2.08618e-06, 2.55916e-06, 0.0180553, -1.26076e-06, 1.97026e-06, 0.0130573, -6.60302e-07, 1.48811e-06, 0.00680982, 1.70911e-08, 8.78662e-07, 0.000562275, 6.70019e-07, 4.59746e-07, 
0.023116, -1.92767e-06, 2.54999e-06, 0.0181179, -1.30958e-06, 2.00061e-06, 0.0131199, -7.22067e-07, 1.42464e-06, 0.00687232, 8.43588e-09, 9.85525e-07, 0.00062475, 6.70019e-07, 4.59746e-07, 
0.0231783, -1.75109e-06, 2.53937e-06, 0.0181803, -1.37394e-06, 1.96125e-06, 0.0131823, -7.67692e-07, 1.48606e-06, 0.00693478, -1.96692e-08, 1.02473e-06, 0.000687225, 6.70019e-07, 4.59746e-07, 
0.0232409, -1.72691e-06, 2.45163e-06, 0.0182429, -1.29262e-06, 1.96255e-06, 0.0132448, -8.59162e-07, 1.5887e-06, 0.00699726, -7.163e-08, 1.00887e-06, 0.0007497, 6.70019e-07, 4.59746e-07, 
0.0233033, -1.71857e-06, 2.29654e-06, 0.0183053, -1.25966e-06, 2.05615e-06, 0.0133072, -8.50122e-07, 1.61754e-06, 0.00705972, -1.72551e-07, 1.01496e-06, 0.000812175, 6.70019e-07, 4.59746e-07, 
0.0233658, -1.68678e-06, 2.27732e-06, 0.0183678, -1.29457e-06, 2.03572e-06, 0.0133698, -7.91578e-07, 1.66298e-06, 0.00712223, -2.43726e-07, 1.05002e-06, 0.00087465, 6.70019e-07, 4.59746e-07, 
0.0234283, -1.71921e-06, 2.3541e-06, 0.0184303, -1.25476e-06, 1.96279e-06, 0.0134322, -8.41767e-07, 1.67846e-06, 0.00718466, -1.93332e-07, 1.11727e-06, 0.000937125, 6.70019e-07, 4.59746e-07, 
0.0234907, -1.72371e-06, 2.3719e-06, 0.0184927, -1.27896e-06, 1.99974e-06, 0.0134947, -8.61116e-07, 1.60624e-06, 0.00724718, -9.45917e-08, 1.18017e-06, 0.0009996, 6.70019e-07, 4.59746e-07, 
0.0235532, -1.72609e-06, 2.39631e-06, 0.0185552, -1.36742e-06, 2.01819e-06, 0.0135572, -7.81887e-07, 1.60691e-06, 0.00730964, -3.1821e-08, 1.14285e-06, 0.00106208, 6.70019e-07, 4.59746e-07, 
0.0236156, -1.87907e-06, 2.43675e-06, 0.0186176, -1.31702e-06, 2.01205e-06, 0.0136196, -7.40288e-07, 1.66545e-06, 0.00737208, 5.24355e-09, 1.03226e-06, 0.00112455, 6.70019e-07, 4.59746e-07, 
0.0236782, -2.04233e-06, 2.4388e-06, 0.0186802, -1.26066e-06, 2.09178e-06, 0.0136822, -6.81385e-07, 1.62174e-06, 0.00743464, 1.30601e-08, 9.67782e-07, 0.00118703, 6.70019e-07, 4.59746e-07, 
0.0237406, -2.06912e-06, 2.5273e-06, 0.0187426, -1.32285e-06, 2.10368e-06, 0.0137446, -5.83525e-07, 1.55976e-06, 0.007497, 2.04479e-08, 9.62619e-07, 0.0012495, 6.70019e-07, 4.59746e-07, 
0.0238031, -2.06995e-06, 2.68944e-06, 0.0188051, -1.32682e-06, 2.02228e-06, 0.0138071, -6.123e-07, 1.5428e-06, 0.00755957, 8.83927e-08, 9.78568e-07, 0.00131198, 6.70019e-07, 4.59746e-07, 
0.0238656, -2.04068e-06, 2.72456e-06, 0.0188675, -1.30715e-06, 2.04935e-06, 0.0138695, -6.89507e-07, 1.49064e-06, 0.00762199, 1.47809e-07, 9.96853e-07, 0.00137445, 6.70019e-07, 4.59746e-07, 
0.023928, -1.9428e-06, 2.66908e-06, 0.01893, -1.36331e-06, 2.10887e-06, 0.013932, -6.6968e-07, 1.49629e-06, 0.00768448, 1.04064e-07, 9.68022e-07, 0.00143693, 6.70019e-07, 4.59746e-07, 
0.0239905, -1.91699e-06, 2.63349e-06, 0.0189925, -1.32425e-06, 2.08807e-06, 0.0139945, -6.80521e-07, 1.60006e-06, 0.00774698, 6.52247e-09, 9.13016e-07, 0.0014994, 6.70019e-07, 4.59746e-07, 
0.024053, -1.91756e-06, 2.56776e-06, 0.019055, -1.23027e-06, 2.11158e-06, 0.0140569, -7.43421e-07, 1.62689e-06, 0.0078094, -8.18e-08, 9.39756e-07, 0.00156188, 6.70019e-07, 4.59746e-07, 
0.0241155, -1.7888e-06, 2.52867e-06, 0.0191175, -1.27384e-06, 2.12747e-06, 0.0141195, -7.53836e-07, 1.59912e-06, 0.00787195, -1.42223e-07, 1.04265e-06, 0.00162435, 6.70019e-07, 4.59746e-07, 
0.0241779, -1.66021e-06, 2.56655e-06, 0.0191799, -1.31166e-06, 2.0449e-06, 0.0141819, -8.08657e-07, 1.64296e-06, 0.00793435, -1.34673e-07, 1.12541e-06, 0.00168683, 6.70019e-07, 4.59746e-07, 
0.0242405, -1.63606e-06, 2.52478e-06, 0.0192425, -1.26616e-06, 2.04409e-06, 0.0142444, -8.99203e-07, 1.67525e-06, 0.00799689, -9.86058e-08, 1.15975e-06, 0.0017493, 6.70019e-07, 4.59746e-07, 
0.0243028, -1.6324e-06, 2.41151e-06, 0.0193048, -1.28925e-06, 2.128e-06, 0.0143068, -8.54549e-07, 1.6883e-06, 0.00805932, -1.22005e-07, 1.14088e-06, 0.00181178, 6.70019e-07, 4.59746e-07, 
0.0243654, -1.70042e-06, 2.4006e-06, 0.0193674, -1.29436e-06, 2.11777e-06, 0.0143694, -7.68129e-07, 1.75622e-06, 0.0081218, -1.57162e-07, 1.0859e-06, 0.00187425, 6.70019e-07, 4.59746e-07, 
0.0244278, -1.8414e-06, 2.45592e-06, 0.0194298, -1.22187e-06, 2.10073e-06, 0.0144318, -7.58344e-07, 1.75224e-06, 0.0081843, -1.225e-07, 1.07927e-06, 0.00193673, 6.70019e-07, 4.59746e-07, 
0.0244903, -1.88028e-06, 2.52192e-06, 0.0194923, -1.26177e-06, 2.13317e-06, 0.0144943, -7.15136e-07, 1.64959e-06, 0.00824674, -4.27781e-08, 1.12317e-06, 0.0019992, 6.70018e-07, 4.59746e-07, 
0.0245528, -1.87028e-06, 2.64306e-06, 0.0195548, -1.34446e-06, 2.09506e-06, 0.0145568, -6.66218e-07, 1.6184e-06, 0.00830924, 5.26187e-08, 1.11623e-06, 0.00206168, 6.70018e-07, 4.59746e-07, 
0.0246152, -1.95319e-06, 2.70833e-06, 0.0196172, -1.30391e-06, 2.08713e-06, 0.0146192, -6.85679e-07, 1.62914e-06, 0.00837171, 1.29321e-07, 1.0458e-06, 0.00212415, 6.70019e-07, 4.59746e-07, 
0.0246778, -2.02014e-06, 2.66622e-06, 0.0196798, -1.28366e-06, 2.18215e-06, 0.0146818, -6.42285e-07, 1.59952e-06, 0.00843417, 1.15734e-07, 9.71308e-07, 0.00218663, 6.70019e-07, 4.59746e-07, 
0.0247401, -2.02293e-06, 2.68397e-06, 0.0197422, -1.30801e-06, 2.1923e-06, 0.0147442, -5.64967e-07, 1.61296e-06, 0.00849666, 4.91384e-08, 9.22344e-07, 0.0022491, 6.70019e-07, 4.59746e-07, 
0.0248028, -2.02384e-06, 2.7592e-06, 0.0198048, -1.25294e-06, 2.13531e-06, 0.0148067, -6.142e-07, 1.62539e-06, 0.00855915, 3.00014e-08, 9.42162e-07, 0.00231158, 6.70019e-07, 4.59746e-07, 
0.0248651, -1.92788e-06, 2.76352e-06, 0.0198671, -1.24946e-06, 2.15268e-06, 0.0148691, -6.90746e-07, 1.56578e-06, 0.00862158, 3.6627e-08, 1.02634e-06, 0.00237405, 6.70019e-07, 4.59746e-07, 
0.0249277, -1.75703e-06, 2.73927e-06, 0.0199297, -1.32293e-06, 2.14711e-06, 0.0149317, -7.15094e-07, 1.57848e-06, 0.00868412, 1.41533e-08, 1.07228e-06, 0.00243653, 6.70019e-07, 4.59746e-07, 
0.0249901, -1.7009e-06, 2.68552e-06, 0.0199921, -1.28024e-06, 2.11868e-06, 0.0149941, -7.78762e-07, 1.67814e-06, 0.00874653, -3.20045e-08, 1.05449e-06, 0.002499, 6.70019e-07, 4.59746e-07, 
0.0250526, -1.70654e-06, 2.55425e-06, 0.0200546, -1.21042e-06, 2.182e-06, 0.0150566, -8.08052e-07, 1.71674e-06, 0.00880904, -1.114e-07, 1.05203e-06, 0.00256148, 6.70019e-07, 4.59746e-07, 
0.0251151, -1.66202e-06, 2.49153e-06, 0.0201171, -1.23957e-06, 2.20151e-06, 0.0151191, -7.55287e-07, 1.7338e-06, 0.00887151, -1.88569e-07, 1.08697e-06, 0.00262395, 6.70019e-07, 4.59746e-07, 
0.0251775, -1.65314e-06, 2.55037e-06, 0.0201795, -1.23055e-06, 2.12275e-06, 0.0151815, -7.73638e-07, 1.76402e-06, 0.00893397, -1.71367e-07, 1.14245e-06, 0.00268643, 6.70019e-07, 4.59746e-07, 
0.0252401, -1.66644e-06, 2.57373e-06, 0.0202421, -1.21305e-06, 2.12305e-06, 0.0152441, -8.22273e-07, 1.72208e-06, 0.00899649, -8.62716e-08, 1.20113e-06, 0.0027489, 6.70019e-07, 4.59746e-07, 
0.0253025, -1.65404e-06, 2.56314e-06, 0.0203044, -1.28353e-06, 2.16386e-06, 0.0153064, -7.65954e-07, 1.69387e-06, 0.00905889, -2.94338e-08, 1.19233e-06, 0.00281138, 6.70019e-07, 4.59746e-07, 
0.025365, -1.74446e-06, 2.59124e-06, 0.020367, -1.279e-06, 2.14995e-06, 0.015369, -7.03953e-07, 1.74753e-06, 0.00912146, -2.45525e-09, 1.10236e-06, 0.00287385, 6.70019e-07, 4.59746e-07, 
0.0254274, -1.90498e-06, 2.60255e-06, 0.0204294, -1.20257e-06, 2.18798e-06, 0.0154314, -6.69326e-07, 1.7379e-06, 0.00918384, 1.42117e-08, 1.0333e-06, 0.00293633, 6.70019e-07, 4.59746e-07, 
0.02549, -1.95385e-06, 2.64742e-06, 0.0204919, -1.23387e-06, 2.22793e-06, 0.0154939, -5.86785e-07, 1.66379e-06, 0.00924637, 2.54702e-08, 1.02701e-06, 0.0029988, 6.70019e-07, 4.59746e-07, 
0.0255524, -1.94121e-06, 2.78307e-06, 0.0205544, -1.27192e-06, 2.16271e-06, 0.0155564, -5.6749e-07, 1.63842e-06, 0.00930885, 7.75236e-08, 1.0371e-06, 0.00306128, 6.70019e-07, 4.59746e-07, 
0.0256149, -1.93711e-06, 2.85077e-06, 0.0206169, -1.23999e-06, 2.14613e-06, 0.0156188, -6.37264e-07, 1.60866e-06, 0.00937127, 1.4578e-07, 1.04332e-06, 0.00312375, 6.70019e-07, 4.59746e-07, 
0.0256774, -1.87541e-06, 2.80075e-06, 0.0206794, -1.26529e-06, 2.21237e-06, 0.0156813, -6.36461e-07, 1.58454e-06, 0.00943382, 1.32544e-07, 1.02277e-06, 0.00318623, 6.70019e-07, 4.59746e-07, 
0.0257398, -1.82779e-06, 2.76277e-06, 0.0207418, -1.26895e-06, 2.20959e-06, 0.0157438, -6.1264e-07, 1.65359e-06, 0.00949623, 5.00677e-08, 9.71054e-07, 0.0032487, 6.70019e-07, 4.59746e-07, 
0.0258023, -1.83497e-06, 2.7279e-06, 0.0208043, -1.18014e-06, 2.19788e-06, 0.0158063, -6.63972e-07, 1.70235e-06, 0.00955875, -2.50786e-08, 9.70856e-07, 0.00331118, 6.70019e-07, 4.59746e-07, 
0.0258647, -1.74985e-06, 2.68002e-06, 0.0208667, -1.17807e-06, 2.22347e-06, 0.0158687, -6.94157e-07, 1.66863e-06, 0.00962121, -7.64042e-08, 1.05351e-06, 0.00337365, 6.70019e-07, 4.59746e-07, 
0.0259273, -1.6074e-06, 2.69238e-06, 0.0209293, -1.23624e-06, 2.17204e-06, 0.0159313, -7.18088e-07, 1.68362e-06, 0.00968369, -8.63526e-08, 1.13372e-06, 0.00343613, 6.70019e-07, 4.59746e-07, 
0.0259897, -1.56075e-06, 2.67838e-06, 0.0209917, -1.20322e-06, 2.13225e-06, 0.0159937, -7.98554e-07, 1.73202e-06, 0.00974615, -6.03334e-08, 1.16489e-06, 0.0034986, 6.70019e-07, 4.59746e-07, 
0.0260522, -1.56051e-06, 2.57151e-06, 0.0210542, -1.1869e-06, 2.1998e-06, 0.0160562, -7.99916e-07, 1.74202e-06, 0.00980864, -7.21172e-08, 1.15789e-06, 0.00356108, 6.70019e-07, 4.59746e-07, 
0.0261147, -1.5845e-06, 2.52191e-06, 0.0211167, -1.21082e-06, 2.21888e-06, 0.0161186, -7.14285e-07, 1.78308e-06, 0.00987111, -1.15e-07, 1.12036e-06, 0.00362355, 6.70019e-07, 4.59746e-07, 
0.0261771, -1.68564e-06, 2.56762e-06, 0.0211791, -1.15946e-06, 2.17887e-06, 0.0161811, -6.91907e-07, 1.80852e-06, 0.00993358, -1.01145e-07, 1.10534e-06, 0.00368603, 6.70019e-07, 4.59746e-07, 
0.0262397, -1.74568e-06, 2.61667e-06, 0.0212417, -1.15096e-06, 2.19626e-06, 0.0162436, -6.80324e-07, 1.73066e-06, 0.00999606, -3.07199e-08, 1.14224e-06, 0.0037485, 6.70018e-07, 4.59746e-07, 
0.026302, -1.72681e-06, 2.69424e-06, 0.021304, -1.23249e-06, 2.18931e-06, 0.016306, -6.25351e-07, 1.67488e-06, 0.0100585, 5.00794e-08, 1.15212e-06, 0.00381098, 6.70018e-07, 4.59746e-07, 
0.0263646, -1.77741e-06, 2.76774e-06, 0.0213666, -1.22548e-06, 2.1575e-06, 0.0163686, -6.19516e-07, 1.69161e-06, 0.010121, 1.21266e-07, 1.09249e-06, 0.00387345, 6.70019e-07, 4.59746e-07, 
0.026427, -1.86369e-06, 2.74618e-06, 0.021429, -1.17653e-06, 2.21924e-06, 0.016431, -6.04184e-07, 1.67436e-06, 0.0101835, 1.3319e-07, 1.02064e-06, 0.00393593, 6.70019e-07, 4.59746e-07, 
0.0264896, -1.8769e-06, 2.73575e-06, 0.0214916, -1.19771e-06, 2.26123e-06, 0.0164935, -5.25995e-07, 1.65811e-06, 0.010246, 8.39911e-08, 9.74739e-07, 0.0039984, 6.70019e-07, 4.59746e-07, 
0.026552, -1.87043e-06, 2.807e-06, 0.021554, -1.17732e-06, 2.20478e-06, 0.0165559, -5.29925e-07, 1.67286e-06, 0.0103084, 6.1501e-08, 9.7525e-07, 0.00406088, 6.70019e-07, 4.59746e-07, 
0.0266145, -1.81975e-06, 2.83509e-06, 0.0216165, -1.1429e-06, 2.19369e-06, 0.0166185, -6.08022e-07, 1.63298e-06, 0.0103709, 7.76219e-08, 1.03413e-06, 0.00412335, 6.70019e-07, 4.59746e-07, 
0.026677, -1.67824e-06, 2.80345e-06, 0.0216789, -1.19717e-06, 2.21168e-06, 0.0166809, -6.33521e-07, 1.6103e-06, 0.0104334, 6.72534e-08, 1.08235e-06, 0.00418583, 6.70019e-07, 4.59746e-07, 
0.0267394, -1.5932e-06, 2.76306e-06, 0.0217414, -1.19634e-06, 2.18203e-06, 0.0167434, -6.64341e-07, 1.68793e-06, 0.0104958, 2.46646e-08, 1.06877e-06, 0.0042483, 6.70019e-07, 4.59746e-07, 
0.0268019, -1.59982e-06, 2.66611e-06, 0.0218039, -1.11556e-06, 2.20629e-06, 0.0168059, -7.09574e-07, 1.74316e-06, 0.0105584, -3.88365e-08, 1.05568e-06, 0.00431078, 6.70019e-07, 4.59746e-07, 
0.0268643, -1.56491e-06, 2.58019e-06, 0.0218663, -1.11704e-06, 2.24699e-06, 0.0168683, -6.80738e-07, 1.74427e-06, 0.0106208, -1.10758e-07, 1.08664e-06, 0.00437325, 6.70019e-07, 4.59746e-07, 
0.0269269, -1.52219e-06, 2.60872e-06, 0.0219289, -1.1362e-06, 2.18746e-06, 0.0169309, -6.70808e-07, 1.76771e-06, 0.0106833, -1.20064e-07, 1.13659e-06, 0.00443573, 6.70019e-07, 4.59746e-07, 
0.0269893, -1.52765e-06, 2.64222e-06, 0.0219913, -1.10652e-06, 2.15162e-06, 0.0169932, -7.24948e-07, 1.75697e-06, 0.0107457, -5.36133e-08, 1.18714e-06, 0.0044982, 6.70019e-07, 4.59746e-07, 
0.0270518, -1.51893e-06, 2.61557e-06, 0.0220538, -1.14118e-06, 2.19471e-06, 0.0170558, -7.03947e-07, 1.71883e-06, 0.0108082, 1.51825e-09, 1.19637e-06, 0.00456068, 6.70019e-07, 4.59746e-07, 
0.0271142, -1.55987e-06, 2.61848e-06, 0.0221162, -1.1689e-06, 2.19491e-06, 0.0171182, -6.31142e-07, 1.75158e-06, 0.0108707, 1.97741e-08, 1.13081e-06, 0.00462315, 6.70019e-07, 4.59746e-07, 
0.0271768, -1.6954e-06, 2.63805e-06, 0.0221788, -1.10145e-06, 2.19732e-06, 0.0171807, -5.99771e-07, 1.77049e-06, 0.0109332, 3.58475e-08, 1.0607e-06, 0.00468563, 6.70019e-07, 4.59746e-07, 
0.0272392, -1.76925e-06, 2.66058e-06, 0.0222412, -1.09322e-06, 2.23988e-06, 0.0172432, -5.44618e-07, 1.70385e-06, 0.0109957, 5.32533e-08, 1.04981e-06, 0.0047481, 6.70019e-07, 4.59746e-07, 
0.0273017, -1.75262e-06, 2.75818e-06, 0.0223037, -1.14686e-06, 2.2058e-06, 0.0173057, -4.97345e-07, 1.66039e-06, 0.0110581, 9.33725e-08, 1.06023e-06, 0.00481058, 6.70019e-07, 4.59746e-07, 
0.0273642, -1.75079e-06, 2.84481e-06, 0.0223662, -1.12893e-06, 2.16027e-06, 0.0173682, -5.41552e-07, 1.64655e-06, 0.0111206, 1.59301e-07, 1.05833e-06, 0.00487305, 6.70019e-07, 4.59746e-07, 
0.0274266, -1.72594e-06, 2.81454e-06, 0.0224286, -1.12059e-06, 2.21024e-06, 0.0174306, -5.62501e-07, 1.61641e-06, 0.0111831, 1.71998e-07, 1.03962e-06, 0.00493553, 6.70019e-07, 4.59746e-07, 
0.0274892, -1.67497e-06, 2.76701e-06, 0.0224912, -1.14221e-06, 2.23358e-06, 0.0174931, -5.24444e-07, 1.64696e-06, 0.0112456, 1.0806e-07, 9.95817e-07, 0.004998, 6.70019e-07, 4.59746e-07, 
0.0275515, -1.67202e-06, 2.7507e-06, 0.0225535, -1.08159e-06, 2.20441e-06, 0.0175555, -5.48106e-07, 1.70323e-06, 0.011308, 4.05123e-08, 9.77777e-07, 0.00506048, 6.70019e-07, 4.59746e-07, 
0.0276141, -1.6262e-06, 2.71328e-06, 0.0226161, -1.04245e-06, 2.21711e-06, 0.0176181, -5.94093e-07, 1.68141e-06, 0.0113705, -3.87038e-10, 1.03653e-06, 0.00512295, 6.70019e-07, 4.59746e-07, 
0.0276765, -1.49316e-06, 2.70123e-06, 0.0226785, -1.09585e-06, 2.19845e-06, 0.0176805, -6.07803e-07, 1.66802e-06, 0.011433, -1.73735e-08, 1.11329e-06, 0.00518543, 6.70019e-07, 4.59746e-07, 
0.027739, -1.41891e-06, 2.69947e-06, 0.022741, -1.09138e-06, 2.14426e-06, 0.017743, -6.62981e-07, 1.71597e-06, 0.0114955, -4.44354e-09, 1.14396e-06, 0.0052479, 6.70019e-07, 4.59746e-07, 
0.0278015, -1.41943e-06, 2.61546e-06, 0.0228035, -1.04927e-06, 2.1792e-06, 0.0178055, -6.95968e-07, 1.73739e-06, 0.0115579, -7.8351e-09, 1.14067e-06, 0.00531038, 6.70019e-07, 4.59746e-07, 
0.0278639, -1.4247e-06, 2.53795e-06, 0.0228659, -1.06615e-06, 2.22129e-06, 0.0178679, -6.30399e-07, 1.75517e-06, 0.0116204, -4.93418e-08, 1.11801e-06, 0.00537285, 6.70019e-07, 4.59746e-07, 
0.0279265, -1.48154e-06, 2.56273e-06, 0.0229285, -1.04608e-06, 2.18191e-06, 0.0179304, -5.89039e-07, 1.7886e-06, 0.0116829, -5.55671e-08, 1.10192e-06, 0.00543533, 6.70019e-07, 4.59746e-07, 
0.0279889, -1.54749e-06, 2.60832e-06, 0.0229909, -1.01065e-06, 2.17231e-06, 0.0179929, -5.94926e-07, 1.74444e-06, 0.0117453, 2.29403e-09, 1.12824e-06, 0.0054978, 6.70018e-07, 4.59746e-07, 
0.0280514, -1.53732e-06, 2.65269e-06, 0.0230534, -1.06748e-06, 2.1852e-06, 0.0180554, -5.54606e-07, 1.6758e-06, 0.0118079, 7.41695e-08, 1.14958e-06, 0.00556028, 6.70018e-07, 4.59746e-07, 
0.0281139, -1.55498e-06, 2.71529e-06, 0.0231158, -1.0937e-06, 2.15473e-06, 0.0181178, -5.24107e-07, 1.68251e-06, 0.0118703, 1.35538e-07, 1.10561e-06, 0.00562275, 6.70018e-07, 4.59746e-07, 
0.0281764, -1.64143e-06, 2.71753e-06, 0.0231784, -1.03899e-06, 2.17831e-06, 0.0181804, -5.19666e-07, 1.68436e-06, 0.0119328, 1.61674e-07, 1.03591e-06, 0.00568523, 6.70019e-07, 4.59746e-07, 
0.0282388, -1.676e-06, 2.6926e-06, 0.0232408, -1.03766e-06, 2.23359e-06, 0.0182428, -4.59427e-07, 1.65382e-06, 0.0119952, 1.32461e-07, 9.92112e-07, 0.0057477, 6.70019e-07, 4.59746e-07, 
0.0283013, -1.66274e-06, 2.74447e-06, 0.0233033, -1.04611e-06, 2.19771e-06, 0.0183053, -4.27787e-07, 1.65552e-06, 0.0120577, 1.07861e-07, 9.83515e-07, 0.00581018, 6.70019e-07, 4.59746e-07, 
0.0283638, -1.63515e-06, 2.79378e-06, 0.0233658, -1.00739e-06, 2.15975e-06, 0.0183678, -4.89996e-07, 1.63679e-06, 0.0121202, 1.26023e-07, 1.01961e-06, 0.00587265, 6.70019e-07, 4.59746e-07, 
0.0284262, -1.53398e-06, 2.7677e-06, 0.0234282, -1.02909e-06, 2.18191e-06, 0.0184302, -5.279e-07, 1.59882e-06, 0.0121827, 1.30035e-07, 1.06386e-06, 0.00593513, 6.70019e-07, 4.59746e-07, 
0.0284888, -1.43461e-06, 2.7269e-06, 0.0234907, -1.05572e-06, 2.16916e-06, 0.0184927, -5.35567e-07, 1.64362e-06, 0.0122452, 9.3321e-08, 1.05813e-06, 0.0059976, 6.70019e-07, 4.59746e-07, 
0.0285511, -1.42822e-06, 2.66058e-06, 0.0235532, -9.89149e-07, 2.16264e-06, 0.0185551, -5.75082e-07, 1.70941e-06, 0.0123076, 3.93558e-08, 1.03699e-06, 0.00606008, 6.70019e-07, 4.59746e-07, 
0.0286137, -1.41146e-06, 2.57327e-06, 0.0236157, -9.58174e-07, 2.20192e-06, 0.0186177, -5.74376e-07, 1.71075e-06, 0.0123701, -2.21108e-08, 1.05913e-06, 0.00612255, 6.70019e-07, 4.59746e-07, 
0.0286761, -1.35238e-06, 2.56851e-06, 0.0236781, -9.88439e-07, 2.1727e-06, 0.0186801, -5.50987e-07, 1.717e-06, 0.0124326, -4.78674e-08, 1.1065e-06, 0.00618503, 6.70019e-07, 4.59746e-07, 
0.0287387, -1.33725e-06, 2.60535e-06, 0.0237407, -9.70239e-07, 2.11581e-06, 0.0187426, -5.9176e-07, 1.72634e-06, 0.012495, -3.27182e-09, 1.15003e-06, 0.0062475, 6.70019e-07, 4.59746e-07, 
0.0288012, -1.33668e-06, 2.58104e-06, 0.0238032, -9.71724e-07, 2.14414e-06, 0.0188052, -5.94556e-07, 1.6839e-06, 0.0125577, 1.27719e-07, 1.0614e-06, 0.00631006, 4.93219e-07, 7.09344e-07, 6.24749e-05, 2.00583e-07, 1.29192e-06, 
0.0288636, -1.36412e-06, 2.57857e-06, 0.0238656, -1.00709e-06, 2.16227e-06, 0.0188676, -4.44278e-07, 1.57614e-06, 0.0126201, 2.07363e-07, 9.31154e-07, 0.00637255, 1.59713e-07, 1.20952e-06, 0.00012495, 2.00583e-07, 1.29192e-06, 
0.0289261, -1.52999e-06, 2.69109e-06, 0.0239281, -8.85535e-07, 2.03242e-06, 0.0189301, -2.62634e-07, 1.4117e-06, 0.0126825, 6.82874e-08, 1.09485e-06, 0.00643497, -4.40311e-08, 1.51324e-06, 0.000187425, 2.00583e-07, 1.29192e-06, 
0.0289887, -1.65523e-06, 2.75479e-06, 0.0239907, -6.77415e-07, 1.81523e-06, 0.0189926, -1.89101e-07, 1.31851e-06, 0.012745, -1.84896e-07, 1.49558e-06, 0.00649744, -6.62641e-08, 1.5059e-06, 0.0002499, 2.00583e-07, 1.29192e-06, 
0.029051, -1.41714e-06, 2.47363e-06, 0.024053, -6.57042e-07, 1.72057e-06, 0.019055, -2.54043e-07, 1.45538e-06, 0.0128075, -3.19392e-07, 1.74538e-06, 0.00655995, -5.03568e-08, 1.44124e-06, 0.000312375, 2.00583e-07, 1.29192e-06, 
0.0291136, -9.07161e-07, 1.82928e-06, 0.0241156, -7.54419e-07, 1.82234e-06, 0.0191176, -5.0032e-07, 1.79829e-06, 0.0128701, -2.58272e-07, 1.69094e-06, 0.00662247, -7.90551e-08, 1.4999e-06, 0.00037485, 2.00583e-07, 1.29192e-06, 
0.029176, -4.65055e-07, 1.20736e-06, 0.024178, -7.71257e-07, 1.92985e-06, 0.0191799, -7.87579e-07, 2.12433e-06, 0.0129324, -2.22854e-07, 1.62631e-06, 0.00668483, -6.59586e-08, 1.56538e-06, 0.000437325, 2.00583e-07, 1.29192e-06, 
0.0292386, -2.59813e-07, 9.91028e-07, 0.0242406, -7.12708e-07, 1.84363e-06, 0.0192425, -8.59455e-07, 2.22644e-06, 0.012995, -4.16314e-07, 1.84399e-06, 0.00674737, 2.96156e-08, 1.51313e-06, 0.0004998, 2.00583e-07, 1.29192e-06, 
0.0293009, -2.9842e-07, 1.14175e-06, 0.0243029, -5.89979e-07, 1.63674e-06, 0.0193049, -7.58898e-07, 2.09885e-06, 0.0130574, -6.68098e-07, 2.19761e-06, 0.00680987, 2.97079e-08, 1.50007e-06, 0.000562275, 2.00583e-07, 1.29192e-06, 
0.0293634, -4.30889e-07, 1.33558e-06, 0.0243655, -4.70323e-07, 1.5291e-06, 0.0193675, -6.51539e-07, 1.90565e-06, 0.0131199, -7.12126e-07, 2.31404e-06, 0.00687234, -2.22299e-07, 1.75694e-06, 0.00062475, 2.00583e-07, 1.29192e-06, 
0.029426, -4.73956e-07, 1.40151e-06, 0.024428, -4.87293e-07, 1.57442e-06, 0.0194299, -5.28691e-07, 1.78666e-06, 0.0131823, -6.03022e-07, 2.13454e-06, 0.00693475, -5.7172e-07, 2.17514e-06, 0.000687225, 2.00583e-07, 1.29192e-06, 
0.0294883, -4.95135e-07, 1.43196e-06, 0.0244903, -5.17713e-07, 1.63301e-06, 0.0194923, -4.36021e-07, 1.74956e-06, 0.0132448, -5.62718e-07, 1.98164e-06, 0.00699726, -7.01619e-07, 2.34343e-06, 0.0007497, 2.00583e-07, 1.29192e-06, 
0.0295509, -5.69368e-07, 1.51246e-06, 0.0245529, -4.35123e-07, 1.61426e-06, 0.0195549, -4.68325e-07, 1.76776e-06, 0.0133074, -6.41914e-07, 2.05548e-06, 0.00705981, -5.01249e-07, 2.05144e-06, 0.000812175, 2.00583e-07, 1.29193e-06, 
0.0296133, -5.20777e-07, 1.54859e-06, 0.0246153, -4.37736e-07, 1.61456e-06, 0.0196173, -5.66233e-07, 1.86375e-06, 0.0133697, -6.81101e-07, 2.13205e-06, 0.00712218, -1.70866e-07, 1.56713e-06, 0.00087465, 2.00583e-07, 1.29193e-06, 
0.0296759, -3.30521e-07, 1.45861e-06, 0.0246779, -5.97254e-07, 1.75992e-06, 0.0196799, -6.85643e-07, 2.01594e-06, 0.0134323, -5.15805e-07, 1.92202e-06, 0.00718468, 2.45759e-08, 1.29507e-06, 0.000937125, 2.00583e-07, 1.29193e-06, 
0.0297382, -2.74136e-07, 1.42111e-06, 0.0247402, -7.1121e-07, 1.97346e-06, 0.0197422, -7.85146e-07, 2.08695e-06, 0.0134947, -2.38318e-07, 1.53096e-06, 0.00724717, 4.95398e-08, 1.30003e-06, 0.0009996, 2.00583e-07, 1.29193e-06, 
0.0298008, -5.00674e-07, 1.72056e-06, 0.0248028, -7.18911e-07, 2.0429e-06, 0.0198048, -6.84729e-07, 1.94242e-06, 0.0135573, -1.24412e-07, 1.32314e-06, 0.0073097, 5.90888e-08, 1.33825e-06, 0.00106207, 2.00583e-07, 1.29193e-06, 
0.0298633, -9.27575e-07, 2.33252e-06, 0.0248652, -6.62413e-07, 1.93029e-06, 0.0198672, -3.92271e-07, 1.61826e-06, 0.0136196, -1.99187e-07, 1.39763e-06, 0.00737208, 1.00684e-07, 1.27506e-06, 0.00112455, 2.00583e-07, 1.29193e-06, 
0.0299257, -1.34282e-06, 2.86865e-06, 0.0249277, -5.78457e-07, 1.83894e-06, 0.0199297, -1.70705e-07, 1.32511e-06, 0.0136821, -1.93427e-07, 1.45369e-06, 0.00743457, 6.71972e-08, 1.23989e-06, 0.00118703, 2.00583e-07, 1.29192e-06, 
0.0299882, -1.48217e-06, 3.00706e-06, 0.0249902, -6.18788e-07, 1.92533e-06, 0.0199922, -1.10966e-07, 1.25514e-06, 0.0137447, 1.28632e-09, 1.24415e-06, 0.00749712, -3.7706e-08, 1.325e-06, 0.0012495, 2.00583e-07, 1.29192e-06, 
0.0300506, -1.35401e-06, 2.82117e-06, 0.0250526, -7.70346e-07, 2.09921e-06, 0.0200546, -1.52025e-07, 1.39416e-06, 0.0138071, 1.97155e-07, 9.4817e-07, 0.00755954, -2.74572e-08, 1.34965e-06, 0.00131198, 2.00583e-07, 1.29193e-06, 
0.0301133, -1.22821e-06, 2.60634e-06, 0.0251152, -7.98548e-07, 2.17157e-06, 0.0201172, -2.85094e-07, 1.57798e-06, 0.0138696, 2.18164e-07, 9.06357e-07, 0.00762201, 2.09575e-07, 1.1071e-06, 0.00137445, 2.00583e-07, 1.29193e-06, 
0.0301755, -1.15495e-06, 2.50226e-06, 0.0251775, -7.33452e-07, 2.1074e-06, 0.0201795, -4.14491e-07, 1.6974e-06, 0.013932, 1.05053e-07, 1.11971e-06, 0.00768447, 5.17413e-07, 7.39486e-07, 0.00143693, 2.00583e-07, 1.29192e-06, 
0.0302381, -1.02435e-06, 2.41597e-06, 0.0252401, -7.55256e-07, 2.04468e-06, 0.0202421, -4.47348e-07, 1.75159e-06, 0.0139946, 4.91158e-08, 1.26912e-06, 0.00774704, 6.08214e-07, 6.38919e-07, 0.0014994, 2.00583e-07, 1.29192e-06, 
0.0303005, -9.27801e-07, 2.28597e-06, 0.0253025, -7.79217e-07, 2.06138e-06, 0.0203045, -4.40306e-07, 1.74502e-06, 0.014057, 1.29404e-07, 1.20897e-06, 0.00780943, 3.8747e-07, 9.60608e-07, 0.00156188, 2.00583e-07, 1.29192e-06, 
0.0303631, -9.70101e-07, 2.22992e-06, 0.0253651, -7.06953e-07, 2.04273e-06, 0.020367, -3.6938e-07, 1.65593e-06, 0.0141195, 1.51649e-07, 1.1768e-06, 0.0078719, 7.26798e-08, 1.42066e-06, 0.00162435, 2.00583e-07, 1.29192e-06, 
0.0304255, -1.07296e-06, 2.31227e-06, 0.0254275, -5.92075e-07, 1.87945e-06, 0.0204295, -1.96046e-07, 1.5166e-06, 0.014182, -4.85549e-08, 1.41591e-06, 0.00793442, -9.23248e-08, 1.65874e-06, 0.00168683, 2.00583e-07, 1.29192e-06, 
0.0304879, -1.09825e-06, 2.32806e-06, 0.0254899, -4.56242e-07, 1.68059e-06, 0.0204919, -1.145e-07, 1.45654e-06, 0.0142444, -2.9733e-07, 1.78573e-06, 0.0079969, -1.19283e-07, 1.65194e-06, 0.0017493, 2.00583e-07, 1.29192e-06, 
0.0305506, -8.83094e-07, 2.02157e-06, 0.0255526, -3.96581e-07, 1.63729e-06, 0.0205545, -2.50315e-07, 1.6017e-06, 0.0143069, -3.59679e-07, 1.94541e-06, 0.00805935, -1.43586e-07, 1.63128e-06, 0.00181178, 2.00583e-07, 1.29192e-06, 
0.0306129, -4.24567e-07, 1.45779e-06, 0.0256149, -4.98538e-07, 1.75111e-06, 0.0206169, -4.67187e-07, 1.908e-06, 0.0143693, -2.90131e-07, 1.84588e-06, 0.00812178, -1.69649e-07, 1.68952e-06, 0.00187425, 2.00583e-07, 1.29192e-06, 
0.0306755, -4.95447e-08, 1.00537e-06, 0.0256775, -5.59233e-07, 1.83216e-06, 0.0206795, -6.49047e-07, 2.16131e-06, 0.0144319, -2.95874e-07, 1.79454e-06, 0.00818437, -1.11798e-07, 1.68883e-06, 0.00193673, 2.00583e-07, 1.29192e-06, 
0.0307378, 1.39131e-08, 9.37399e-07, 0.0257398, -4.46726e-07, 1.75038e-06, 0.0207418, -7.25135e-07, 2.19698e-06, 0.0144943, -4.49561e-07, 1.98872e-06, 0.00824677, 3.02034e-09, 1.57177e-06, 0.0019992, 2.00583e-07, 1.29192e-06, 
0.0308005, -8.15058e-08, 1.15817e-06, 0.0258024, -3.51213e-07, 1.60027e-06, 0.0208044, -6.27453e-07, 2.05299e-06, 0.0145568, -6.08943e-07, 2.22172e-06, 0.00830924, 3.83211e-09, 1.53811e-06, 0.00206168, 2.00583e-07, 1.29192e-06, 
0.0308628, -1.89333e-07, 1.3869e-06, 0.0258648, -3.49722e-07, 1.56097e-06, 0.0208668, -4.70662e-07, 1.87345e-06, 0.0146193, -5.85173e-07, 2.19632e-06, 0.00837172, -2.12714e-07, 1.76519e-06, 0.00212415, 2.00583e-07, 1.29192e-06, 
0.0309253, -3.19405e-07, 1.51904e-06, 0.0259273, -3.44247e-07, 1.64126e-06, 0.0209293, -3.80754e-07, 1.74776e-06, 0.0146818, -4.30293e-07, 1.95979e-06, 0.00843425, -4.82266e-07, 2.08294e-06, 0.00218663, 2.00583e-07, 1.29192e-06, 
