0.0160763, 0, 0, 0.0140667, 0, 0, 0.0120572, 0, 0, 0.0100477, 0, 0, 0.00803813, 0, 0, 0.0060286, 0, 0, 0.00401906, 0, 0, 0.00200953, 0, 0, 
0.0184568, 0.000763973, 0.000241747, 0.0166589, -9.19942e-05, -2.90999e-05, 0.0147475, -0.000683264, -0.000216191, 0.0127385, -0.000729254, -0.000230747, 0.0107419, -0.000513035, -0.000162291, 0.00875137, -0.000250031, -7.84765e-05, 0.006812, 0.00025268, 7.76032e-05, 0.00494373, 0.000967874, 0.000268022, 0.00218678, 0.00205847, 0.000693138, 0.0001849, 0.00206781, 0.00136298, 
0.0211144, -0.000915852, 1.09543e-05, 0.0191569, -0.000509065, -0.000191577, 0.0171593, -0.000310351, -0.000282895, 0.0151521, -0.000215736, -0.000262187, 0.0131441, -0.000175437, -0.000194156, 0.0111366, -0.000184929, -0.000105255, 0.0091335, -8.73196e-05, 2.25656e-05, 0.00721434, 0.000435094, 0.000309149, 0.00461286, 0.00170564, 0.00107653, 0.00250486, 0.00181013, 0.0011184, 0.000363037, 0.00122819, 0.000786492, 
0.0238704, -0.00100849, -0.000532929, 0.0218656, -0.00094515, -0.000410716, 0.0198601, -0.000839736, -0.000341712, 0.0178726, -0.000566925, -0.000224885, 0.0159241, -0.000123746, -1.19116e-05, 0.0139644, 0.000296449, 0.000133156, 0.0119583, 0.000408297, 9.75796e-05, 0.00995145, 0.000319048, 4.31286e-05, 0.00697345, 0.000517343, 0.00029432, 0.00494466, 0.00101131, 0.00060467, 0.00271755, 0.000775146, 0.000747607, 0.000546909, 0.000193283, 0.000719585, 
0.026218, -0.00120969, -0.000528571, 0.0242113, -0.00130602, -0.00057248, 0.0222162, -0.00107205, -0.000517026, 0.0203001, -0.000513587, -0.000282677, 0.0183761, 5.38344e-06, -2.37788e-05, 0.0163779, 0.00020597, 4.93189e-05, 0.0143687, 0.000240453, 3.47575e-05, 0.0123616, 0.000327776, 7.95528e-05, 0.00936974, 0.000448183, 0.000152317, 0.00726993, 0.000483884, 0.000366426, 0.0050341, 0.000294442, 0.000403981, 0.00284278, -0.000203122, 0.000364182, 0.000769093, -0.000422199, 0.000488883, 
0.0286204, -0.00157429, -0.000577846, 0.0266212, -0.00138172, -0.000642912, 0.024633, -0.00109998, -0.00056488, 0.022669, -0.000706766, -0.000402468, 0.0207117, -0.000276487, -0.000254527, 0.0187293, 2.95905e-05, -0.000133087, 0.0167275, 0.000192263, -6.6682e-05, 0.0147252, 0.000344914, 9.05633e-06, 0.0117397, 0.000485603, 0.000204299, 0.00964961, 0.000237131, 4.33275e-05, 0.00744311, -0.000161354, -5.06101e-05, 0.00523606, -9.44488e-05, 0.000368287, 0.00322695, 9.77112e-05, 0.000907065, 0.000945865, 0.000341359, 0.00152229, 
0.0310711, -0.00204476, -0.000952833, 0.0291648, -0.00149196, -0.00063878, 0.0272135, -0.00104926, -0.000452376, 0.0252281, -0.000745337, -0.000388124, 0.0232348, -0.000491862, -0.000367375, 0.0212372, -0.000274226, -0.000390731, 0.0192318, -0.000153981, -0.000438086, 0.0172243, -7.23651e-05, -0.000475247, 0.014235, 0.000115363, -0.000485296, 0.0121852, 0.000364009, -4.63272e-05, 0.0101139, 0.000682173, 0.000756544, 0.00788845, 0.000698211, 0.00106993, 0.00580981, 0.000495284, 0.00102782, 0.00347157, 0.000165534, 0.000772602, 0.00114159, -0.000404952, 0.000319589, 
0.0335493, -0.00161286, -0.000315378, 0.0315571, -0.00154336, -0.000569179, 0.0295649, -0.00146072, -0.000819315, 0.027567, -0.00129075, -0.000953115, 0.0255757, -0.00102263, -0.000918018, 0.0236075, -0.000664166, -0.000729468, 0.0216708, -0.000215913, -0.000434959, 0.0197364, 0.000235096, -0.000130299, 0.0167821, 0.000616338, 0.000182022, 0.0146824, 0.00073369, 0.000365549, 0.0124397, 0.000665427, 0.000408689, 0.0101992, 0.000489419, 0.000387553, 0.00811159, 0.000415814, 0.000374535, 0.00574456, 0.000224703, 0.000417942, 0.00331865, -5.55296e-06, 0.000564268, 0.00134062, -0.000299817, 0.000469686, 
0.0358635, -0.00216098, -0.000885345, 0.0338724, -0.00189129, -0.000855633, 0.0318919, -0.00155998, -0.000777719, 0.0299091, -0.00123971, -0.000714222, 0.0279155, -0.000987692, -0.000692762, 0.0259265, -0.000707254, -0.000635414, 0.0239427, -0.000392627, -0.000574691, 0.0219591, -8.53452e-05, -0.000477508, 0.0190608, 0.000498139, 1.92173e-06, 0.0169829, 0.000839371, 0.000151209, 0.0147397, 0.000787225, 0.000190843, 0.0125131, 0.000494558, 0.000277605, 0.010426, 0.00042078, 0.000324969, 0.00805281, 0.000367883, 0.000406235, 0.00561241, 0.00033175, 0.000457279, 0.00361089, 0.000351575, 0.000498271, 0.00153046, 0.000288156, 0.00053797, 
0.0381107, -0.00234057, -0.00106323, 0.0361066, -0.00221369, -0.000985905, 0.034121, -0.00191327, -0.000913616, 0.0321721, -0.0014412, -0.000783236, 0.0302201, -0.000988392, -0.000631228, 0.0282449, -0.00062649, -0.000554596, 0.0262581, -0.000329691, -0.000503609, 0.0242638, -9.85454e-05, -0.000416048, 0.0212847, 0.000190876, -0.000306767, 0.0191843, 0.000402201, -0.000293644, 0.0169533, 0.000569583, -0.000119083, 0.0147679, 0.000755517, 0.000371476, 0.0127025, 0.000835148, 0.000674193, 0.0103278, 0.000791461, 0.000672374, 0.00789686, 0.000637408, 0.000510384, 0.00591976, 0.000558299, 0.000205442, 0.00385879, 0.000388448, -3.39819e-05, 0.00172484, 0.000205672, -0.000288352, 
0.0403628, -0.00279337, -0.00124035, 0.0384057, -0.00240722, -0.000998232, 0.0364349, -0.00203602, -0.000869411, 0.0344644, -0.00164181, -0.000864388, 0.0324965, -0.0012352, -0.000861913, 0.0305176, -0.000889291, -0.000809663, 0.0285319, -0.00059519, -0.000717667, 0.0265515, -0.000291068, -0.000562796, 0.0236097, 0.000176199, -0.000249242, 0.0215474, 0.000541866, 1.45639e-05, 0.0193437, 0.000839236, 0.000316929, 0.0170964, 0.00086199, 0.000312604, 0.0150092, 0.000788386, 0.000267102, 0.0126353, 0.000812339, 0.000338921, 0.0101952, 0.000751026, 0.000380357, 0.00819379, 0.000793215, 0.000355793, 0.0061128, 0.000751559, 0.000316777, 0.00396041, 0.000652428, 0.000220641, 0.00191782, 0.000526325, 7.02451e-05, 
0.0425693, -0.0028887, -0.00096196, 0.0405809, -0.0026247, -0.00108351, 0.0385913, -0.00235271, -0.00115997, 0.0366116, -0.00200837, -0.00113874, 0.0346511, -0.00158218, -0.00102601, 0.032698, -0.00114319, -0.000850085, 0.0307492, -0.000707084, -0.000625828, 0.0288003, -0.000270618, -0.000403147, 0.0258527, 0.000225674, -0.00021258, 0.0237601, 0.000487161, -0.000119223, 0.0215275, 0.000706401, -5.89433e-05, 0.019292, 0.000864085, 0.000110871, 0.0172304, 0.000930895, 0.000441214, 0.0148682, 0.000949059, 0.000687763, 0.0124306, 0.00102616, 0.000796641, 0.0104302, 0.00102826, 0.000717336, 0.00836397, 0.000916172, 0.000489046, 0.00624091, 0.000781528, 0.000133609, 0.00424637, 0.000661777, -0.000333454, 0.00210232, 0.000457927, -0.000899287, 0.000107871, -0.000338372, -0.000963069, 
0.0446726, -0.00338878, -0.00143278, 0.0427167, -0.00295621, -0.00127399, 0.0407643, -0.00252586, -0.00107092, 0.038799, -0.00213666, -0.00091483, 0.0368252, -0.00176044, -0.000887989, 0.0348573, -0.00135408, -0.000912216, 0.0328871, -0.00095858, -0.000911549, 0.030917, -0.000569166, -0.000837556, 0.0280109, 6.49428e-05, -0.000486404, 0.0259558, 0.000467275, -0.000220071, 0.0237513, 0.000707728, 0.000124178, 0.0215527, 0.000825757, 0.00057521, 0.0194918, 0.00108733, 0.000794197, 0.0171364, 0.00139263, 0.000798032, 0.0146953, 0.00140521, 0.000776284, 0.0126957, 0.00132182, 0.00072286, 0.0106253, 0.00111904, 0.000646526, 0.00849251, 0.000891077, 0.000420101, 0.0065207, 0.000550819, -3.47579e-05, 0.00452908, -0.000144843, -0.000747631, 0.00238352, -0.000223997, -0.000827007, 0.000283749, 0.000575135, -4.79458e-05, 
0.0470319, -0.00364938, -0.00124547, 0.0450468, -0.00333858, -0.00121988, 0.043079, -0.0029328, -0.00125974, 0.0411284, -0.00245179, -0.00130329, 0.0391672, -0.00201658, -0.0012513, 0.0371973, -0.00164407, -0.00111435, 0.0352372, -0.00124191, -0.000928532, 0.0332971, -0.000766019, -0.000710148, 0.0304026, -5.95686e-05, -0.000404394, 0.028319, 0.000253553, -0.000273185, 0.0261098, 0.000558351, -2.257e-05, 0.0240551, 0.00124801, 0.000571874, 0.0221145, 0.00180828, 0.00110474, 0.0197489, 0.00187522, 0.00130702, 0.017319, 0.00165983, 0.00121616, 0.0153895, 0.00129681, 0.00082409, 0.0133721, 0.000945909, 0.000449197, 0.0112603, 0.00060489, 0.000173843, 0.00923236, 0.000365089, -2.79129e-05, 0.00700709, 0.000399878, -0.00010287, 0.00485962, 0.000462848, -0.000122748, 0.00249052, 0.000302263, 4.45631e-06, 0.000494898, 0.000292766, 0.000105907, 
0.0492963, -0.0041405, -0.00154004, 0.0473745, -0.00360284, -0.00130397, 0.0454155, -0.0031643, -0.00121202, 0.043431, -0.00286099, -0.00130008, 0.0414486, -0.00255002, -0.00140781, 0.0394845, -0.00212505, -0.00141231, 0.0375438, -0.00161902, -0.00128682, 0.035645, -0.00103191, -0.000989697, 0.0329001, -3.18771e-05, -0.000329144, 0.0309132, 0.000587064, 2.47617e-05, 0.0287736, 0.00114171, 0.000413033, 0.0265498, 0.00135664, 0.00065735, 0.0244745, 0.0014698, 0.000866983, 0.0221135, 0.00166293, 0.00103899, 0.0196724, 0.00163848, 0.00103077, 0.0176756, 0.00150204, 0.000981743, 0.0156045, 0.00133734, 0.000851335, 0.0134691, 0.0011157, 0.000644496, 0.0114509, 0.000858596, 0.000377293, 0.00925718, 0.000519525, 0.000199967, 0.00713453, 0.000201114, 0.000294779, 0.004767, 0.000253764, 7.88531e-05, 0.00281469, 0.000590589, -0.00018172, 0.000681648, 0.00100605, -0.00044307, 
0.0515762, -0.00431834, -0.0013665, 0.0495877, -0.00404948, -0.00147426, 0.0475974, -0.0037862, -0.00156262, 0.0456262, -0.00339585, -0.00157633, 0.0436883, -0.00286772, -0.00151641, 0.0417659, -0.00229959, -0.00137501, 0.0398791, -0.00166035, -0.00111101, 0.0380185, -0.000965114, -0.000806263, 0.0351549, -0.000134927, -0.000520962, 0.0331214, 0.000358931, -0.000243099, 0.0309827, 0.000847913, 0.000229443, 0.028826, 0.00129628, 0.000674956, 0.0267775, 0.00167748, 0.000823561, 0.024418, 0.0019097, 0.000965998, 0.0219839, 0.00188093, 0.00114932, 0.0199859, 0.00175748, 0.00117702, 0.0179302, 0.00142929, 0.00119371, 0.015807, 0.00105982, 0.00110862, 0.0137775, 0.000829145, 0.000911965, 0.0115748, 0.00062127, 0.000659507, 0.00948233, 0.000638524, 0.000172453, 0.00714674, 0.000745157, -0.000261415, 0.00515487, 0.000765392, -0.000103481, 0.00297535, 0.00081773, 9.07727e-05, 0.000872732, 0.000875592, 0.000244409, 
0.0536281, -0.00521867, -0.00180471, 0.0517083, -0.00463966, -0.00167347, 0.0497927, -0.00403682, -0.00160019, 0.0478659, -0.0034683, -0.00155183, 0.0459194, -0.00297812, -0.00145516, 0.0439731, -0.00249689, -0.00131905, 0.0420357, -0.00198184, -0.00117925, 0.0401133, -0.00141708, -0.00102589, 0.0373071, -0.000418436, -0.000711291, 0.0353432, 0.000274588, -0.000366572, 0.0332217, 0.000897246, 1.78221e-05, 0.0310737, 0.00146184, 0.000361754, 0.0290551, 0.00175862, 0.000810168, 0.0267387, 0.00184257, 0.00132844, 0.0243051, 0.00183759, 0.00152024, 0.0223047, 0.00175918, 0.00154599, 0.0202302, 0.00166968, 0.00139718, 0.0181001, 0.00146428, 0.00112876, 0.01609, 0.00114808, 0.000863744, 0.0139021, 0.000863666, 0.000561863, 0.0117621, 0.000758348, 0.000402748, 0.00939076, 0.000787875, 0.000228477, 0.00739558, 0.000681756, 0.000258391, 0.00521108, 0.000643812, 0.000389846, 0.00310419, 0.000640563, 0.000484565, 0.00106653, 0.000642509, 0.00063633, 
0.055751, -0.00553545, -0.00192637, 0.0538007, -0.00505577, -0.00185803, 0.0518567, -0.00456692, -0.00171627, 0.0499214, -0.00405175, -0.001551, 0.048001, -0.00346468, -0.00147652, 0.0461091, -0.0027872, -0.00147068, 0.0442293, -0.00207861, -0.00142142, 0.0423468, -0.00139383, -0.0012614, 0.0395332, -0.000471221, -0.000810738, 0.037538, 0.000106279, -0.000433605, 0.0354113, 0.000706621, -4.24733e-05, 0.0332853, 0.00125054, 0.000442302, 0.0312904, 0.00164485, 0.000920723, 0.0289669, 0.00192987, 0.00132208, 0.0265438, 0.00210058, 0.00156522, 0.0245426, 0.00206775, 0.00160979, 0.0224678, 0.00192098, 0.00152222, 0.0203341, 0.0017173, 0.00128189, 0.0183187, 0.00143107, 0.00102338, 0.0161353, 0.00108577, 0.000754582, 0.014008, 0.000847648, 0.000570619, 0.0116326, 0.000759295, 0.000634145, 0.00963692, 0.000680259, 0.000570683, 0.00745432, 0.000590242, 0.000433097, 0.00534764, 0.000508597, 0.000376529, 0.00330844, 0.000448494, 0.000261785, 0.00126132, 0.00046456, 0.000179884, 
0.057708, -0.00623082, -0.00176433, 0.0558184, -0.00555623, -0.00187744, 0.0539058, -0.0049417, -0.00192771, 0.0519832, -0.00435828, -0.00189444, 0.0500689, -0.00375465, -0.00179788, 0.0481627, -0.00313513, -0.00165292, 0.0462751, -0.00246688, -0.0014836, 0.0444178, -0.00172629, -0.00128343, 0.0416498, -0.000665906, -0.000853743, 0.039675, -2.17346e-05, -0.000477513, 0.0375724, 0.000633163, -4.58813e-05, 0.0354648, 0.00122374, 0.000464398, 0.0334822, 0.00168295, 0.000935725, 0.0311498, 0.00202058, 0.00123124, 0.0287235, 0.00219872, 0.00143238, 0.026725, 0.00224119, 0.00154441, 0.0246453, 0.00215557, 0.00158171, 0.0224955, 0.0019844, 0.00155463, 0.0204653, 0.00171124, 0.00143407, 0.0182745, 0.00137833, 0.00121477, 0.0161547, 0.0011128, 0.0009872, 0.0138306, 0.000741183, 0.000647815, 0.0118612, 0.000534758, 0.000380112, 0.00967784, 0.000465174, 0.000242672, 0.00756887, 0.000468068, 0.000227644, 0.00552852, 0.000512023, 0.000328348, 0.00348374, 0.000556548, 0.000448988, 0.00145357, 0.000626332, 0.000572685, 
0.0596319, -0.00671772, -0.00203133, 0.0577382, -0.00604714, -0.0019808, 0.055837, -0.00539643, -0.00196366, 0.0539262, -0.00477427, -0.00197215, 0.0520156, -0.00415207, -0.00194492, 0.0501241, -0.00348172, -0.00184121, 0.0482596, -0.00275121, -0.0016733, 0.0464159, -0.00198788, -0.00143577, 0.0436745, -0.000896117, -0.000921956, 0.0417237, -0.000201482, -0.0005119, 0.0396422, 0.000505551, -6.07738e-05, 0.0375285, 0.00115958, 0.000333481, 0.0355298, 0.00165187, 0.000689709, 0.0332492, 0.00213762, 0.00114125, 0.0308641, 0.00243223, 0.00156997, 0.0288746, 0.00247523, 0.00178979, 0.026796, 0.00238727, 0.00186312, 0.024651, 0.00218074, 0.00177224, 0.0226333, 0.00187875, 0.00155239, 0.0204529, 0.00153057, 0.00126332, 0.0183442, 0.00120824, 0.00100762, 0.0160063, 0.000890168, 0.000711803, 0.0140295, 0.000692488, 0.000497306, 0.0118521, 0.000527917, 0.000347213, 0.00974842, 0.000418178, 0.000243902, 0.00770614, 0.000371758, 0.000289203, 0.00566154, 0.000391394, 0.000419056, 0.00363462, 0.000491552, 0.000571823, 0.00164371, 0.000615098, 0.000752837, 
0.0615159, -0.00717757, -0.00218868, 0.0596119, -0.00653603, -0.00215232, 0.0577068, -0.00589734, -0.00212373, 0.0558089, -0.00523974, -0.00206315, 0.053922, -0.0045538, -0.00197614, 0.0520455, -0.00384046, -0.00188727, 0.0501873, -0.00308746, -0.00175173, 0.0483489, -0.00230196, -0.00154839, 0.0456002, -0.00116554, -0.00119589, 0.0436705, -0.000388515, -0.00083713, 0.0416377, 0.000400243, -0.000306094, 0.0396015, 0.00113896, 0.000293369, 0.0376627, 0.00173244, 0.000795722, 0.0353969, 0.0022348, 0.00130078, 0.0330105, 0.00254394, 0.00171209, 0.0310196, 0.00264522, 0.00189665, 0.0289391, 0.00260216, 0.00195396, 0.0267914, 0.00243382, 0.0018491, 0.0247666, 0.00216395, 0.00165445, 0.0225848, 0.00177773, 0.00143208, 0.0205001, 0.00136565, 0.0011154, 0.0181892, 0.000940497, 0.000750038, 0.0162084, 0.000738974, 0.00058033, 0.0140298, 0.000586708, 0.000434726, 0.0119331, 0.000409687, 0.000292382, 0.00989297, 0.000310084, 0.0002355, 0.00784505, 0.000249358, 0.000237171, 0.00581317, 0.000276234, 0.000348937, 0.00381669, 0.000350395, 0.000491612, 0.00183506, 0.000481979, 0.000705393, 
0.0633784, -0.0077207, -0.00231003, 0.0614836, -0.00705338, -0.00225947, 0.0595896, -0.00638305, -0.00222077, 0.0576982, -0.00570498, -0.00218785, 0.0558136, -0.00500901, -0.00214106, 0.0539422, -0.00428088, -0.00206523, 0.0520902, -0.00350978, -0.00194736, 0.0502665, -0.00268546, -0.00176612, 0.0475888, -0.00140999, -0.00134931, 0.0457089, -0.000544404, -0.000933325, 0.043697, 0.000298032, -0.000405267, 0.0416625, 0.0010668, 0.000161308, 0.0397741, 0.00174419, 0.000743205, 0.0375663, 0.00237195, 0.00135387, 0.0351959, 0.00275886, 0.00179087, 0.0332145, 0.00291291, 0.00203245, 0.0311348, 0.00289999, 0.00212441, 0.0289876, 0.00270689, 0.00205846, 0.0269621, 0.0024255, 0.00188882, 0.0247789, 0.00207107, 0.0016309, 0.0226953, 0.00165358, 0.00131437, 0.0204537, 0.00107212, 0.000773891, 0.0185041, 0.00073566, 0.000493346, 0.0163219, 0.000575555, 0.000440011, 0.0142237, 0.000391788, 0.000331762, 0.0121822, 0.000311167, 0.000297212, 0.0101385, 0.00020077, 0.000203283, 0.00810505, 0.000138323, 0.0001507, 0.00610252, 9.75731e-05, 0.000150086, 0.00410589, 7.02356e-05, 0.000200977, 0.0020217, 4.72255e-05, 0.000263098, 3.38641e-05, -0.000335345, 0.000373914, 
0.0651903, -0.00824022, -0.00231066, 0.0632886, -0.00759235, -0.00235406, 0.061398, -0.00691143, -0.00236641, 0.0595206, -0.00619476, -0.00235747, 0.0576473, -0.0054675, -0.0023457, 0.055785, -0.00471461, -0.00229169, 0.0539518, -0.00390286, -0.00215492, 0.0521543, -0.00303232, -0.00193229, 0.0495164, -0.00170048, -0.00144417, 0.0476804, -0.000759149, -0.000997618, 0.0457039, 0.000173456, -0.000487912, 0.0436843, 0.000996917, 5.45918e-05, 0.0418034, 0.00170958, 0.000618535, 0.0396611, 0.00246161, 0.0013159, 0.0373565, 0.00299886, 0.00191574, 0.0353791, 0.00317829, 0.00217225, 0.0332997, 0.00317103, 0.00226974, 0.0311533, 0.00297148, 0.0021984, 0.0291295, 0.00267999, 0.00202519, 0.0269466, 0.0023159, 0.00177841, 0.024864, 0.001892, 0.0014631, 0.0225664, 0.0013784, 0.00112894, 0.0206435, 0.000954061, 0.000789222, 0.0184925, 0.000693054, 0.000479605, 0.0164138, 0.000444747, 0.000224558, 0.0143846, 0.000267298, 6.25736e-05, 0.0123452, 0.000112456, -5.66438e-05, 0.0103138, -1.12222e-05, -6.82732e-05, 0.0083139, -0.000109099, -1.81902e-05, 0.0063217, -0.000210602, 8.52626e-05, 0.00424447, -0.00032389, 0.000228522, 0.00222022, -0.000285474, 0.000333759, 0.000222854, -0.000105555, 0.000358299, 
0.0669257, -0.00879565, -0.00238567, 0.0650261, -0.00814588, -0.00247281, 0.0631396, -0.00745544, -0.00252316, 0.0612802, -0.00669355, -0.00250717, 0.0594359, -0.00589706, -0.00245696, 0.0575896, -0.00510532, -0.00240854, 0.0557538, -0.00429204, -0.00232625, 0.0539554, -0.00341376, -0.0021456, 0.0513471, -0.002022, -0.00166547, 0.049553, -0.00101375, -0.00119524, 0.0476556, 2.50201e-05, -0.000597749, 0.0457261, 0.000963648, 7.07672e-05, 0.0438867, 0.001735, 0.000691603, 0.0417076, 0.00248012, 0.0012725, 0.0394048, 0.00308713, 0.00180955, 0.0374491, 0.00334491, 0.00215154, 0.0353786, 0.00341095, 0.00235658, 0.0332256, 0.00329285, 0.00240754, 0.0311926, 0.00302766, 0.0023216, 0.0290153, 0.0026269, 0.00208188, 0.026944, 0.00216295, 0.00174986, 0.0246518, 0.00171342, 0.00130449, 0.0227365, 0.00135302, 0.000863048, 0.020628, 0.000905812, 0.000482156, 0.0185854, 0.000464314, 0.000197822, 0.0165812, 0.000136729, -2.76727e-05, 0.0145553, -0.000132093, -0.000173338, 0.0125248, -0.000255114, -0.000233142, 0.0105229, -0.000316746, -0.000215692, 0.00852647, -0.000334713, -0.000153762, 0.00645299, -0.000246658, 4.91925e-05, 0.00444013, -0.000134048, 0.000263297, 0.00243988, -0.00023878, 0.000160885, 0.00040985, -0.00037665, 3.3959e-05, 
0.0686095, -0.00937364, -0.00249765, 0.0667204, -0.00869199, -0.00256995, 0.0648395, -0.00798783, -0.00263579, 0.0629808, -0.00722473, -0.00267239, 0.0611501, -0.00639634, -0.00264962, 0.0593347, -0.00553866, -0.00256814, 0.0575226, -0.00467722, -0.00245524, 0.0557403, -0.00376588, -0.00227935, 0.0531874, -0.00227663, -0.00179365, 0.0514076, -0.00124117, -0.00132837, 0.0495178, -0.000178661, -0.000748963, 0.047615, 0.00083395, -0.00011265, 0.0458278, 0.0017139, 0.000516113, 0.0437069, 0.0025147, 0.00122454, 0.0414403, 0.00311456, 0.00190431, 0.0395164, 0.00349115, 0.00231077, 0.0374565, 0.00366671, 0.00255466, 0.035301, 0.00363875, 0.00262658, 0.0332611, 0.00345322, 0.00250387, 0.0310843, 0.00306495, 0.00224053, 0.0289953, 0.00264438, 0.00196677, 0.0267234, 0.00208211, 0.00154565, 0.0248864, 0.001488, 0.00103064, 0.0228458, 0.000889994, 0.000512071, 0.0208021, 0.000475458, 0.000196588, 0.0188015, 0.000151054, -6.29483e-05, 0.016773, -9.82173e-05, -0.000206694, 0.0147476, -0.000272186, -0.00030306, 0.0127489, -0.000396642, -0.000345288, 0.0107525, -0.000458844, -0.00035305, 0.00866855, -0.000513781, -0.000302327, 0.00664628, -0.00057793, -0.000174102, 0.00464598, -0.000445921, -0.000112159, 0.00262191, -0.000202614, -0.000105051, 0.000607288, -1.36736e-05, -3.74838e-05, 
0.0701886, -0.0100256, -0.00266065, 0.0683313, -0.00925965, -0.00270506, 0.0664779, -0.00848396, -0.00274391, 0.0646337, -0.00768597, -0.00275729, 0.0627992, -0.00686579, -0.00274681, 0.0609848, -0.00600258, -0.00271374, 0.0592043, -0.00507512, -0.00262423, 0.0574645, -0.004087, -0.00243787, 0.054936, -0.00254982, -0.00197478, 0.0531761, -0.0014743, -0.00152482, 0.0513123, -0.000391501, -0.000900293, 0.0494584, 0.000659953, -0.000187098, 0.047677, 0.00154813, 0.000446549, 0.0455955, 0.00244418, 0.00115749, 0.0434312, 0.00326628, 0.00193183, 0.0415433, 0.00373103, 0.00240939, 0.0394966, 0.00397695, 0.00269947, 0.0373425, 0.00398966, 0.00280769, 0.0353034, 0.00378763, 0.00269825, 0.033122, 0.00341947, 0.00244461, 0.0310543, 0.00292877, 0.00212862, 0.0288134, 0.00227728, 0.00167183, 0.0269188, 0.00181066, 0.00124104, 0.0248599, 0.00127358, 0.000728111, 0.0228619, 0.000712005, 0.000353106, 0.0209051, 0.000234387, 9.46546e-06, 0.0189152, -0.000174355, -0.000256406, 0.0169146, -0.000501248, -0.000436839, 0.0149251, -0.000695559, -0.000562958, 0.0129328, -0.000815343, -0.000643633, 0.0108479, -0.000788894, -0.000620816, 0.00883495, -0.000618767, -0.000449661, 0.00684406, -0.000428662, -0.00029915, 0.00480769, -0.000336355, -0.000270588, 0.00279116, -0.000165686, -0.000211828, 0.00080008, -7.83395e-06, -0.000157536, 
0.0717041, -0.0106533, -0.0027532, 0.0698747, -0.00982317, -0.00279835, 0.0680405, -0.00900503, -0.0028658, 0.0662091, -0.00817923, -0.00291561, 0.0643957, -0.00731349, -0.00290359, 0.062609, -0.00639578, -0.00284294, 0.0608464, -0.00543559, -0.00274493, 0.059109, -0.00443981, -0.0025774, 0.0565625, -0.00292261, -0.0021481, 0.0548244, -0.00181385, -0.00169407, 0.0530348, -0.000624691, -0.00104654, 0.0512382, 0.000500874, -0.000300649, 0.0495443, 0.00149972, 0.000404079, 0.047565, 0.0025556, 0.0011843, 0.0453858, 0.0033674, 0.00192722, 0.0435023, 0.00383139, 0.00242227, 0.041465, 0.00411509, 0.00274298, 0.0393167, 0.00420305, 0.00291265, 0.0372667, 0.00411582, 0.00289056, 0.0350714, 0.00381462, 0.00266972, 0.032987, 0.00337517, 0.00239, 0.0307255, 0.00278331, 0.00195437, 0.028879, 0.00217146, 0.0014971, 0.0268938, 0.00144983, 0.0009236, 0.0249408, 0.000808568, 0.000452055, 0.0230226, 0.000245817, 2.89312e-05, 0.0210574, -0.000226902, -0.000306321, 0.0190672, -0.000582514, -0.000539125, 0.0170894, -0.000846361, -0.000713637, 0.0150987, -0.000990716, -0.000792923, 0.0130143, -0.00104257, -0.000819602, 0.0109899, -0.000949405, -0.000761948, 0.00900152, -0.000717136, -0.000640403, 0.00696947, -0.000583144, -0.000545772, 0.00495318, -0.000435567, -0.000437279, 0.00296986, -0.000241425, -0.000292301, 0.000991575, -4.0634e-05, -0.000138681, 
0.0731759, -0.0112188, -0.00285083, 0.0713539, -0.0103728, -0.00290167, 0.0695348, -0.00952115, -0.00296301, 0.0677257, -0.00864825, -0.0030218, 0.06592, -0.00776689, -0.00305287, 0.0641214, -0.00687097, -0.00303122, 0.0623652, -0.00589904, -0.00293374, 0.0606748, -0.0048303, -0.00273741, 0.05822, -0.00318675, -0.00224398, 0.0565152, -0.00203389, -0.0017739, 0.0547232, -0.00083125, -0.00115873, 0.052968, 0.000358691, -0.000414118, 0.0513133, 0.00140794, 0.000310185, 0.0493237, 0.00243286, 0.00110535, 0.0471934, 0.00333891, 0.0018803, 0.0453661, 0.00394804, 0.00242641, 0.0433707, 0.00437291, 0.0028406, 0.0412333, 0.0045473, 0.00307054, 0.0391827, 0.00447067, 0.00307622, 0.0369825, 0.00417196, 0.0029079, 0.0348994, 0.00372849, 0.0026251, 0.0326543, 0.00310106, 0.00215529, 0.0308002, 0.00250276, 0.00171127, 0.0288293, 0.00173315, 0.00115086, 0.0269215, 0.00100726, 0.000620663, 0.0250344, 0.000386312, 0.00014276, 0.0231138, -0.000194711, -0.000271563, 0.0211503, -0.000623451, -0.000591841, 0.019191, -0.00095666, -0.000840213, 0.0172139, -0.00119113, -0.00100192, 0.0151339, -0.00130886, -0.00109034, 0.0131066, -0.00131552, -0.00107343, 0.0111071, -0.00121795, -0.000951561, 0.00908411, -0.00101422, -0.000802776, 0.0070838, -0.000740127, -0.000652527, 0.00511777, -0.000433568, -0.00047083, 0.00316106, -9.2817e-05, -0.000289937, 0.00118526, 0.000259418, -8.7118e-05, 
0.0746002, -0.0117379, -0.00293073, 0.0727774, -0.0108955, -0.00300796, 0.070958, -0.0100454, -0.00308215, 0.0691422, -0.00918735, -0.00314977, 0.0673467, -0.00828583, -0.00319319, 0.0655974, -0.00729707, -0.00317229, 0.063888, -0.00624679, -0.00305805, 0.0622084, -0.00516375, -0.002848, 0.0597632, -0.00349925, -0.00237732, 0.0580782, -0.00231581, -0.00191208, 0.0563192, -0.00106883, -0.00128989, 0.0545954, 0.000166444, -0.000545831, 0.0529978, 0.00127567, 0.000216406, 0.0510975, 0.00240941, 0.00107949, 0.0490094, 0.00338748, 0.00188103, 0.0472051, 0.00405238, 0.0024385, 0.0452302, 0.00453763, 0.00288365, 0.0431065, 0.00478832, 0.00316406, 0.041056, 0.00479098, 0.00324232, 0.0388491, 0.00451762, 0.00312588, 0.0367613, 0.0040874, 0.00285707, 0.034511, 0.00345736, 0.00241715, 0.0326681, 0.00282807, 0.00196923, 0.030694, 0.00207452, 0.00139827, 0.0288226, 0.00130672, 0.00080134, 0.0269833, 0.000601579, 0.000258265, 0.0251048, -6.06961e-05, -0.000221353, 0.0232007, -0.000650118, -0.000632202, 0.0212819, -0.00112761, -0.00095178, 0.0193254, -0.00146201, -0.0011759, 0.017261, -0.00171626, -0.00132355, 0.0152382, -0.00183402, -0.00139095, 0.0132436, -0.00165199, -0.0012881, 0.0112485, -0.00129036, -0.00107609, 0.00924538, -0.0010437, -0.000915478, 0.00727359, -0.000768733, -0.000746056, 0.00530851, -0.000492713, -0.000546478, 0.00332933, -0.00017623, -0.000319153, 0.00137332, 0.000173505, -8.94826e-05, 
0.0759033, -0.0123744, -0.00306221, 0.0741246, -0.0114411, -0.00312242, 0.0723385, -0.0105224, -0.00318433, 0.0705471, -0.00961379, -0.00324428, 0.0687609, -0.00869416, -0.00328949, 0.0670013, -0.00772363, -0.00328616, 0.0652914, -0.00667214, -0.00319153, 0.0636348, -0.00555264, -0.00299032, 0.0612231, -0.00383932, -0.00252216, 0.0595796, -0.00260277, -0.00204679, 0.0578694, -0.00129623, -0.00141063, 0.0562016, 4.75409e-06, -0.00065121, 0.0546512, 0.00116032, 0.000139199, 0.0528014, 0.00236205, 0.00101965, 0.0507658, 0.00342985, 0.00184162, 0.0489845, 0.00412321, 0.00243683, 0.0470354, 0.00465596, 0.00293788, 0.0449251, 0.004956, 0.00326751, 0.042878, 0.00501864, 0.00339477, 0.0406573, 0.00486541, 0.00333507, 0.0385611, 0.0044669, 0.00308385, 0.0363116, 0.00383401, 0.00264352, 0.034443, 0.00327327, 0.00221159, 0.0324625, 0.00251979, 0.00166331, 0.0306761, 0.00160606, 0.0010136, 0.0289239, 0.000754322, 0.000397592, 0.0271125, -2.52902e-05, -0.000157758, 0.0252599, -0.000712486, -0.000645244, 0.0233592, -0.00122397, -0.00101579, 0.0214255, -0.00164027, -0.00129406, 0.0193733, -0.0019454, -0.00150258, 0.0173605, -0.00212251, -0.00166815, 0.0153551, -0.00210038, -0.00164633, 0.0133463, -0.00185688, -0.00139835, 0.0113484, -0.0015908, -0.00120753, 0.00938238, -0.00127944, -0.00103353, 0.00742894, -0.000929827, -0.000835088, 0.00545511, -0.000552982, -0.000659126, 0.00350797, -0.000144128, -0.000452842, 0.00156789, 0.000308718, -0.000232166, 
0.0772011, -0.0128865, -0.003146, 0.0754214, -0.0119564, -0.00322213, 0.0736389, -0.0110316, -0.00329599, 0.0718587, -0.010102, -0.00336515, 0.0700899, -0.00914938, -0.0034134, 0.0683494, -0.00814502, -0.00340173, 0.0666607, -0.00706037, -0.00330097, 0.0650315, -0.0059006, -0.00310427, 0.062662, -0.00412924, -0.00263688, 0.0610402, -0.00286328, -0.00216402, 0.0593587, -0.00151709, -0.00153425, 0.0577081, -0.000196431, -0.00077124, 0.0562141, 0.00102093, 3.48251e-05, 0.0544437, 0.00230907, 0.000955633, 0.0524301, 0.00338571, 0.00181903, 0.0506784, 0.00412918, 0.00244115, 0.0487679, 0.00475125, 0.002986, 0.0466823, 0.00515187, 0.00336222, 0.0446444, 0.00531829, 0.00353488, 0.0424194, 0.00522702, 0.00353233, 0.0403152, 0.0048579, 0.00330434, 0.0380657, 0.00423021, 0.00285677, 0.0362241, 0.0035829, 0.00242982, 0.0342474, 0.00280081, 0.0019084, 0.0324602, 0.00191146, 0.0012279, 0.0307416, 0.00102893, 0.000562747, 0.0289834, 0.000176967, -5.41236e-05, 0.0272043, -0.000630957, -0.000623285, 0.0253553, -0.00127437, -0.00104628, 0.0234519, -0.00177741, -0.00138415, 0.0214219, -0.00217584, -0.00164581, 0.0194249, -0.00249684, -0.00178404, 0.0174239, -0.00261855, -0.00184524, 0.0153969, -0.00240444, -0.00181019, 0.0133991, -0.00209612, -0.00169733, 0.0114347, -0.00178988, -0.00149841, 0.00949272, -0.00140774, -0.00125272, 0.00753492, -0.00102812, -0.000949561, 0.00560932, -0.000591958, -0.000628831, 0.00369224, -0.000125931, -0.000274813, 0.00176208, 0.000357076, 0.000102047, 
0.0784428, -0.0133997, -0.00324239, 0.0766612, -0.0124734, -0.00332165, 0.0748895, -0.0115281, -0.00339759, 0.0731282, -0.0105631, -0.00346539, 0.0713718, -0.00958801, -0.00351711, 0.0696422, -0.0085649, -0.00351794, 0.0679744, -0.00744751, -0.0034277, 0.066374, -0.00624786, -0.00323333, 0.0640539, -0.00441344, -0.00276156, 0.0624624, -0.00311321, -0.00227884, 0.0607916, -0.00175901, -0.00163784, 0.0591637, -0.000409596, -0.000876286, 0.0577069, 0.000846261, -6.12734e-05, 0.0559915, 0.00218084, 0.000896599, 0.0540626, 0.00337716, 0.00179534, 0.0523534, 0.00419612, 0.00244019, 0.0504741, 0.00488219, 0.00301596, 0.0484118, 0.00534597, 0.00344429, 0.0463828, 0.00554925, 0.00367359, 0.0441565, 0.00553141, 0.00372028, 0.0420386, 0.00522242, 0.0035332, 0.0397777, 0.00459521, 0.00314666, 0.0379496, 0.00395148, 0.00266041, 0.0359952, 0.00318699, 0.00203837, 0.0342008, 0.00228577, 0.00139345, 0.032506, 0.00133366, 0.000764118, 0.0308004, 0.000384578, 0.000141216, 0.0290803, -0.000527372, -0.00045133, 0.0273105, -0.00130344, -0.00097819, 0.0254686, -0.00192784, -0.00143347, 0.0234737, -0.00241549, -0.00179481, 0.0215026, -0.00279316, -0.00208174, 0.0195329, -0.00311786, -0.00227552, 0.0174953, -0.00305331, -0.00226907, 0.0155156, -0.00266567, -0.00209769, 0.0135631, -0.00230029, -0.00188165, 0.0116314, -0.00188827, -0.00160557, 0.00967525, -0.00150279, -0.00129916, 0.00773752, -0.00113477, -0.00096628, 0.00581189, -0.000730867, -0.000583499, 0.00387297, -0.000300025, -0.000188728, 0.00195088, 0.000145614, 0.000206651, 
0.0796059, -0.0139524, -0.00331806, 0.077848, -0.0129839, -0.00341746, 0.076098, -0.0120001, -0.00350492, 0.0743551, -0.0110018, -0.00356959, 0.0726192, -0.0099905, -0.00361749, 0.0709102, -0.00893346, -0.00362724, 0.069247, -0.00780834, -0.00354841, 0.0676402, -0.00661727, -0.00335478, 0.0653429, -0.00475712, -0.00287191, 0.0637917, -0.00340841, -0.00239107, 0.0621833, -0.00198173, -0.00174785, 0.0606069, -0.000587551, -0.000958912, 0.0591747, 0.00069204, -0.000137212, 0.0574937, 0.00209098, 0.00078924, 0.055645, 0.00336375, 0.00174928, 0.0539885, 0.00422061, 0.0024773, 0.0521325, 0.00493808, 0.00308928, 0.0500926, 0.00547688, 0.00353679, 0.0480731, 0.00575529, 0.00377035, 0.0458477, 0.00581247, 0.00382566, 0.0437132, 0.00560144, 0.00370173, 0.0414359, 0.00501869, 0.00334219, 0.039617, 0.00432656, 0.00288909, 0.0376575, 0.00353149, 0.00232415, 0.0358343, 0.00267415, 0.0017006, 0.0341936, 0.00166237, 0.00102292, 0.0325727, 0.000625768, 0.000318595, 0.0309411, -0.00038486, -0.000358304, 0.0292786, -0.00130929, -0.000985325, 0.027504, -0.00205351, -0.00152085, 0.0255526, -0.00265876, -0.00193831, 0.0235908, -0.00305683, -0.00225915, 0.0216349, -0.0033687, -0.00257467, 0.0196043, -0.00348335, -0.00271504, 0.0175988, -0.00328991, -0.0025162, 0.0156434, -0.00297333, -0.00225445, 0.0137109, -0.00258335, -0.00195296, 0.0117675, -0.00215273, -0.00162632, 0.009837, -0.00171308, -0.00134196, 0.00791596, -0.00124465, -0.00101356, 0.00597176, -0.000781098, -0.00068788, 0.00405531, -0.000276606, -0.000338485, 0.00213612, 0.000169929, 2.711e-05, 0.000142567, 0.000253668, 0.000311042, 
0.0807485, -0.0144323, -0.00340337, 0.0789923, -0.0134604, -0.00350021, 0.0772414, -0.0124794, -0.00359961, 0.0755124, -0.0114592, -0.00368979, 0.0738069, -0.0103975, -0.00373703, 0.0721208, -0.00930452, -0.00371173, 0.0704676, -0.00816543, -0.00362419, 0.0688717, -0.00695436, -0.00346693, 0.0666033, -0.00505052, -0.00301885, 0.0650797, -0.00367663, -0.00252156, 0.0635299, -0.0022043, -0.00183845, 0.0620042, -0.000766385, -0.00102874, 0.0605751, 0.00051682, -0.000207391, 0.0589379, 0.00194049, 0.000759071, 0.0571845, 0.00332471, 0.00174353, 0.0555591, 0.004251, 0.00245628, 0.0537156, 0.00499992, 0.00306823, 0.0517015, 0.00559662, 0.00355732, 0.0496946, 0.00592421, 0.0038328, 0.0474747, 0.006048, 0.00395634, 0.045329, 0.00594271, 0.00392691, 0.0430261, 0.00544103, 0.00361098, 0.0412027, 0.00477847, 0.00313267, 0.0393015, 0.0038689, 0.00254193, 0.0374924, 0.00295569, 0.00195791, 0.0358627, 0.00193782, 0.00126273, 0.0342899, 0.000868477, 0.000500842, 0.0327047, -0.000166357, -0.00024618, 0.0311156, -0.00114764, -0.000969829, 0.0294289, -0.00202755, -0.00157862, 0.0275534, -0.00277993, -0.00209312, 0.025623, -0.00328356, -0.00245348, 0.0236695, -0.00367524, -0.00268355, 0.0216566, -0.00395506, -0.00284546, 0.0196332, -0.00388796, -0.00283745, 0.0176615, -0.00359201, -0.00270581, 0.0157091, -0.00323892, -0.00250371, 0.0137626, -0.00279254, -0.00221902, 0.0118499, -0.00232064, -0.00187303, 0.0099446, -0.00182937, -0.00149055, 0.00802588, -0.00133237, -0.00107537, 0.00615233, -0.000768857, -0.000604596, 0.00432345, -0.000128761, -9.29392e-05, 0.00233711, 5.63083e-05, 0.000193562, 0.000327818, 1.26538e-06, 0.000354236, 
0.0818476, -0.0149089, -0.00349468, 0.0800973, -0.0139262, -0.00358846, 0.0783497, -0.0129393, -0.00368892, 0.0766325, -0.0118987, -0.00377175, 0.0749541, -0.0107949, -0.00382304, 0.0732885, -0.00967061, -0.00383436, 0.0716374, -0.00852722, -0.00376682, 0.0700508, -0.00730763, -0.00358355, 0.067841, -0.00534399, -0.00310192, 0.0663497, -0.00393592, -0.00260236, 0.0648495, -0.00241803, -0.00190827, 0.0633663, -0.000936809, -0.00109767, 0.0619338, 0.000361774, -0.000306858, 0.0602964, 0.00179082, 0.000651297, 0.0586093, 0.0032076, 0.00170292, 0.0570676, 0.00424005, 0.00245469, 0.0552747, 0.00508886, 0.00308635, 0.0532937, 0.00576466, 0.00360645, 0.0513043, 0.00615585, 0.00392277, 0.0490888, 0.00628706, 0.00410478, 0.0469415, 0.00621984, 0.00412668, 0.0446185, 0.00579062, 0.0038541, 0.0427678, 0.00515766, 0.00344537, 0.0408868, 0.00423588, 0.00281077, 0.0391111, 0.00332959, 0.00212258, 0.0375023, 0.00230704, 0.00138675, 0.0359613, 0.00119259, 0.000624633, 0.0344109, 9.15879e-05, -0.000100593, 0.0328837, -0.000992099, -0.00081123, 0.0312967, -0.0020027, -0.00148198, 0.0295058, -0.00288217, -0.00208824, 0.0276215, -0.00348803, -0.00252679, 0.025699, -0.00394037, -0.00287617, 0.0237448, -0.00441151, -0.00321545, 0.0217305, -0.00455857, -0.00335709, 0.0197499, -0.00431789, -0.00324927, 0.0178043, -0.00393631, -0.0030338, 0.0158934, -0.00338676, -0.00269395, 0.0140094, -0.00283384, -0.00231207, 0.0121036, -0.00234249, -0.00193242, 0.0101821, -0.00185269, -0.00152155, 0.00827793, -0.00138327, -0.00107086, 0.00644606, -0.000848769, -0.000458577, 0.00451917, -0.000428398, -4.35125e-05, 0.00251967, -0.000171204, 6.62251e-07, 0.00052405, 0.000102833, 8.86e-05, 
0.0829027, -0.0153737, -0.00354808, 0.0811599, -0.014381, -0.00367183, 0.0794201, -0.0133835, -0.00379944, 0.0777132, -0.012327, -0.00389279, 0.0760547, -0.0111928, -0.00392483, 0.0744196, -0.0100248, -0.00391094, 0.0727937, -0.00884555, -0.00384621, 0.0712159, -0.00761234, -0.00367849, 0.0690162, -0.0056388, -0.00319166, 0.0675507, -0.00420295, -0.00269444, 0.0660704, -0.00266626, -0.00199922, 0.0646373, -0.0011351, -0.00119119, 0.063267, 0.000216039, -0.000378619, 0.0616799, 0.00169026, 0.000595656, 0.0600186, 0.00316188, 0.00161238, 0.0585231, 0.00422959, 0.00240723, 0.0567811, 0.00512318, 0.00311487, 0.054839, 0.00585088, 0.00370681, 0.0528716, 0.00629944, 0.00407955, 0.0506594, 0.00649139, 0.00424664, 0.048511, 0.00649207, 0.00426488, 0.0461664, 0.00616889, 0.00403451, 0.044309, 0.00556471, 0.00361261, 0.0424513, 0.004598, 0.00297607, 0.0406773, 0.00365602, 0.0023331, 0.0390311, 0.00266151, 0.00164316, 0.0374967, 0.00153357, 0.000887503, 0.0360007, 0.000389767, 0.000115768, 0.0345749, -0.000784343, -0.000659042, 0.0331253, -0.00192521, -0.0014252, 0.0314569, -0.00295207, -0.00213936, 0.0296688, -0.00374672, -0.00267005, 0.0277766, -0.00429125, -0.00305112, 0.0258269, -0.00471245, -0.00347266, 0.0238358, -0.00491458, -0.00377817, 0.0218407, -0.00481643, -0.00372871, 0.0198763, -0.00454669, -0.00351462, 0.0179359, -0.00412005, -0.00316548, 0.0160542, -0.00360149, -0.00272805, 0.0141713, -0.00304882, -0.00231978, 0.0122689, -0.00249632, -0.00189929, 0.0103713, -0.00195474, -0.00150564, 0.00851667, -0.00133145, -0.00107179, 0.00663019, -0.000754334, -0.000659424, 0.00465696, -0.00046579, -0.000360747, 0.00267932, -0.000197968, -7.34791e-05, 0.000722733, 8.09576e-05, 0.000240464, 
0.0838891, -0.0158786, -0.00364718, 0.0821783, -0.0148318, -0.00377094, 0.0804723, -0.0137758, -0.00388491, 0.0787846, -0.012688, -0.00396441, 0.0771229, -0.0115586, -0.00400229, 0.0754853, -0.010394, -0.00399737, 0.0738765, -0.00919176, -0.00392831, 0.072328, -0.00792228, -0.00375896, 0.0701643, -0.00590648, -0.0032836, 0.0687207, -0.00444708, -0.00279118, 0.0672584, -0.00288006, -0.00212613, 0.0658745, -0.00131586, -0.00129593, 0.0645604, 6.59404e-05, -0.000443011, 0.063003, 0.00155827, 0.000551372, 0.0613952, 0.00306133, 0.00160742, 0.0599633, 0.00419841, 0.0024227, 0.0582728, 0.00516951, 0.00315279, 0.0563442, 0.00593291, 0.00374402, 0.054387, 0.00642444, 0.00411601, 0.0521833, 0.00667644, 0.00431361, 0.0500357, 0.00671967, 0.00435912, 0.0476767, 0.00645396, 0.0042221, 0.0457755, 0.0059459, 0.00387528, 0.0438648, 0.00509339, 0.00323233, 0.0421512, 0.0040738, 0.00254539, 0.0405514, 0.00299022, 0.00188095, 0.0390618, 0.00180307, 0.00112618, 0.0376411, 0.000589654, 0.000319417, 0.0362692, -0.000614036, -0.000505682, 0.0348842, -0.00177598, -0.00135511, 0.0333038, -0.00288339, -0.00214522, 0.0316129, -0.00378272, -0.00281008, 0.0297914, -0.00444842, -0.0033216, 0.0278607, -0.00498753, -0.00369271, 0.025887, -0.00536076, -0.00394621, 0.0238902, -0.00541368, -0.00399172, 0.0219097, -0.00520571, -0.00388182, 0.0199435, -0.00482099, -0.00364742, 0.0180452, -0.00428426, -0.00331652, 0.0161655, -0.00370713, -0.00292741, 0.0142827, -0.00310354, -0.00248956, 0.0124074, -0.00251429, -0.002059, 0.0105607, -0.00191632, -0.00156068, 0.00875771, -0.00124899, -0.000955847, 0.0068397, -0.000780604, -0.000546045, 0.00485495, -0.000496791, -0.000332633, 0.0028869, -0.000223741, -9.43105e-05, 0.000910563, 3.26936e-05, 0.000123274, 
0.0848686, -0.0163256, -0.00377043, 0.083177, -0.0152444, -0.00385771, 0.0814809, -0.0141701, -0.00394222, 0.0797917, -0.0130846, -0.00402307, 0.0781344, -0.0119497, -0.00408489, 0.0765236, -0.0107483, -0.0040935, 0.0749552, -0.00949377, -0.00402592, 0.0734342, -0.00819098, -0.00386011, 0.0712668, -0.00617797, -0.00338996, 0.0698486, -0.00469695, -0.00288834, 0.0684288, -0.00310098, -0.00220035, 0.0670778, -0.00151769, -0.00135244, 0.0658338, -8.3058e-05, -0.000481761, 0.0643485, 0.00148504, 0.000506167, 0.0627224, 0.00297868, 0.00154746, 0.061295, 0.00409641, 0.00239692, 0.0596602, 0.0051334, 0.00316227, 0.0577756, 0.00599229, 0.00376421, 0.0558546, 0.00658325, 0.00417795, 0.0536717, 0.00694684, 0.00442615, 0.0515253, 0.00700673, 0.00449805, 0.0491629, 0.00675861, 0.00438665, 0.0472513, 0.00626679, 0.00407557, 0.0452959, 0.00543532, 0.00355037, 0.0435996, 0.00439941, 0.00284505, 0.0420358, 0.00332326, 0.00208906, 0.0405729, 0.00214165, 0.0012759, 0.0392147, 0.000893596, 0.000416054, 0.0378867, -0.00034455, -0.000429728, 0.0365492, -0.00157503, -0.00125851, 0.0350667, -0.00279499, -0.00207225, 0.0334807, -0.00383457, -0.00278904, 0.0317352, -0.0046499, -0.00334675, 0.0298318, -0.00523929, -0.00377769, 0.0279024, -0.00570023, -0.00418256, 0.0259307, -0.00592025, -0.00441995, 0.0239393, -0.00581412, -0.00439348, 0.0219572, -0.00549226, -0.00420172, 0.0200525, -0.00498819, -0.00385697, 0.0181903, -0.00438894, -0.00341997, 0.0163314, -0.00373858, -0.0029485, 0.0144909, -0.00309235, -0.0024543, 0.0126374, -0.00248334, -0.00199586, 0.0108233, -0.00178294, -0.00146642, 0.00895673, -0.00118365, -0.000994339, 0.0069946, -0.000844816, -0.000677254, 0.00504067, -0.00053681, -0.000374104, 0.00307157, -0.000287524, -9.21956e-05, 0.00110558, -4.79435e-05, 0.000171496, 
0.0858032, -0.0167705, -0.00381803, 0.0841344, -0.0156551, -0.00391473, 0.0824645, -0.0145426, -0.00402387, 0.0807942, -0.013431, -0.00413596, 0.0791323, -0.0123037, -0.00421028, 0.0775102, -0.0111176, -0.00419983, 0.0759673, -0.00983443, -0.00409448, 0.0745043, -0.0084694, -0.00390829, 0.07239, -0.00639417, -0.00346769, 0.0709844, -0.00490382, -0.00295847, 0.0695624, -0.00331391, -0.00226093, 0.0682149, -0.00172296, -0.0014218, 0.0670208, -0.00024969, -0.000545885, 0.0655983, 0.00135212, 0.000479768, 0.0640082, 0.00288456, 0.00152021, 0.0626053, 0.00406353, 0.00232651, 0.0610245, 0.00516623, 0.00311332, 0.059182, 0.00606595, 0.00378212, 0.0572905, 0.00670366, 0.00425803, 0.055132, 0.00712833, 0.00460327, 0.0529869, 0.00721243, 0.00468987, 0.0506222, 0.00700285, 0.00455273, 0.0486936, 0.00656956, 0.00426028, 0.0467035, 0.00582135, 0.00374005, 0.0450223, 0.00478722, 0.00299707, 0.0434921, 0.00366203, 0.00224366, 0.0420297, 0.00246072, 0.00145896, 0.0406949, 0.00117504, 0.000618099, 0.039399, -0.000103141, -0.000217793, 0.038116, -0.00137343, -0.0010723, 0.0367369, -0.00265731, -0.00196557, 0.0352797, -0.00381377, -0.00277141, 0.0336656, -0.00477924, -0.00346783, 0.0318192, -0.00546518, -0.00399363, 0.0299143, -0.00600751, -0.00441308, 0.0279672, -0.00634877, -0.00470448, 0.0259732, -0.00634305, -0.00473901, 0.0239734, -0.00610886, -0.00461537, 0.0220395, -0.00567175, -0.00435082, 0.0201723, -0.00506192, -0.00395156, 0.0183226, -0.00438789, -0.00347707, 0.0165019, -0.00369028, -0.00297946, 0.0146634, -0.00304543, -0.00251016, 0.0128485, -0.0023641, -0.00195874, 0.0110344, -0.00169515, -0.0013865, 0.00911991, -0.00121501, -0.00097464, 0.00718431, -0.000833631, -0.000639108, 0.00522769, -0.000516826, -0.000338668, 0.00326606, -0.000250029, -6.87456e-05, 0.00129869, -1.31236e-05, 0.000195441, 
0.0867109, -0.0171989, -0.00390874, 0.0850606, -0.0160558, -0.00399946, 0.0834113, -0.0149115, -0.00409257, 0.0817554, -0.0137771, -0.00418915, 0.0801033, -0.0126365, -0.00427666, 0.0785001, -0.0114252, -0.0043038, 0.0769798, -0.0101143, -0.00421096, 0.0755325, -0.00873777, -0.0039903, 0.0734437, -0.00664962, -0.003493, 0.0720539, -0.00513909, -0.003, 0.0706469, -0.00352795, -0.00232109, 0.0693228, -0.00190635, -0.00150368, 0.0681884, -0.000386464, -0.000627971, 0.0668366, 0.00126709, 0.000410986, 0.0652699, 0.00281731, 0.00146074, 0.0638936, 0.00399471, 0.00231373, 0.0623602, 0.00512688, 0.00315076, 0.0605666, 0.00609953, 0.00384977, 0.0587022, 0.0068014, 0.00434188, 0.0565574, 0.00728944, 0.00468864, 0.0544151, 0.00742423, 0.00478141, 0.0520466, 0.00724909, 0.00466349, 0.0501055, 0.00686142, 0.00438994, 0.0480829, 0.00616277, 0.00392957, 0.046362, 0.00514682, 0.00325558, 0.0448462, 0.00400855, 0.00249292, 0.0434149, 0.0027881, 0.00168074, 0.042144, 0.00146468, 0.000800312, 0.0409177, 0.000151192, -8.44198e-05, 0.0396839, -0.00115731, -0.000953475, 0.0383831, -0.00250863, -0.00186469, 0.0370275, -0.00374283, -0.00273015, 0.0355245, -0.00482609, -0.00349832, 0.0337623, -0.00566153, -0.0040922, 0.0318926, -0.00627407, -0.00456976, 0.0299757, -0.00669658, -0.00494312, 0.0279912, -0.00681794, -0.00510002, 0.0259795, -0.00667443, -0.00506354, 0.0240227, -0.00631631, -0.00485465, 0.0221323, -0.00576535, -0.00447944, 0.0202832, -0.00508771, -0.00400786, 0.0184821, -0.00435162, -0.00349465, 0.0166699, -0.00364475, -0.00301225, 0.0148639, -0.00293513, -0.00246756, 0.0131093, -0.00221527, -0.00178255, 0.0112629, -0.00160833, -0.00124611, 0.00935292, -0.00113235, -0.000885457, 0.00741184, -0.000736173, -0.000578494, 0.00544769, -0.000434882, -0.000370185, 0.0034746, -0.000175743, -0.000179873, 0.00149056, 7.4531e-05, 1.30635e-05, 
0.0875966, -0.0176048, -0.00398976, 0.0859635, -0.0164375, -0.00408325, 0.0843305, -0.0152702, -0.00417717, 0.0826921, -0.01411, -0.0042668, 0.0810546, -0.0129474, -0.00433831, 0.0794619, -0.0117221, -0.00434673, 0.0779547, -0.0103964, -0.00425039, 0.0765242, -0.00899935, -0.00405072, 0.0744624, -0.00687619, -0.0035902, 0.0730887, -0.00534998, -0.0031002, 0.0717053, -0.00371781, -0.00242306, 0.0704267, -0.00207392, -0.00157822, 0.0693406, -0.000542378, -0.00066254, 0.0680451, 0.00113585, 0.000408229, 0.0665282, 0.0027221, 0.00147695, 0.0651729, 0.003936, 0.00231237, 0.0636526, 0.00510358, 0.00312421, 0.0618926, 0.00612366, 0.00384098, 0.0600562, 0.00687798, 0.00435999, 0.0579352, 0.00743117, 0.00475223, 0.0558014, 0.00762677, 0.00490956, 0.0534284, 0.00749957, 0.0048241, 0.0514776, 0.00714214, 0.00458075, 0.0494465, 0.0064656, 0.00412484, 0.047689, 0.00550482, 0.00346439, 0.0461816, 0.00436248, 0.00269121, 0.0447919, 0.0031058, 0.00186225, 0.0435427, 0.0017645, 0.000977856, 0.0423731, 0.000404019, 8.74554e-05, 0.0412099, -0.000954115, -0.000802689, 0.0399788, -0.00235206, -0.0017399, 0.0387091, -0.00364117, -0.00265442, 0.037308, -0.00479871, -0.0035026, 0.0356454, -0.00576596, -0.00417819, 0.0338297, -0.00649896, -0.00469256, 0.0319526, -0.00700998, -0.00514834, 0.0299931, -0.00724679, -0.0054346, 0.0279769, -0.00721726, -0.00548833, 0.025998, -0.00695104, -0.00536915, 0.0240876, -0.00645414, -0.00502128, 0.0222445, -0.00578056, -0.00452107, 0.0204576, -0.00503275, -0.00397596, 0.0186752, -0.00430618, -0.00341791, 0.0168783, -0.00358011, -0.00286462, 0.015153, -0.00273643, -0.00225008, 0.0133934, -0.00193941, -0.00167252, 0.0115299, -0.00137069, -0.00121584, 0.00961248, -0.00091627, -0.0008469, 0.00765492, -0.000619909, -0.00057824, 0.00567794, -0.000413217, -0.000365415, 0.00368343, -0.00025607, -0.000182366, 0.00168242, -0.000134379, -3.43581e-05, 
0.0884717, -0.0179829, -0.0040805, 0.0868517, -0.0167963, -0.00415739, 0.0852264, -0.0156173, -0.00423716, 0.0835987, -0.0144419, -0.00432311, 0.0819777, -0.0132567, -0.00439943, 0.0803985, -0.012014, -0.00441504, 0.0789017, -0.0106757, -0.00433467, 0.0774878, -0.00925974, -0.00414944, 0.0754721, -0.00709857, -0.00366243, 0.0741297, -0.00555086, -0.0031535, 0.0727814, -0.00389737, -0.00245773, 0.0715269, -0.00223616, -0.00161056, 0.0704379, -0.000693924, -0.000716495, 0.0691663, 0.00100611, 0.000348474, 0.0677196, 0.00264404, 0.00143641, 0.0664127, 0.00389486, 0.00229414, 0.0649117, 0.00507681, 0.00312104, 0.0631919, 0.00613984, 0.00387208, 0.0613867, 0.00694268, 0.00442653, 0.0592812, 0.00754047, 0.0048365, 0.0571588, 0.00781993, 0.00501954, 0.0547828, 0.00775729, 0.00494575, 0.0528249, 0.00742689, 0.00472186, 0.0507877, 0.00674519, 0.00430257, 0.0490027, 0.00580967, 0.00368067, 0.0474919, 0.0046855, 0.0028877, 0.046129, 0.00341213, 0.00204004, 0.0448945, 0.00205292, 0.00116227, 0.0437716, 0.000663064, 0.000257227, 0.0426614, -0.000729661, -0.000646959, 0.0414943, -0.00216589, -0.00160795, 0.0403157, -0.00351658, -0.00255487, 0.0390195, -0.00476455, -0.00344087, 0.0374842, -0.00583293, -0.00425177, 0.0357369, -0.00663152, -0.00489053, 0.0338946, -0.00723715, -0.00537161, 0.0319692, -0.00764095, -0.00569917, 0.0299582, -0.00774294, -0.00581879, 0.0279663, -0.00757529, -0.00574482, 0.0260292, -0.00714226, -0.00546585, 0.0241655, -0.00648322, -0.00502663, 0.0223783, -0.00572551, -0.00449639, 0.0206558, -0.00488199, -0.00391503, 0.0189254, -0.00402775, -0.00333377, 0.0171938, -0.00320648, -0.00270677, 0.0154439, -0.00244616, -0.00205463, 0.0136255, -0.00179587, -0.00153028, 0.0117447, -0.00125117, -0.00110023, 0.00982086, -0.000830988, -0.000762194, 0.00786003, -0.000521077, -0.000526443, 0.00587256, -0.000296735, -0.000336962, 0.00387231, -0.000144285, -0.000208423, 0.00187623, -4.44743e-05, -0.000113393, 
0.0893355, -0.0183293, -0.00409961, 0.0877171, -0.0171434, -0.00421223, 0.0860951, -0.0159628, -0.00432796, 0.0844784, -0.014773, -0.00442352, 0.0828819, -0.013554, -0.00448248, 0.0813301, -0.0122772, -0.00448458, 0.0798442, -0.0109273, -0.00439516, 0.0784337, -0.00951006, -0.0041948, 0.0764494, -0.00732171, -0.00370021, 0.0751288, -0.00575305, -0.00319867, 0.0738158, -0.00406784, -0.00251137, 0.0726016, -0.00237513, -0.00166793, 0.0715177, -0.000827548, -0.000776973, 0.0702699, 0.000879234, 0.00030526, 0.0688844, 0.00254964, 0.00142312, 0.0676167, 0.00383729, 0.00228511, 0.066142, 0.00505064, 0.00311388, 0.0644592, 0.00615403, 0.00389012, 0.0626812, 0.00700064, 0.00446687, 0.0605974, 0.00765194, 0.00490554, 0.0584901, 0.00800159, 0.00513565, 0.0561128, 0.00797505, 0.00509053, 0.0541522, 0.00765828, 0.00486963, 0.0521096, 0.00701108, 0.0044228, 0.0502892, 0.00612135, 0.00383754, 0.0487539, 0.00498914, 0.00310542, 0.0474152, 0.0036904, 0.00225754, 0.0461987, 0.00232488, 0.00136477, 0.0451145, 0.000919526, 0.000436654, 0.044073, -0.000495294, -0.0005138, 0.0429891, -0.00196434, -0.00152144, 0.0418797, -0.00335781, -0.00248979, 0.0406351, -0.00463676, -0.00340499, 0.0392201, -0.00582403, -0.00426772, 0.0376022, -0.00681948, -0.00496807, 0.0358225, -0.00754604, -0.00551298, 0.0339289, -0.00801496, -0.00592789, 0.0319287, -0.008181, -0.006129, 0.0299322, -0.00805858, -0.00611371, 0.0279745, -0.00768051, -0.00590865, 0.0260785, -0.00709065, -0.00551081, 0.024269, -0.0063713, -0.00500349, 0.0225422, -0.00554825, -0.00440575, 0.0208549, -0.00466, -0.00375321, 0.0191615, -0.00377344, -0.0031109, 0.0174331, -0.00294905, -0.00247975, 0.0156703, -0.00219895, -0.00190159, 0.013843, -0.00155027, -0.00139245, 0.0119575, -0.00102774, -0.000987293, 0.0100276, -0.000621059, -0.000661123, 0.00805724, -0.000318465, -0.000411313, 0.00606371, -0.000123706, -0.000241951, 0.00406941, -9.205e-06, -0.000127973, 0.00206814, 7.90272e-05, -3.3251e-05, 6.83908e-05, 0.000119863, 2.85912e-05, 
0.0901654, -0.018684, -0.00418494, 0.0885592, -0.0174808, -0.00428685, 0.086947, -0.0162855, -0.00438896, 0.0853463, -0.0150734, -0.00447141, 0.0837739, -0.0138232, -0.00452353, 0.082239, -0.0125262, -0.0045344, 0.0807576, -0.0111701, -0.00446687, 0.0793538, -0.00974474, -0.00427746, 0.0773997, -0.00753417, -0.00376164, 0.0761103, -0.00594198, -0.0032532, 0.0748346, -0.00423444, -0.00255085, 0.073647, -0.00252873, -0.00169576, 0.0725686, -0.000975095, -0.000808697, 0.0713498, 0.000759578, 0.00026214, 0.070037, 0.00247927, 0.00139297, 0.0688092, 0.00378314, 0.00228776, 0.067354, 0.00501482, 0.00312383, 0.0656958, 0.00615933, 0.00389337, 0.063943, 0.00704627, 0.00448659, 0.0618766, 0.00774008, 0.00494172, 0.0597831, 0.00813891, 0.00521404, 0.0574055, 0.0081748, 0.00523641, 0.0554363, 0.00790214, 0.00503462, 0.0533942, 0.00724856, 0.00459482, 0.0515742, 0.00635255, 0.00401816, 0.0500084, 0.0052663, 0.00328092, 0.0486504, 0.00399785, 0.00241808, 0.0474428, 0.00262979, 0.00151695, 0.0463988, 0.00120327, 0.000575245, 0.0454405, -0.000260944, -0.00038793, 0.0444474, -0.00179181, -0.00139706, 0.0434209, -0.00323792, -0.00237955, 0.0422557, -0.004572, -0.00332029, 0.0409161, -0.00581373, -0.00422566, 0.0393935, -0.00687908, -0.0050292, 0.0376901, -0.00770724, -0.00566537, 0.0358345, -0.00826959, -0.00613248, 0.0338541, -0.00854389, -0.00640048, 0.0318544, -0.00852729, -0.00644348, 0.0298789, -0.00823177, -0.0062773, 0.0279507, -0.00771281, -0.00594027, 0.0261181, -0.00702193, -0.00547798, 0.024389, -0.00619583, -0.00489138, 0.0227101, -0.00529149, -0.00423929, 0.0210454, -0.00437203, -0.00356886, 0.0193757, -0.00346279, -0.00289731, 0.0176757, -0.00261668, -0.00226592, 0.0159038, -0.00187274, -0.0016951, 0.0140772, -0.00123465, -0.00119683, 0.0121882, -0.000721971, -0.000790147, 0.0102391, -0.000346832, -0.00047961, 0.0082553, -0.000103006, -0.000265203, 0.00626395, 2.76145e-05, -0.000121002, 0.00426257, 9.50818e-05, -1.2347e-05, 0.00226166, 0.000123539, -7.09451e-06, 0.000260162, 0.000137031, -5.76461e-05, 
0.0909852, -0.0190144, -0.004241, 0.0893826, -0.0178068, -0.00434886, 0.087781, -0.0165979, -0.00445757, 0.0861999, -0.0153607, -0.00454389, 0.0846508, -0.0140813, -0.00458563, 0.0831307, -0.012767, -0.00457462, 0.0816533, -0.0114069, -0.00449995, 0.0802578, -0.00997124, -0.00432758, 0.0783375, -0.00772651, -0.0038331, 0.077071, -0.00612196, -0.00330605, 0.0758232, -0.00439857, -0.00259242, 0.0746682, -0.00267576, -0.00172713, 0.0736189, -0.00110325, -0.000838294, 0.0724186, 0.000647019, 0.000227961, 0.0711373, 0.00238065, 0.00137357, 0.0699604, 0.00373078, 0.00226804, 0.0685527, 0.00500827, 0.00311675, 0.0669145, 0.00616684, 0.00390788, 0.0651789, 0.0070748, 0.00451947, 0.0631272, 0.00779403, 0.00500101, 0.0610449, 0.00823121, 0.00529918, 0.0586703, 0.00834369, 0.00535428, 0.056693, 0.00811649, 0.00517614, 0.0546317, 0.00751551, 0.00475127, 0.0528105, 0.00663381, 0.00415651, 0.0512401, 0.00554486, 0.00343314, 0.0498705, 0.00427261, 0.00259454, 0.0486934, 0.00288269, 0.0016867, 0.0476877, 0.00143059, 0.000742289, 0.046779, -5.11609e-05, -0.00024186, 0.0458571, -0.00160353, -0.00128516, 0.0448915, -0.00307633, -0.00228944, 0.0438124, -0.00446052, -0.00326001, 0.0425641, -0.00576685, -0.00420413, 0.0411141, -0.00690109, -0.00504678, 0.0394798, -0.00781575, -0.00574299, 0.0376802, -0.00848626, -0.00628089, 0.0357298, -0.00887553, -0.00661761, 0.0337346, -0.00895505, -0.00673558, 0.0317423, -0.00875435, -0.00664648, 0.0297852, -0.00830998, -0.00637594, 0.0279329, -0.00765486, -0.00594089, 0.0261965, -0.00684002, -0.00536018, 0.0245274, -0.00591887, -0.00470635, 0.0228894, -0.00494945, -0.00404063, 0.0212664, -0.00397955, -0.00334018, 0.0196379, -0.00306146, -0.00262632, 0.0179396, -0.00221861, -0.00197471, 0.0161725, -0.00148595, -0.00139814, 0.0143297, -0.000880504, -0.000914234, 0.0124136, -0.000404854, -0.00054191, 0.0104474, -7.73422e-05, -0.000282575, 0.00846038, 0.000104934, -0.000134287, 0.00645732, 0.000165281, -5.71164e-05, 0.00445632, 0.000174757, -3.70904e-05, 0.00245472, 0.000223108, -3.439e-05, 0.000452407, 0.000228923, -5.33441e-05, 
0.0917925, -0.0193302, -0.00429487, 0.0901969, -0.0181141, -0.00440984, 0.0886051, -0.0168924, -0.00451804, 0.0870351, -0.0156408, -0.00460063, 0.0854996, -0.0143451, -0.00464233, 0.084, -0.0130074, -0.00463301, 0.0825445, -0.0116241, -0.00455501, 0.0811616, -0.0101777, -0.00437137, 0.0792527, -0.0079263, -0.00386321, 0.0780177, -0.00629565, -0.00334153, 0.0767954, -0.00455403, -0.00262813, 0.0756647, -0.00281171, -0.00176972, 0.0746536, -0.0012122, -0.000884901, 0.0734874, 0.00055817, 0.000186123, 0.0722232, 0.00229908, 0.00133962, 0.0710646, 0.00364903, 0.00225799, 0.0697029, 0.00495344, 0.00313998, 0.0680955, 0.00614989, 0.00393803, 0.0663827, 0.0070957, 0.0045562, 0.0643593, 0.00787704, 0.00506036, 0.062288, 0.00835809, 0.00536779, 0.0599173, 0.00852128, 0.0054547, 0.057936, 0.00831842, 0.00529253, 0.0558631, 0.00773828, 0.00489613, 0.0540258, 0.00687904, 0.00431815, 0.0524512, 0.00579649, 0.00359436, 0.0510864, 0.00451799, 0.00275755, 0.0499254, 0.0031191, 0.00184261, 0.0489448, 0.00165957, 0.000883449, 0.0480779, 0.000162794, -0.000115518, 0.0472055, -0.00140819, -0.00117339, 0.0462954, -0.00290649, -0.00219171, 0.0452966, -0.00433778, -0.00317977, 0.0441344, -0.00569499, -0.00416133, 0.0427769, -0.00690031, -0.0050576, 0.0412194, -0.00790692, -0.00580153, 0.0394731, -0.00867199, -0.00638664, 0.037562, -0.00916369, -0.00680523, 0.0355811, -0.00935384, -0.00700728, 0.0335796, -0.00924609, -0.00699651, 0.031603, -0.00885764, -0.0067895, 0.0297309, -0.00823976, -0.0063858, 0.0279691, -0.00745711, -0.00583828, 0.0262921, -0.00655045, -0.00518452, 0.0247039, -0.00553921, -0.00446256, 0.0231511, -0.00449509, -0.00371163, 0.0215666, -0.00351925, -0.00297568, 0.01992, -0.00261083, -0.0022811, 0.0182116, -0.00179, -0.00164877, 0.0164224, -0.00108651, -0.00110081, 0.0145517, -0.000505942, -0.000654069, 0.0126124, -8.83734e-05, -0.000329186, 0.0106443, 0.000194899, -0.000106326, 0.00864786, 0.000347772, 7.06385e-06, 0.00664698, 0.000376525, 1.78353e-05, 0.00464523, 0.000345568, 4.60494e-05, 0.00264421, 0.000270792, 4.91515e-05, 0.00064484, 0.000168068, 6.91303e-06, 
0.0925751, -0.0196497, -0.00436527, 0.0909961, -0.018411, -0.00446873, 0.0894255, -0.0171615, -0.00456993, 0.0878699, -0.0158918, -0.00464704, 0.0863345, -0.014596, -0.00468725, 0.0848378, -0.013255, -0.00468194, 0.0834041, -0.0118492, -0.00460154, 0.082053, -0.0103738, -0.0044117, 0.0801755, -0.00809397, -0.0039137, 0.0789614, -0.0064492, -0.00338728, 0.077761, -0.00469423, -0.00266944, 0.0766395, -0.00294686, -0.00180928, 0.0756527, -0.00134144, -0.000907802, 0.0745188, 0.000441965, 0.000176119, 0.0732939, 0.00221172, 0.00132818, 0.0721643, 0.0035877, 0.00224397, 0.070827, 0.00491263, 0.0031328, 0.0692495, 0.00613745, 0.00394708, 0.0675677, 0.00712538, 0.00458463, 0.0655692, 0.00795123, 0.00511621, 0.0635115, 0.00846982, 0.00545213, 0.0611446, 0.00866681, 0.00556833, 0.0591596, 0.00849285, 0.00541903, 0.0570775, 0.00794685, 0.00502199, 0.055233, 0.00710042, 0.00444795, 0.0536476, 0.00602165, 0.00374251, 0.0522752, 0.00475165, 0.00290509, 0.0511281, 0.00334975, 0.00197741, 0.0501682, 0.00188127, 0.00101095, 0.0493271, 0.000372447, 8.02509e-06, 0.04849, -0.00121526, -0.00105347, 0.0476451, -0.00274409, -0.0020825, 0.0467421, -0.00421749, -0.00310043, 0.045656, -0.00562326, -0.00410052, 0.0443636, -0.00687755, -0.00502548, 0.0428903, -0.00795287, -0.00584119, 0.0412244, -0.00882321, -0.00650813, 0.0393632, -0.00942538, -0.0070002, 0.0374022, -0.00971268, -0.00727036, 0.0353984, -0.00969079, -0.00731622, 0.0334061, -0.00936925, -0.00714853, 0.0315123, -0.00879824, -0.00677829, 0.0297377, -0.00802943, -0.00625305, 0.0280509, -0.00712365, -0.00562359, 0.0264527, -0.00612799, -0.00490212, 0.0249283, -0.00507588, -0.00410558, 0.0234014, -0.00403667, -0.00333523, 0.021825, -0.0030325, -0.00261045, 0.0201925, -0.00210739, -0.00192392, 0.0184705, -0.00129217, -0.00131836, 0.0166542, -0.000607113, -0.000800883, 0.0147619, -7.24099e-05, -0.000383707, 0.0128234, 0.000311259, -6.98846e-05, 0.0108365, 0.000513104, 0.000113147, 0.00883568, 0.00052845, 0.000141442, 0.00683397, 0.000485496, 0.000150663, 0.00483238, 0.000434039, 0.000175677, 0.00283393, 0.000311426, 0.000143747, 0.000836683, 0.000164933, 9.61231e-05, 
0.0933482, -0.0199534, -0.00442309, 0.0917862, -0.0186931, -0.00452339, 0.0902277, -0.0174279, -0.00461634, 0.0886822, -0.0161458, -0.00469151, 0.0871602, -0.0148344, -0.00473836, 0.0856815, -0.0134737, -0.00473219, 0.084267, -0.0120489, -0.00464509, 0.0829333, -0.0105582, -0.0044524, 0.0810787, -0.00826107, -0.00394809, 0.0798751, -0.00660829, -0.00342277, 0.0786929, -0.00484138, -0.00270387, 0.0775994, -0.00307954, -0.00183721, 0.076642, -0.00145895, -0.000931223, 0.0755414, 0.000345352, 0.000152512, 0.0743446, 0.0021316, 0.00130852, 0.0732472, 0.00352389, 0.00223884, 0.0719423, 0.00487397, 0.00313789, 0.0703913, 0.00612725, 0.00395979, 0.0687328, 0.0071421, 0.00461553, 0.0667578, 0.00800714, 0.00517236, 0.0647144, 0.00856644, 0.0055293, 0.0623499, 0.00878674, 0.00565331, 0.0603619, 0.00863659, 0.00551823, 0.0582644, 0.00813028, 0.00515122, 0.056404, 0.00731563, 0.00458259, 0.0548181, 0.00624523, 0.00386536, 0.0534523, 0.0049662, 0.00303088, 0.052308, 0.00355815, 0.00210912, 0.0513538, 0.00208746, 0.00114042, 0.0505308, 0.000569941, 0.00013565, 0.0497358, -0.00103549, -0.000931573, 0.0489562, -0.00258865, -0.00197561, 0.0481261, -0.00408452, -0.0030224, 0.0471339, -0.00553308, -0.00405842, 0.0459372, -0.00685896, -0.00501181, 0.0445326, -0.0079998, -0.005859, 0.0429289, -0.00893205, -0.00659159, 0.0411163, -0.00961453, -0.00715515, 0.0391808, -0.00999423, -0.0074879, 0.0371812, -0.0100755, -0.00760075, 0.0351732, -0.00984467, -0.00747646, 0.0332582, -0.0093297, -0.00713434, 0.0314594, -0.00859967, -0.00663685, 0.0297471, -0.00772559, -0.0060318, 0.0281378, -0.00673023, -0.00533517, 0.0266511, -0.00562731, -0.00453598, 0.0252034, -0.00451128, -0.0037215, 0.0236959, -0.00344185, -0.00294521, 0.0221304, -0.00244301, -0.00220802, 0.0204712, -0.00154608, -0.00154524, 0.0187088, -0.00077518, -0.000965854, 0.0168682, -0.000134459, -0.000473424, 0.0149675, 0.000354041, -8.33167e-05, 0.0130087, 0.000679462, 0.000197518, 0.0110127, 0.00077367, 0.00030532, 0.00901108, 0.000725621, 0.000314352, 0.00700963, 0.000673769, 0.000348193, 0.0050115, 0.000544449, 0.000324291, 0.0030187, 0.000353526, 0.000253178, 0.00102922, 0.000136927, 0.00017171, 
0.0941053, -0.0202522, -0.00447414, 0.0925648, -0.0189652, -0.00456793, 0.0910211, -0.0176821, -0.00466279, 0.089489, -0.0163842, -0.00474341, 0.0879831, -0.0150545, -0.00479032, 0.0865191, -0.013678, -0.00477712, 0.0851171, -0.0122415, -0.00468154, 0.0837939, -0.0107417, -0.00448645, 0.0819575, -0.00842984, -0.00398295, 0.0807756, -0.00676375, -0.00345033, 0.0796184, -0.00498045, -0.00273142, 0.0785524, -0.00320124, -0.00186597, 0.0776158, -0.0015687, -0.000959696, 0.0765528, 0.000253052, 0.000132327, 0.0753927, 0.00205834, 0.00129618, 0.0743114, 0.00346159, 0.00222889, 0.0730315, 0.00482619, 0.00314179, 0.0715168, 0.00610848, 0.00398634, 0.0698831, 0.00715553, 0.00465386, 0.0679253, 0.00805151, 0.00522187, 0.0658911, 0.00863808, 0.00558816, 0.0635309, 0.00889516, 0.00572245, 0.0615397, 0.00877936, 0.00560282, 0.0594345, 0.00829232, 0.00525376, 0.0575598, 0.00749205, 0.00471233, 0.0559553, 0.00644548, 0.0040014, 0.0545869, 0.00517662, 0.00315575, 0.0534475, 0.00376566, 0.00223232, 0.0525142, 0.00228107, 0.00126454, 0.0517296, 0.000746417, 0.000255014, 0.050974, -0.000873461, -0.0008189, 0.0502456, -0.00243739, -0.00188364, 0.0494836, -0.00395583, -0.00294959, 0.0485768, -0.00544138, -0.0040112, 0.0474559, -0.00680478, -0.00500302, 0.0461039, -0.0079893, -0.00587539, 0.0445593, -0.00899479, -0.00663758, 0.042809, -0.00978264, -0.00725789, 0.0409107, -0.0102675, -0.00766056, 0.0389226, -0.0104432, -0.00784649, 0.0369042, -0.0102916, -0.00778641, 0.0349683, -0.00982955, -0.00748899, 0.033152, -0.0091279, -0.00701455, 0.0314362, -0.00825733, -0.00641454, 0.0298118, -0.00727491, -0.00573474, 0.0283155, -0.00617492, -0.00494965, 0.0269182, -0.00501527, -0.00410847, 0.0254721, -0.00388935, -0.00329606, 0.0239762, -0.00281742, -0.002518, 0.0223983, -0.00182969, -0.00178931, 0.0207011, -0.00096676, -0.00114822, 0.0189198, -0.000225422, -0.000584113, 0.0170655, 0.000365166, -0.00011906, 0.0151412, 0.000800647, 0.000240404, 0.013164, 0.00102287, 0.000454577, 0.011163, 0.00103127, 0.000522538, 0.00916164, 0.000971084, 0.000544542, 0.00716366, 0.000839794, 0.000518678, 0.0051756, 0.000610999, 0.000429085, 0.0031956, 0.000334703, 0.000307334, 0.00122226, 9.6684e-06, 0.000152782, 
0.0948682, -0.0205224, -0.00452457, 0.093335, -0.0192267, -0.00461691, 0.0918029, -0.0179296, -0.00470859, 0.0902863, -0.0166133, -0.00478253, 0.0887943, -0.0152678, -0.0048257, 0.08734, -0.0138811, -0.00481666, 0.0859484, -0.0124344, -0.00472302, 0.0846438, -0.0109193, -0.00452142, 0.0828442, -0.00857946, -0.00401387, 0.0816732, -0.00690369, -0.00348772, 0.0805327, -0.00511157, -0.00276393, 0.079494, -0.0033205, -0.00188973, 0.0785815, -0.00167718, -0.000978371, 0.0775438, 0.000154444, 0.000121448, 0.0764202, 0.0019764, 0.00129506, 0.075374, 0.00340421, 0.00223053, 0.0741151, 0.00479097, 0.00313925, 0.0726184, 0.00608859, 0.00399249, 0.0710037, 0.00715365, 0.00467717, 0.0690596, 0.00807098, 0.00525833, 0.0670413, 0.00869641, 0.0056474, 0.0646889, 0.00900733, 0.00580289, 0.0626959, 0.00891279, 0.00569399, 0.0605849, 0.00844516, 0.00535378, 0.0586974, 0.00766767, 0.00482371, 0.0570781, 0.00663283, 0.0041294, 0.0557119, 0.00536028, 0.00328584, 0.054586, 0.00394458, 0.00235316, 0.0536685, 0.00245619, 0.00137604, 0.0529082, 0.000918099, 0.000353234, 0.0521866, -0.000709051, -0.000733004, 0.0514951, -0.00228527, -0.00180419, 0.0507776, -0.00382198, -0.00287478, 0.0499454, -0.00534018, -0.00395117, 0.0489231, -0.00675628, -0.00497517, 0.0476488, -0.00799816, -0.00588406, 0.0461601, -0.00905945, -0.00668091, 0.0444655, -0.00992323, -0.00735272, 0.0426021, -0.010488, -0.007811, 0.0406286, -0.0107455, -0.00804874, 0.0386045, -0.0106833, -0.00805352, 0.0366457, -0.0102893, -0.00781392, 0.0348015, -0.00963539, -0.00738083, 0.0330746, -0.00877737, -0.00679494, 0.0314519, -0.00779448, -0.00611158, 0.0299386, -0.00670546, -0.00534391, 0.0285538, -0.00552858, -0.00450619, 0.0271711, -0.00435044, -0.00365805, 0.0257461, -0.00321739, -0.00283501, 0.0242519, -0.00214411, -0.00205269, 0.0226388, -0.00118069, -0.00134139, 0.0209276, -0.000340795, -0.000703373, 0.0191313, 0.000355827, -0.000163611, 0.0172577, 0.000924304, 0.000270471, 0.0153147, 0.00129163, 0.000577504, 0.0133175, 0.00132251, 0.000716014, 0.0113177, 0.00122712, 0.000752124, 0.00931688, 0.00114874, 0.000736026, 0.00732578, 0.000951771, 0.000638527, 0.00534378, 0.000704491, 0.000489909, 0.00337378, 0.000381995, 0.000293276, 0.00141425, 2.39927e-05, 7.24792e-05, 
0.0956258, -0.0207818, -0.00457292, 0.0941022, -0.0194744, -0.00466018, 0.0925787, -0.018167, -0.0047492, 0.0910713, -0.0168402, -0.00482234, 0.0895933, -0.0154792, -0.00486265, 0.0881571, -0.0140737, -0.00485166, 0.0867798, -0.0126132, -0.00476203, 0.0854845, -0.0110898, -0.00456269, 0.0837073, -0.00873587, -0.00404147, 0.082563, -0.00704253, -0.00351291, 0.0814497, -0.00523379, -0.00278814, 0.0804375, -0.00342892, -0.00191128, 0.0795436, -0.00177579, -0.000999126, 0.0785229, 6.25661e-05, 0.000105326, 0.0774305, 0.00189828, 0.00128691, 0.0764064, 0.00333694, 0.00223009, 0.0751696, 0.00473929, 0.00314529, 0.073697, 0.00606111, 0.00400325, 0.0721046, 0.00715417, 0.00469628, 0.0701813, 0.00810547, 0.00529162, 0.0681766, 0.00876164, 0.00570005, 0.0658316, 0.00910866, 0.00588766, 0.063837, 0.00903377, 0.00579367, 0.061724, 0.00857389, 0.00545573, 0.0598331, 0.00780735, 0.00492182, 0.0581963, 0.00679549, 0.00423461, 0.0568152, 0.00553661, 0.00339483, 0.055693, 0.00412157, 0.00245666, 0.0547859, 0.00263018, 0.00147446, 0.0540554, 0.00108022, 0.000447863, 0.0533821, -0.000561258, -0.000647802, 0.0527302, -0.00214927, -0.00172635, 0.0520579, -0.00370135, -0.00280409, 0.0512752, -0.0052396, -0.00388917, 0.0503299, -0.00669403, -0.00493313, 0.0491515, -0.00799582, -0.00588656, 0.0477237, -0.00910986, -0.00672201, 0.0460736, -0.0100314, -0.00742693, 0.044249, -0.0106729, -0.00793721, 0.0422939, -0.0110058, -0.00822787, 0.04027, -0.0110294, -0.00829174, 0.0382894, -0.0107216, -0.00811391, 0.0364192, -0.0101142, -0.0077266, 0.0346787, -0.00926637, -0.0071666, 0.0330443, -0.00830137, -0.00648575, 0.0315025, -0.00725207, -0.00571948, 0.0301299, -0.0060568, -0.00488763, 0.0288255, -0.00480302, -0.00402414, 0.0274777, -0.00360371, -0.00316563, 0.0260759, -0.00244847, -0.00233089, 0.0245518, -0.00140142, -0.00154537, 0.0229038, -0.00049275, -0.000838823, 0.0211604, 0.000280664, -0.000233928, 0.0193337, 0.000927947, 0.000281677, 0.0174488, 0.00145659, 0.000696872, 0.0154674, 0.00165541, 0.000904781, 0.0134665, 0.0015839, 0.00093573, 0.0114654, 0.00151014, 0.000936993, 0.00946943, 0.00135418, 0.000870831, 0.00748378, 0.00112642, 0.00074087, 0.00550768, 0.000835485, 0.000556616, 0.00355229, 0.000465006, 0.000320216, 0.00160641, 6.52149e-05, 6.61234e-05, 
0.0963752, -0.0210346, -0.00460634, 0.0948625, -0.019715, -0.00469879, 0.09335, -0.0183953, -0.00479341, 0.0918532, -0.0170566, -0.00486767, 0.0903879, -0.0156818, -0.00490176, 0.0889667, -0.0142613, -0.00488307, 0.0876036, -0.0127876, -0.00479068, 0.0863221, -0.0112523, -0.00459328, 0.0845693, -0.00888, -0.00407312, 0.0834472, -0.00717429, -0.00353668, 0.0823591, -0.00535167, -0.00280844, 0.0813672, -0.00353762, -0.00192723, 0.0804884, -0.00187793, -0.00101249, 0.0794815, -2.90969e-05, 8.7164e-05, 0.078417, 0.00182269, 0.00126923, 0.0774283, 0.00328065, 0.00222048, 0.0762251, 0.00470151, 0.00315182, 0.0747705, 0.00603572, 0.00402112, 0.0731947, 0.00714627, 0.00472407, 0.0712885, 0.00812219, 0.00533462, 0.069292, 0.00879946, 0.00574861, 0.0669545, 0.00918446, 0.00595485, 0.0649582, 0.00914334, 0.00587735, 0.0628365, 0.00871393, 0.00555413, 0.0609452, 0.00795067, 0.00501697, 0.0593103, 0.00694026, 0.00432314, 0.0579103, 0.00569647, 0.00349217, 0.056784, 0.00428181, 0.00255838, 0.0558932, 0.00278565, 0.00156859, 0.0551837, 0.00122967, 0.00053634, 0.0545547, -0.000425295, -0.00056531, 0.0539483, -0.00202424, -0.00165425, 0.0533088, -0.00358229, -0.0027433, 0.0525705, -0.00513712, -0.00383577, 0.0517053, -0.00663597, -0.0048864, 0.0506106, -0.00798801, -0.00586924, 0.049232, -0.00913214, -0.00674549, 0.0476247, -0.010098, -0.00748902, 0.0458454, -0.0108209, -0.00804797, 0.0439145, -0.0112366, -0.00838916, 0.0418968, -0.0113586, -0.00851111, 0.039899, -0.0111442, -0.00839954, 0.038003, -0.0105919, -0.00805862, 0.0362494, -0.00976011, -0.0075153, 0.0346325, -0.00876041, -0.00684284, 0.0330781, -0.0077132, -0.00609959, 0.0316736, -0.00655184, -0.00527305, 0.0304167, -0.00527424, -0.00437468, 0.0291443, -0.00402422, -0.00347449, 0.0278269, -0.00280634, -0.00259257, 0.0264031, -0.00166587, -0.00175093, 0.0248287, -0.000670725, -0.00099478, 0.0231472, 0.000190388, -0.000335794, 0.0213622, 0.00090837, 0.00023009, 0.0195294, 0.00153008, 0.000738978, 0.0175969, 0.00192988, 0.00107713, 0.0155965, 0.00198945, 0.00114189, 0.0135947, 0.00193705, 0.00114121, 0.0115955, 0.00181372, 0.00111175, 0.00960944, 0.00157831, 0.00100384, 0.00762752, 0.0012982, 0.000872997, 0.00566864, 0.000925709, 0.000671197, 0.00372826, 0.000491768, 0.000431494, 0.00179905, 1.69353e-05, 0.000161066, 
0.0971171, -0.0212829, -0.00464539, 0.095616, -0.0199503, -0.00473985, 0.0941156, -0.0186166, -0.00483074, 0.0926321, -0.0172629, -0.00490105, 0.0911805, -0.0158737, -0.00493555, 0.0897733, -0.0144392, -0.00491596, 0.088426, -0.0129513, -0.00481902, 0.0871593, -0.0114043, -0.00461805, 0.0854207, -0.0090213, -0.00409928, 0.0843173, -0.00730414, -0.00356057, 0.08325, -0.00547074, -0.00282864, 0.0822782, -0.00364516, -0.0019489, 0.0814286, -0.00197212, -0.0010308, 0.0804514, -0.000110471, 7.39626e-05, 0.0794013, 0.00174787, 0.00125856, 0.0784317, 0.00321475, 0.00221587, 0.0772613, 0.00465534, 0.00315854, 0.0758315, 0.00600883, 0.00403909, 0.0742683, 0.00713353, 0.00474789, 0.0723793, 0.00813507, 0.00536995, 0.0703927, 0.00883359, 0.00579619, 0.0680619, 0.00925086, 0.00601433, 0.0660645, 0.00924875, 0.00595526, 0.0639377, 0.00883524, 0.00564495, 0.0620469, 0.00806995, 0.00510878, 0.0604041, 0.00707619, 0.00440974, 0.0589876, 0.00585293, 0.00357618, 0.0578687, 0.00443155, 0.00264379, 0.0569955, 0.00292395, 0.00165558, 0.0563, 0.00136245, 0.000622234, 0.0557101, -0.000302771, -0.000485639, 0.0551501, -0.00191074, -0.00158607, 0.0545368, -0.00347527, -0.00268086, 0.0538156, -0.00503261, -0.00378118, 0.0530011, -0.00654536, -0.00485219, 0.0520127, -0.00795924, -0.00586035, 0.0507133, -0.00917468, -0.00676136, 0.0491437, -0.0101808, -0.00753127, 0.0474063, -0.0109653, -0.00813726, 0.0455017, -0.0114465, -0.00853547, 0.0434928, -0.0116285, -0.00871493, 0.0414856, -0.0114935, -0.00866658, 0.0395621, -0.0110119, -0.00837575, 0.0377772, -0.0102342, -0.00785523, 0.0361686, -0.00923085, -0.0071682, 0.0346379, -0.00814795, -0.00642698, 0.0332049, -0.00700179, -0.00562851, 0.0319485, -0.00573467, -0.00471482, 0.0307345, -0.00445304, -0.00377908, 0.02948, -0.00319543, -0.00286191, 0.0281532, -0.00197965, -0.00196876, 0.0266724, -0.00088219, -0.00116653, 0.0250653, 7.41934e-05, -0.000455318, 0.0233324, 0.000878257, 0.000154909, 0.0215346, 0.00158282, 0.000680209, 0.0196619, 0.00214372, 0.00111313, 0.0176828, 0.00235059, 0.00133676, 0.0156821, 0.00234033, 0.00141948, 0.0136804, 0.00226398, 0.00143026, 0.0116906, 0.00205258, 0.001344, 0.00970932, 0.00177637, 0.0011959, 0.00774948, 0.00141412, 0.000985051, 0.00581323, 0.000975272, 0.000721971, 0.00389511, 0.000478225, 0.000415025, 0.00199284, -5.98793e-05, 7.79658e-05, 
0.0978511, -0.0215283, -0.00469091, 0.0963644, -0.0201791, -0.00477856, 0.0948815, -0.0188256, -0.00486206, 0.093413, -0.0174553, -0.00492784, 0.0919689, -0.0160584, -0.00496398, 0.0905692, -0.0146166, -0.00494744, 0.0892381, -0.0131144, -0.00484799, 0.0879918, -0.0115516, -0.0046417, 0.0862747, -0.00915298, -0.00412279, 0.0851851, -0.00742688, -0.00358473, 0.0841335, -0.00558493, -0.00285148, 0.0831799, -0.00374982, -0.00197171, 0.0823619, -0.00206371, -0.00104888, 0.0814151, -0.000193102, 6.72697e-05, 0.0803701, 0.00166569, 0.00125567, 0.0794263, 0.00314885, 0.00221355, 0.0782864, 0.0046116, 0.00315946, 0.076876, 0.00597831, 0.00405104, 0.0753297, 0.00711826, 0.00477217, 0.0734592, 0.0081464, 0.00540685, 0.0714817, 0.00886465, 0.00584242, 0.069156, 0.00930674, 0.00606618, 0.0671585, 0.0093445, 0.00602864, 0.0650246, 0.00895976, 0.00572978, 0.063137, 0.00818974, 0.00518929, 0.0615034, 0.00717984, 0.00449188, 0.0600721, 0.00597052, 0.00366316, 0.0589357, 0.00456667, 0.00272531, 0.0580752, 0.00305651, 0.00172998, 0.0573871, 0.00149578, 0.000690489, 0.0568196, -0.000173637, -0.000422718, 0.0563166, -0.00179942, -0.00152452, 0.0557522, -0.00338268, -0.00261865, 0.0550642, -0.00495669, -0.00371654, 0.0542748, -0.00647357, -0.00480041, 0.053359, -0.0079097, -0.00584503, 0.0521561, -0.00919177, -0.00678669, 0.0506401, -0.0102582, -0.00758258, 0.048942, -0.0110957, -0.0082276, 0.0470653, -0.0116407, -0.00867374, 0.0450655, -0.0118681, -0.00889652, 0.0430544, -0.0117978, -0.00890371, 0.0411057, -0.0113993, -0.00865834, 0.0392817, -0.0106853, -0.00818388, 0.0376518, -0.00970118, -0.00751991, 0.0361545, -0.00859857, -0.00674024, 0.0347266, -0.00746275, -0.0059184, 0.0334517, -0.00620254, -0.00502095, 0.032275, -0.00488205, -0.00409152, 0.0310667, -0.00358301, -0.00317012, 0.0298195, -0.00230026, -0.00225619, 0.0284538, -0.00110488, -0.00139214, 0.0269424, -5.47065e-05, -0.000607033, 0.0252773, 0.000830994, 7.46451e-05, 0.0235241, 0.00159337, 0.000666011, 0.0217352, 0.00231669, 0.00120003, 0.0198078, 0.00272987, 0.00155243, 0.0178095, 0.00275484, 0.00167956, 0.0158078, 0.00268831, 0.00171654, 0.0138138, 0.00250881, 0.00165866, 0.0118305, 0.00224351, 0.00151823, 0.00985786, 0.00194255, 0.00133195, 0.00791427, 0.00153688, 0.00106977, 0.00598624, 0.00108084, 0.000761265, 0.00410005, 0.000516671, 0.000379392, 0.00217347, 5.99043e-05, 6.39585e-05, 0.000173328, -4.2818e-06, -5.68899e-06, 
0.098584, -0.0217637, -0.00472801, 0.0971138, -0.0203963, -0.00481084, 0.0956457, -0.0190265, -0.00489283, 0.0941866, -0.0176463, -0.00495826, 0.0927473, -0.0162444, -0.00499357, 0.0913594, -0.0147912, -0.00497658, 0.0900512, -0.0132691, -0.00487557, 0.0888257, -0.0116904, -0.00466566, 0.0871235, -0.00928258, -0.00414058, 0.0860531, -0.00754391, -0.00360445, 0.0850123, -0.00569406, -0.00287569, 0.0840729, -0.00385364, -0.00199174, 0.0832863, -0.00215609, -0.00106258, 0.0823744, -0.000272019, 5.98602e-05, 0.0813318, 0.0015888, 0.00124722, 0.0804008, 0.00307645, 0.0022107, 0.0792927, 0.00455756, 0.00316578, 0.0779181, 0.00595551, 0.00406472, 0.07639, 0.00711419, 0.00479498, 0.074533, 0.00815877, 0.00544224, 0.0725634, 0.00889372, 0.00588528, 0.0702385, 0.00933856, 0.00611262, 0.0682415, 0.00940702, 0.00609216, 0.0660994, 0.00905749, 0.00580983, 0.0642012, 0.00831542, 0.00526755, 0.0625763, 0.00730014, 0.00455751, 0.0611552, 0.00607549, 0.00373391, 0.0600029, 0.00467923, 0.00280409, 0.0591411, 0.00317367, 0.00180297, 0.0584565, 0.00161391, 0.000759727, 0.0579018, -5.66008e-05, -0.000358298, 0.0574537, -0.00169631, -0.00146313, 0.0569473, -0.00329682, -0.00256058, 0.0563131, -0.00488137, -0.00367552, 0.055551, -0.00640734, -0.0047662, 0.0546632, -0.00786338, -0.00580741, 0.0535431, -0.00919276, -0.006785, 0.0520984, -0.0103108, -0.00764038, 0.0504425, -0.011197, -0.00832861, 0.0485999, -0.0118149, -0.0088194, 0.0466095, -0.0120931, -0.00906824, 0.0445975, -0.0120723, -0.009092, 0.0426288, -0.0117573, -0.00888866, 0.0407651, -0.0111199, -0.00846184, 0.0391052, -0.0101664, -0.00782785, 0.0376307, -0.00902803, -0.0070564, 0.0362054, -0.00788393, -0.00624147, 0.034887, -0.00665849, -0.00535874, 0.0337342, -0.00532155, -0.00442304, 0.0325964, -0.00397736, -0.00347694, 0.0314429, -0.00263301, -0.00252906, 0.030208, -0.00134253, -0.00160696, 0.0288032, -0.000198281, -0.00075794, 0.0272234, 0.000784335, -9.33857e-06, 0.0255061, 0.00158948, 0.000628684, 0.0237502, 0.00234592, 0.0012232, 0.0219002, 0.00294274, 0.00170385, 0.0199213, 0.00315075, 0.00192835, 0.0179194, 0.00314867, 0.00199972, 0.0159206, 0.00302353, 0.00197307, 0.0139334, 0.00277894, 0.00185066, 0.0119565, 0.00249322, 0.0016866, 0.0100032, 0.00211899, 0.00145141, 0.00806885, 0.00167906, 0.00115963, 0.00618347, 0.00111512, 0.000773492, 0.00432618, 0.000494902, 0.000342622, 0.00235393, 0.000212547, 0.000142421, 0.000366072, 1.32118e-05, 6.85834e-07, 
0.099314, -0.0219928, -0.00476041, 0.0978592, -0.0206087, -0.00484034, 0.0964083, -0.0192208, -0.00492082, 0.0949617, -0.0178275, -0.00498704, 0.0935266, -0.0164212, -0.00502337, 0.0921454, -0.0149618, -0.00500443, 0.0908569, -0.0134232, -0.00490009, 0.089657, -0.0118251, -0.00468908, 0.087977, -0.00940197, -0.00416301, 0.0869106, -0.00766226, -0.00362209, 0.0858799, -0.00580718, -0.00289233, 0.0849622, -0.00395653, -0.00200702, 0.0842022, -0.00224906, -0.00107385, 0.0833285, -0.000348536, 5.12569e-05, 0.0823055, 0.00152476, 0.00123604, 0.0813807, 0.00301542, 0.00220077, 0.0802824, 0.0044956, 0.00316856, 0.0789399, 0.00591324, 0.00408505, 0.0774382, 0.0071014, 0.00482257, 0.0755943, 0.00816699, 0.00547301, 0.0736352, 0.00892509, 0.00592364, 0.071311, 0.00937091, 0.00615618, 0.0693146, 0.00945459, 0.00614346, 0.0671665, 0.00913805, 0.00586742, 0.06525, 0.00842726, 0.00534779, 0.0636209, 0.00741449, 0.00464386, 0.062223, 0.00617835, 0.00379809, 0.0610715, 0.00478648, 0.0028608, 0.0602035, 0.00328032, 0.00186586, 0.0595267, 0.0017136, 0.000827972, 0.0589742, 4.04799e-05, -0.00028721, 0.0585617, -0.00160536, -0.00139678, 0.0581227, -0.00321609, -0.00250823, 0.0575465, -0.00480969, -0.00364161, 0.0568072, -0.0063356, -0.00474793, 0.0559414, -0.00779634, -0.00580099, 0.0549021, -0.00917817, -0.00679494, 0.0535324, -0.010367, -0.00767795, 0.0519087, -0.0112918, -0.00839162, 0.0500941, -0.011962, -0.00891658, 0.0481169, -0.0122934, -0.00920257, 0.0461057, -0.0123236, -0.00926273, 0.0441221, -0.0120804, -0.00911259, 0.0422232, -0.0115163, -0.00874129, 0.0405067, -0.010638, -0.00815104, 0.0390299, -0.00949994, -0.00738346, 0.0376635, -0.00829568, -0.00655446, 0.0363535, -0.00705517, -0.00568029, 0.0352074, -0.00571583, -0.00473982, 0.0341078, -0.00435468, -0.00377306, 0.0330007, -0.00299095, -0.00279796, 0.0318677, -0.00164231, -0.0018293, 0.0305803, -0.000407432, -0.000923224, 0.029109, 0.000683453, -0.000106466, 0.0274533, 0.00157278, 0.000580741, 0.0257242, 0.0023663, 0.00120461, 0.0239552, 0.00310312, 0.00178568, 0.0220258, 0.00350507, 0.0021399, 0.0200298, 0.00360164, 0.00227985, 0.0180278, 0.00354746, 0.0023033, 0.0160387, 0.00331299, 0.00219238, 0.0140613, 0.00302706, 0.00203583, 0.0120986, 0.00268547, 0.00183022, 0.010155, 0.00227142, 0.00156341, 0.00824442, 0.00176573, 0.0012231, 0.00641678, 0.00108554, 0.000757331, 0.00450282, 0.000604196, 0.000418817, 0.0025234, 0.000361044, 0.000233942, 0.000560333, 4.33614e-05, -9.30089e-07, 
0.100037, -0.022222, -0.00478813, 0.0986064, -0.0208128, -0.00486968, 0.0971714, -0.0194083, -0.00494775, 0.0957345, -0.0180049, -0.00501173, 0.094309, -0.016589, -0.00505025, 0.0929355, -0.0151222, -0.00503289, 0.0916557, -0.0135768, -0.00492391, 0.0904734, -0.0119666, -0.00470586, 0.0888282, -0.00951936, -0.00418106, 0.087769, -0.00777358, -0.00364564, 0.0867488, -0.00591403, -0.00291249, 0.0858539, -0.0040549, -0.00202146, 0.0851103, -0.00234216, -0.00108483, 0.0842664, -0.000428297, 4.03753e-05, 0.083282, 0.00145954, 0.0012348, 0.0823666, 0.00295172, 0.00220611, 0.081267, 0.00443635, 0.00316564, 0.0799451, 0.00587184, 0.00408425, 0.0784705, 0.00708076, 0.00484226, 0.0766407, 0.00816328, 0.00550454, 0.0746955, 0.00894878, 0.00596843, 0.0723751, 0.00941227, 0.0062042, 0.0703787, 0.00949575, 0.00618363, 0.0682252, 0.00920772, 0.00591841, 0.0662911, 0.00853309, 0.00541657, 0.0646591, 0.00752037, 0.00471925, 0.0632825, 0.00626131, 0.00387224, 0.0621302, 0.0048707, 0.00293415, 0.0612477, 0.00337769, 0.00193221, 0.0605869, 0.00181152, 0.000883227, 0.0600536, 0.000138011, -0.000240706, 0.0596652, -0.00151063, -0.00135483, 0.0592798, -0.0031315, -0.00247136, 0.0587668, -0.00474294, -0.0036099, 0.0580661, -0.00628581, -0.00471788, 0.0571939, -0.00773995, -0.0057747, 0.0561863, -0.00913392, -0.00678425, 0.0549026, -0.0103898, -0.00770291, 0.0533313, -0.0113773, -0.00844902, 0.0515536, -0.0121136, -0.00901061, 0.049598, -0.0125201, -0.00934454, 0.047589, -0.0125848, -0.00943829, 0.0455998, -0.0123699, -0.00932318, 0.043678, -0.0118577, -0.00899694, 0.0419119, -0.0110486, -0.00845646, 0.0404055, -0.00994014, -0.00770307, 0.0390878, -0.00869897, -0.00685007, 0.0377933, -0.00744565, -0.00597111, 0.036631, -0.00611773, -0.00503425, 0.0355698, -0.00473453, -0.00405598, 0.0345033, -0.00334917, -0.00306617, 0.0334444, -0.00196164, -0.00206905, 0.0322823, -0.000643654, -0.00111208, 0.0309374, 0.000552938, -0.00022825, 0.0293765, 0.00154996, 0.000529513, 0.0276728, 0.00237855, 0.00117727, 0.0259511, 0.00318532, 0.00180515, 0.0240964, 0.00377026, 0.00228255, 0.0221189, 0.00399146, 0.00251341, 0.0201184, 0.00402356, 0.002607, 0.0181198, 0.00386092, 0.00255698, 0.0161415, 0.00357567, 0.00240946, 0.0141773, 0.00323865, 0.00221175, 0.0122282, 0.00284107, 0.00195989, 0.0102965, 0.00239346, 0.00166018, 0.00844344, 0.00176355, 0.00122503, 0.00658708, 0.00114977, 0.000792893, 0.00463626, 0.000782674, 0.000526529, 0.00269218, 0.000395147, 0.00024352, 0.000755979, -2.25229e-05, -6.13107e-05, 
