0.0267397, 0, 0, 0.0233973, 0, 0, 0.0200548, 0, 0, 0.0167123, 0, 0, 0.0133699, 0, 0, 0.0100274, 0, 0, 0.00668494, 0, 0, 0.00334247, 0, 0, 
0.0296065, -2.57343e-05, -3.08109e-06, 0.0262641, -2.71802e-05, -3.95884e-06, 0.0229217, -2.79883e-07, -5.73139e-06, 0.0195805, 9.19918e-05, -7.15327e-06, 0.0162381, 0.000106499, 7.49621e-06, 0.0129261, -0.000343292, 3.40546e-05, 0.00965708, -0.00102668, -0.000101208, 0.006356, -0.000663021, -0.00047897, 0.003076, 0.000473964, -0.000131191, 0.00109909, 0.00090424, 0.000825285, 
0.0318749, -0.000155092, -3.4754e-05, 0.0285347, -3.21423e-05, -5.13065e-05, 0.0251966, 0.000137655, -3.62621e-05, 0.0218606, 0.000319044, 6.46411e-05, 0.0185237, 0.000194485, 0.000212348, 0.0152725, -0.000577816, 0.000139016, 0.0121764, -0.00160878, -0.000584198, 0.00907686, -0.00161843, -0.00183521, 0.00598335, -4.47482e-05, -0.00148052, 0.00420949, 0.000558253, -0.000256615, 0.00236964, 0.000397318, 0.000574865, 0.00040785, -0.000411821, 0.00096642, 
0.0335007, -0.000286625, -0.000162478, 0.0301731, 2.34393e-05, -0.000106263, 0.0268467, 0.000332452, 3.64103e-06, 0.0235178, 0.000514124, 0.000243209, 0.0202, 0.000200134, 0.000498719, 0.0170433, -0.000877012, 0.000281124, 0.0141679, -0.00208734, -0.000918449, 0.0112728, -0.00183186, -0.00256941, 0.00848677, 0.000230055, -0.00296741, 0.00664492, 0.00128499, -0.00225826, 0.00488689, 0.00145327, -0.00126663, 0.00321561, 0.000586026, -0.000212424, 0.00200129, -0.00107976, 0.000717717, 
0.0345708, -0.000277831, -0.000328657, 0.03126, 0.000134851, -0.000128036, 0.0279457, 0.000485865, 0.000125352, 0.0246232, 0.00056384, 0.000481389, 0.0213342, 2.00872e-05, 0.000724849, 0.0182562, -0.00122728, 0.0003476, 0.0154538, -0.0023896, -0.00105512, 0.0128494, -0.00194173, -0.00310162, 0.0107441, 0.00052743, -0.00438346, 0.00930315, 0.0021274, -0.00377354, 0.00795613, 0.00291868, -0.00248447, 0.00649906, 0.00278111, -0.000898693, 0.00482543, 0.00177756, 0.000244306, 0.00291127, 0.000462503, 0.000313643, 0.00111702, -0.000806969, -0.000552032, 
0.035258, -0.000114164, -0.000449457, 0.0319549, 0.00025089, -9.17537e-05, 0.028645, 0.000520287, 0.000288348, 0.0253273, 0.000441766, 0.000686501, 0.0220628, -0.000254295, 0.000862188, 0.0190148, -0.00152626, 0.000348372, 0.0163016, -0.00258637, -0.00129077, 0.0139842, -0.00200515, -0.00362828, 0.0121341, 0.000634873, -0.00496226, 0.0110265, 0.00252441, -0.00450294, 0.0100367, 0.00381763, -0.00329867, 0.00891668, 0.00450221, -0.00158593, 0.00749368, 0.0043014, 0.000160303, 0.00595212, 0.00282094, 0.00107137, 0.00468274, 0.000872773, 0.000654745, 0.00260283, -1.39906e-05, -0.000117163, 0.000268361, 0.000192449, -0.000648885, 
0.0357566, 0.000113503, -0.000475931, 0.0324541, 0.000335389, -1.09592e-05, 0.0291451, 0.000464934, 0.000442825, 0.0258336, 0.000251224, 0.000843559, 0.0225823, -0.000519152, 0.000931346, 0.0195543, -0.00175795, 0.000246912, 0.0168967, -0.00268581, -0.00155536, 0.0146642, -0.00195449, -0.00393302, 0.0130095, 0.000790046, -0.00531196, 0.0122308, 0.00287602, -0.00508715, 0.0115893, 0.00450702, -0.00407191, 0.0108687, 0.00556734, -0.00233612, 0.00998137, 0.00563171, -0.000256896, 0.00886896, 0.00461902, 0.00151375, 0.00743741, 0.00297505, 0.00242387, 0.0056292, 0.00142227, 0.00225808, 0.0036885, 0.000560526, 0.00113282, 0.00197663, 0.000348805, -0.000553405, 
0.0361506, 0.000318725, -0.000423671, 0.0328476, 0.000378542, 8.48462e-05, 0.0295396, 0.000368371, 0.000563459, 0.0262329, 4.99475e-05, 0.00093294, 0.0229884, -0.000753389, 0.000919361, 0.0199649, -0.00192634, 0.000110431, 0.0173067, -0.0027114, -0.00175769, 0.0151504, -0.00184902, -0.0041616, 0.0136917, 0.000959481, -0.00563019, 0.0130284, 0.00308962, -0.00545517, 0.0125327, 0.00480765, -0.00450387, 0.0120493, 0.00606981, -0.00282163, 0.0115449, 0.00655408, -0.000670886, 0.0109455, 0.00616255, 0.00153945, 0.0100516, 0.00484271, 0.00328279, 0.00880566, 0.00289332, 0.0038792, 0.00728083, 0.00112977, 0.00329617, 0.00544882, 9.31097e-05, 0.00211812, 0.00332484, -8.92899e-05, 0.000978762, 0.001092, 0.00034182, 0.000141983, 
0.0364985, 0.000469404, -0.000327617, 0.0331955, 0.000391572, 0.000178356, 0.029888, 0.000266713, 0.000644354, 0.0265844, -0.000126024, 0.000966657, 0.0233422, -0.00093414, 0.000879194, 0.0203114, -0.00203611, 5.89812e-07, 0.0176532, -0.00270812, -0.00191107, 0.015547, -0.00175138, -0.00432367, 0.0141556, 0.00110178, -0.00577122, 0.0135495, 0.003249, -0.0055974, 0.0131558, 0.00502379, -0.00470437, 0.0128525, 0.00646503, -0.0031272, 0.0125865, 0.00724863, -0.00102249, 0.0122617, 0.0071261, 0.00127484, 0.0117593, 0.0060369, 0.0033099, 0.0109789, 0.00420599, 0.00463167, 0.00985381, 0.00211552, 0.00500467, 0.00833748, 0.00031021, 0.00449443, 0.00652263, -0.000681447, 0.00324318, 0.00481843, -0.000569604, 0.00152423, 0.00271177, -0.000151003, 0.000382799, 0.000268337, -0.000126515, 0.000285895, 
0.0368449, 0.00056231, -0.000214776, 0.0335416, 0.000380264, 0.000262376, 0.0302344, 0.000170299, 0.000698672, 0.0269332, -0.000271955, 0.000978114, 0.023692, -0.0010766, 0.000839488, 0.020656, -0.00212404, -8.68105e-05, 0.0179931, -0.00271255, -0.00201929, 0.0158921, -0.001679, -0.00440462, 0.0145446, 0.00121039, -0.0058216, 0.0139977, 0.00337544, -0.00567458, 0.0136656, 0.00518656, -0.00483085, 0.0134345, 0.00670188, -0.00331195, 0.0132642, 0.00760698, -0.00124643, 0.013099, 0.00767937, 0.00106996, 0.0128787, 0.00690097, 0.00328938, 0.0125023, 0.00536744, 0.00508238, 0.0118444, 0.00328516, 0.00608558, 0.010841, 0.0010916, 0.00607031, 0.00950437, -0.000684377, 0.00512058, 0.00787844, -0.0016827, 0.00362682, 0.00598416, -0.00182436, 0.00210769, 0.0039422, -0.00123308, 0.000898895, 0.00194315, -0.000155456, -5.15927e-05, 
0.0371903, 0.000609482, -0.000106884, 0.0338867, 0.000353755, 0.000332181, 0.0305796, 8.39643e-05, 0.000734758, 0.0272799, -0.000391679, 0.000976516, 0.0240397, -0.00119273, 0.000799747, 0.0209986, -0.00220032, -0.000153313, 0.0183239, -0.00272555, -0.00208782, 0.0162261, -0.00163347, -0.00444973, 0.014914, 0.00128124, -0.00584792, 0.0143928, 0.00345261, -0.00570079, 0.0140824, 0.00527065, -0.00486371, 0.013882, 0.0068107, -0.00336546, 0.0137723, 0.00780187, -0.00133565, 0.0137108, 0.00804958, 0.000973691, 0.0136313, 0.0074803, 0.00326496, 0.0134511, 0.00612827, 0.00522653, 0.0130863, 0.00415707, 0.00655183, 0.0124774, 0.00187426, 0.00703834, 0.0115914, -0.000348845, 0.00669847, 0.0103779, -0.00215015, 0.00562401, 0.0089037, -0.00304348, 0.00390801, 0.00731332, -0.00285799, 0.00205958, 0.00545505, -0.00203922, 0.000667695, 0.00331151, -0.00103467, -6.93044e-05, 0.00101765, -7.12934e-05, -0.000262329, 
0.0375458, 0.000623409, -1.60541e-05, 0.0342417, 0.000316982, 0.000385352, 0.0309345, 4.9746e-06, 0.000755592, 0.0276363, -0.000494965, 0.000965179, 0.0243971, -0.00129386, 0.000760917, 0.0213514, -0.00227298, -0.000207267, 0.0186679, -0.00275595, -0.00214057, 0.0165704, -0.00162647, -0.00448507, 0.0152695, 0.001308, -0.00585207, 0.0147616, 0.00348159, -0.00569176, 0.0144675, 0.00530336, -0.0048569, 0.014289, 0.00686359, -0.00337688, 0.0142083, 0.00790649, -0.00137177, 0.014184, 0.00823352, 0.00092837, 0.0141587, 0.00775731, 0.003242, 0.0140786, 0.00652806, 0.00528913, 0.0138932, 0.0047005, 0.00683857, 0.013546, 0.00247487, 0.00770156, 0.0129859, 0.000123765, 0.00773666, 0.0121788, -0.00200539, 0.00690781, 0.0111211, -0.00354978, 0.00535468, 0.00980606, -0.00427044, 0.00342292, 0.00819946, -0.00412469, 0.00156321, 0.00634398, -0.00318323, 0.000214926, 0.00458377, -0.00151441, -0.000371507, 0.00267739, 0.000116699, -0.000369951, 0.000162938, 0.000139119, -0.000205137, 
