0.094314, 0, 0, 0.094314, 0, 0, 
-0.22522, 0.467217, -0.301065, 0.401739, -0.275165, 0.336222, 0.177622, 0.0734226, -0.0367439, 0.172633, -0.24308, -0.265747, 0.170733, 0.180408, -0.0409449, 0.094314, 0, 0, 
0.326261, -0.0777424, 0.441028, 0.255594, 0.0191234, -0.164437, 0.20422, 0.0929715, -0.352168, 0.160994, -0.23035, -0.0452081, 0.151129, 0.0722009, 0.135457, 0.292266, 0.0581163, 0.381013, 0.207936, 0.179774, -0.00981961, 0.110706, 0.446684, -0.352062, 0.273552, -0.201537, -0.382922, 0.094314, 0, 0, 
0.244302, -0.213605, 0.00947013, 0.0514109, 0.179327, -0.0613696, -0.0752074, 0.293658, 0.0941629, 0.109515, -0.445305, -0.301601, 0.0966747, -0.315348, 0.210232, 0.129831, -0.109735, -0.162365, 0.27986, 0.296429, 0.0880662, -0.00172039, -0.121196, 0.24638, -0.0419024, 0.382275, -0.217824, 0.135799, 0.410311, -0.0156968, 0.096433, 0.0987473, -0.205125, 0.0760715, 0.020186, -0.114415, 0.094314, 0, 0, 
0.37184, 0.279117, -0.0371091, 0.204739, 0.0712249, -0.025204, 0.145789, -0.145992, 0.206604, 0.13449, -0.0302624, -0.317684, -0.0582536, 0.340103, -0.121594, 0.206983, -0.0529872, 0.0740799, -0.0648162, 0.00631509, -0.100427, 0.0790317, -0.267858, -0.132317, 0.024559, -0.0310749, -0.0411399, 0.0199344, 0.360925, -0.04873, 0.121364, -0.234213, 0.232741, 0.26807, -0.531166, 0.07188, 0.22677, -0.0891142, -0.0430049, 0.307351, -0.00839215, 0.485731, 0.196693, -0.102293, -0.14536, 0.190105, 0.305745, -0.0855359, 0.094314, 0, 0, 
0.310126, -0.234429, 0.381138, -0.0606948, -0.0705295, -0.093816, -0.00480989, 0.0248706, -0.106639, 0.19693, 0.051216, 0.0833098, 0.14189, -0.359634, 0.039498, 0.212578, -0.0271619, 0.283688, 0.134049, 0.414208, -0.251757, 0.0882579, -0.160445, -0.395995, 0.0773278, 0.29886, -0.139042, 0.112356, 0.0822384, 0.139672, 0.0947112, 0.133547, -0.267746, 0.133886, -0.040375, -0.0913951, -0.0727508, -0.470397, 0.354537, 0.0630773, -0.256147, 0.22119, 0.152803, 0.461526, -0.246995, 0.0604588, 0.360055, -0.0621717, 0.107541, 0.0504618, 0.0802262, 0.03005, 0.00580737, -0.0070472, 0.147397, 0.0806137, 0.115725, 0.094314, 0, 0, 
0.356065, -0.116647, -0.361306, 0.376224, -0.22705, -0.0234968, 0.154039, 0.0654937, -0.250514, 0.0909321, 0.00390869, -0.0734407, 0.0845614, 0.244074, 0.413887, 0.0446806, 0.0425043, 0.25946, -0.0137153, 0.0247635, -0.120508, 0.0928463, 0.0468686, -0.38053, -0.00214186, -0.189576, 0.198587, 0.0776968, 0.069398, 0.170998, 0.0852938, -0.196619, -0.119297, 0.398112, -0.316248, 0.107686, 0.212585, 0.0501852, 0.0888268, 0.0654502, -0.0102931, -0.137252, 0.154104, 0.122891, -0.388207, -0.0417007, 0.0650178, -0.0366989, -0.239712, 0.0872128, 0.229473, -0.223322, 0.491364, 0.0694511, -0.0114439, 0.049006, -0.0577442, -0.0770165, -0.019896, -0.216664, 0.0879912, 0.128672, 0.0347232, 0.0243878, -0.322985, -0.0705757, 0.0638383, 0.0338352, 0.0768616, 0.094314, 0, 0, 
0.277301, -0.030089, 0.278226, 0.00213671, -0.482598, 0.105822, 0.145776, 0.0996452, -0.0813394, 0.194611, 0.200216, -0.140689, 0.0907379, -0.00999543, 0.201584, 0.0450286, -0.134402, -0.092484, 0.0506026, -0.0185938, -0.0336145, 0.25255, 0.600576, -0.244377, -0.0516073, 0.0263398, -0.106948, -0.042596, 0.0117674, 0.0152639, 0.00341087, -0.0449893, 0.0650407, 0.291035, -0.0146836, -0.238309, 0.427777, -0.0975519, -0.00194952, 0.367815, 0.0999191, -0.0498876, 0.375309, 0.200625, 0.0643755, 0.0759252, 0.0863605, -0.0252215, 0.099921, -0.222377, -0.174506, 0.0957101, -0.143362, 0.140211, -0.123818, -0.0115246, 0.025647, 0.0152253, -0.398986, 0.121814, 0.15797, -0.0906886, 0.137448, -0.00824224, 0.048204, -0.0435417, 0.0780196, -0.0387972, -0.138206, -0.00622757, -0.243999, 0.0598356, -0.0257552, 0.357897, 0.0774678, 0.10283, 0.10237, -0.100154, 0.094314, 0, 0, 
-0.0402341, 0.16236, 0.0186424, 0.0130928, -0.205081, 0.0107071, 0.0882987, 0.149263, 0.122213, -0.0503922, 0.19626, -0.000277093, 0.0602314, 0.0879584, -0.227042, 0.309288, -0.0254151, -0.34453, 0.130149, 0.158082, 0.14302, -0.0178185, 0.0936604, -0.205901, 0.0895416, -0.445745, 0.325185, 0.0587676, -0.174494, 0.117824, 0.165349, -0.19874, 0.00386243, -0.0519151, -0.11324, 0.0987068, -0.174581, 0.186755, 0.0321083, -0.117034, -0.0616753, 0.21886, 0.070755, 0.449307, -0.17121, 0.07014, -0.17504, -0.000684737, 0.224091, -0.234907, -0.190374, 0.144903, -0.109251, -0.0561651, 0.371351, 0.0013534, 0.299252, 0.123624, -0.0630293, 0.00361035, 0.361774, -0.125654, -0.155149, 0.0388336, 0.556522, -0.424492, 0.21448, 0.0487181, -0.259121, -0.0448716, -0.157505, -0.172423, 0.170829, 0.181918, 0.117804, 0.15154, 0.101716, 0.146959, 0.0812143, -0.229387, -0.168183, -0.00418592, -0.415449, -0.071285, 0.294721, -0.0779673, 0.52722, 0.14222, 0.0077231, -0.110748, 0.094314, 0, 0, 
0.281316, -0.0306579, 0.170636, 0.212467, -0.130914, 0.131144, 0.216579, -0.215169, -0.190132, 0.168481, 0.204869, -0.118245, 0.122444, -0.00429507, -0.220936, 0.228857, 0.245024, -0.0215779, 0.375608, -0.0628499, 0.152819, 0.342922, 0.0944015, 0.107594, 0.162346, 0.129244, 0.238095, 0.0456391, 0.0472978, -0.0131914, 0.170429, -0.083263, -0.341358, 0.223329, 0.0948644, -0.120995, -0.0166958, -0.116897, -0.192587, -0.123573, 0.0454089, -0.0764726, 0.0542301, -0.2717, 0.075631, 0.146739, 0.0613061, 0.112041, -0.00370195, 0.241368, 0.0419342, 0.0537324, -0.535462, 0.0440535, -0.14741, 0.126801, 0.352144, -0.0231709, -0.164425, 0.103696, 0.0764759, -0.15466, -0.144029, 0.0833819, 0.0334241, -0.272495, 0.395881, -8.1615e-05, -0.288243, 0.101759, -0.145141, 0.120345, 0.202113, -0.0964145, -0.0384053, 0.286841, 0.363999, -0.135095, 0.278041, -0.079593, -0.0648831, 0.0460904, -0.0866473, 0.00834268, 0.0607782, 0.389638, -0.00342099, -0.121335, 0.277432, 0.133727, -0.0663229, 0.043273, -0.0520629, -0.227066, -0.228994, -0.226569, -0.106637, -0.0744374, 0.228821, 0.094314, 0, 0, 
-0.262889, 0.000629399, 0.299375, 0.026047, -0.12429, 0.0843775, -0.0161578, 0.262642, -0.352744, -0.0238472, -0.249653, 0.0595576, -0.0249298, 0.074678, 0.00270905, -0.0722719, -0.00591255, -0.000193436, 0.0855699, -0.121894, 0.309184, 0.225802, 0.122616, -0.159203, 0.219319, -0.0323999, -0.169976, 0.0496385, -0.0610434, -0.0640906, 0.186416, -0.174268, -0.114127, 0.261006, 0.070952, -0.0473434, 0.208382, 0.0396835, -0.234231, 0.112413, -0.0634072, 0.352424, 0.20399, 0.191417, 0.173352, 0.180855, -0.381454, -0.265225, 0.267777, 0.114246, 0.122516, 0.0298412, 0.233132, 0.152124, -0.117273, 0.182954, 0.0094793, 0.0361622, 0.14637, -0.00208077, -0.0275054, 0.114835, -0.274861, -0.191454, -0.0565669, -0.130348, 0.0927275, -0.0413251, -0.134793, 0.210748, 0.145045, 0.0818322, 0.08317, 0.0289264, 0.0376423, 0.154119, -0.237207, -0.284148, 0.123245, -0.180512, -0.0990546, 0.164308, -0.0860952, 0.26809, 0.318217, -0.113608, 0.206735, 0.194095, -0.109887, -0.18711, 0.0148634, -0.165926, 0.00686204, 0.222597, 0.182592, 0.16466, 0.122889, -0.173002, 0.298817, 0.193857, -0.056535, -0.0596531, 0.131071, 0.243047, 0.00280896, 0.168664, -0.0101385, -0.00549336, 0.150284, -0.0344275, 0.140726, 0.094314, 0, 0, 
0.332388, 0.271719, -0.0641359, -0.0275861, -0.131543, -0.0598282, 0.11491, -0.0287926, 0.126513, 0.268618, -0.0597276, 0.105009, 0.336541, -0.262117, 0.0398685, 0.255092, -0.00223745, -0.0491148, -0.0162186, -0.004783, -0.104403, -0.0298847, 0.110782, -0.208063, 0.0497488, 0.167121, 0.0539795, 0.19604, -0.0104236, 0.00298178, 0.0959677, 0.197488, -0.10193, 0.137195, 0.166254, -0.111864, 0.225954, 0.131135, 0.0298954, 0.274425, -0.140943, -0.145099, 0.140254, -0.163313, 0.22415, 0.0787557, -0.311982, -0.183916, 0.106075, -0.0709925, -0.172727, 0.0954133, 0.0517195, 0.162947, 0.238629, 0.528506, 0.117319, -0.00576178, -0.120003, 0.0840799, 0.103803, -0.0679039, -0.151483, 0.061533, -0.024265, -0.163427, -0.106202, 0.161956, 0.238164, -0.00258515, -0.176236, -0.0604715, -0.255594, -0.0650378, -0.123905, 0.0480899, -0.212389, 0.128302, 0.119088, -0.315763, 0.343191, -0.232931, 0.162487, -0.180523, -0.113806, 0.167185, 0.116806, -0.0889006, -0.0691991, 0.117088, -0.0179173, 0.061354, 0.0353559, 0.0805527, -0.00466551, -0.112957, 0.298339, 0.270904, 0.0867795, 0.17629, -0.0022593, 0.0711334, 0.230063, -0.239592, -0.282653, 0.142235, -0.027754, 0.0492147, 0.161914, 0.0715717, -0.00937563, 0.175364, 0.00439956, -0.189128, -0.0325004, -0.0645536, -0.277068, -0.0234393, -0.301407, 0.0877633, 0.094314, 0, 0, 
-0.057803, 0.0546945, -0.144727, -0.043846, 0.222262, -0.0361085, -0.0440818, -0.0771923, -0.108329, 0.13171, -0.0274877, 0.0185239, 0.216823, 0.0873156, 0.0171767, 0.236081, 0.0385034, 0.0398313, 0.239826, -0.401211, -0.234939, 0.292245, 0.038375, 0.0431919, 0.282125, 0.0465043, 0.0348377, 0.290347, -0.0379445, 0.16684, 0.268959, -0.00559216, 0.0197439, 0.145811, 0.235637, -0.0280682, 0.0740321, -0.10301, -0.0407543, -0.0450646, -0.141237, 0.0356362, 0.0562485, 0.14598, -0.0406712, 0.0172574, -0.048617, 0.0876504, -0.0876074, 0.0512091, 0.148167, 0.0507649, 0.119558, 0.161015, -0.0888606, -0.427938, -0.388119, 0.0239783, 0.0807469, -0.0731088, 0.10805, -0.107231, 0.133917, 0.012212, 0.164987, -0.209872, 0.177393, 0.187811, 0.24385, 0.00767918, -0.16779, -0.08014, 0.315354, 0.00386266, -0.131962, 0.170423, 0.0648007, 0.168075, 0.139449, 0.10649, 0.176148, -0.0362724, -0.233308, -0.169102, 0.00262312, -0.0071534, -0.00697709, 0.0188144, 0.00225366, -0.0522876, 0.129736, 0.00690462, -0.0744205, 0.00678753, 0.0605711, -0.201192, 0.0478587, 0.133219, 0.226219, -0.0633913, 0.021096, 0.140745, -0.209277, 0.187698, -0.217774, 0.0607143, -0.115218, -0.105265, 0.0423157, -0.359451, 0.189775, 0.279877, 0.0688779, 0.142122, 0.327093, 0.145876, -0.0237672, 0.0850323, -0.148156, -0.0803411, 0.115835, 0.00427147, 0.0308448, 0.0805553, 0.0399723, -0.0447127, 0.0407067, 0.248752, 0.0369814, -0.127032, -0.0321502, -0.194405, 0.094314, 0, 0, 
-0.0103742, 0.0583624, 0.0996765, 0.125478, 0.143951, 0.0258217, 0.158577, -0.00135152, -0.248034, 0.122609, -0.0104472, -0.25861, 0.262985, -0.076696, 0.139109, 0.227145, 0.0164299, -0.0107163, 0.267787, 0.0079341, -0.103542, 0.169492, -0.034714, 0.209698, 0.173616, -0.0951589, -0.0600527, 0.261512, 0.0360274, -0.0311157, 0.169598, 0.0569759, 0.112207, -0.035254, -0.00341521, 0.0386329, 0.218215, -0.0540577, -0.130194, 0.164265, 0.125273, 0.336309, 0.202903, -0.1976, 0.105108, 0.00558817, -0.0964328, -0.386405, 0.0315605, 0.17176, -0.179543, 0.097001, -0.133759, 0.0676579, -0.0229128, -0.135518, -0.0500506, -0.0546924, -0.0639844, 0.0883345, -0.135797, 0.112763, 0.0502862, -0.0456164, -0.216359, -0.0371099, 0.133485, 0.160743, 0.214825, 0.151809, 0.12863, 0.012898, 0.220719, 0.0456149, -0.136361, 0.190219, -0.0938689, -0.116185, 0.0478017, 0.204984, 0.10433, -0.0459442, -0.0412907, 0.0510925, -0.356807, 0.0770235, -0.249854, 0.00268866, -0.0424564, 0.0973004, 0.0980878, -0.0871651, -0.0393694, 0.177442, -0.0601817, 0.162774, 0.152467, 0.129372, -0.0737775, 0.114826, -0.0695478, 0.0804938, 0.0802489, 0.0327883, -0.040648, -0.124497, 0.0130923, 0.0167917, 0.064385, -0.0800816, 0.11719, 0.0861897, -0.11277, 0.0288078, 0.0150926, 0.34258, -0.287303, 0.165145, -0.25304, -0.172888, 0.160395, -0.19818, 0.00803153, 0.207476, 0.329088, -0.13439, 0.121404, 0.109995, -0.111168, -0.200022, -0.108447, 0.0421493, 0.00166102, -0.282451, 0.245223, 0.109028, -0.00458869, 0.347918, 0.221891, 0.0187369, 0.0546674, 0.094314, 0, 0, 
-0.106673, 0.0583265, -0.47699, 0.0969312, -0.195661, -0.0115587, 0.151584, -0.114667, 0.428475, 0.0014573, -0.0130495, 0.0126821, -0.0033537, 0.140331, 0.099679, -0.0869592, 0.157508, -0.166101, 0.100265, 0.019924, -0.211902, 0.272259, -0.0725708, -0.0526852, 0.140392, 0.136716, -0.157992, 0.0829973, 0.0698645, -0.044866, 0.162007, 0.0421852, 0.058951, 0.225365, -0.143529, 0.336994, -0.118144, -0.122721, -0.125201, 0.0676907, -0.091008, 0.111576, 0.0492477, 0.0522801, -0.230256, -0.00246972, 0.15353, -0.0225031, -0.049194, -0.0733102, -0.0751975, 0.0731269, 0.105958, 0.193252, 0.0121527, 0.136424, -0.187711, 0.108557, 0.0553876, 0.0374654, 0.11915, -0.0204794, 0.0763146, 0.212855, -0.0693293, 0.0177493, 0.0923507, -0.140063, 0.104776, 0.110824, -0.166941, -0.0826175, 0.0522262, -0.161999, -0.0162765, 0.0350892, 0.113658, 0.228355, 0.223086, 0.0660224, -0.153529, 0.380151, -0.00848557, -0.101304, 0.218922, -0.151924, 0.09197, 0.305801, 0.116875, 0.145471, 0.245039, -0.0946376, -0.21117, 0.139088, 0.220186, -0.0156123, 0.0995045, 0.100961, -0.26032, 0.0760588, -0.00416777, 0.0581815, 0.00984497, 0.0323144, 0.00282692, 0.137519, -0.180387, 0.108198, 0.111223, 0.0274067, 0.103367, 0.04156, 0.0280674, 0.123551, 0.0802908, -0.294181, -0.260739, 0.183295, 0.148753, 0.061619, 0.0479897, 0.0377436, 0.00282849, 0.103294, 0.00916127, -0.253861, 0.180243, -0.0621553, 0.177932, 0.0950888, 0.193646, 0.0183836, 0.275097, -0.0234925, -0.103094, 0.087129, 0.0286954, -0.151799, 0.16674, -0.409764, -0.0878793, 0.0780257, 0.0284731, 0.0831168, 0.158374, 0.00617927, -0.0400258, 0.201265, -0.218103, -0.003154, 0.185344, 0.299087, 0.127683, 0.094314, 0, 0, 
0.0156709, 0.0400249, -0.227454, 0.137093, 0.130523, -0.0762238, 0.147725, -0.00257417, 0.201567, 0.138188, 0.0250791, -0.016693, 0.0513351, -0.20435, -0.153327, 0.0339266, -0.227362, 0.116668, -0.0302739, 0.042211, -0.0922731, 0.152087, 0.0298157, 0.175212, 0.190493, -0.116906, -0.00439502, 0.223589, 0.313681, 0.0247716, 0.229075, 0.0999304, -0.0341468, 0.201508, -0.0236579, -0.19551, 0.0237688, 0.100347, -0.134615, 0.0181057, -0.0886531, 0.062222, 0.0919763, -0.300229, 0.0927585, 0.0395269, 0.134137, -0.0744698, 0.0555179, 0.104462, -0.0743344, 0.129276, -0.125165, 0.0438393, 0.146801, -0.00489202, 0.0877307, 0.104146, 0.310249, 0.014911, 0.187586, 0.00522587, 0.000807091, 0.0403888, 0.067156, -0.03272, 0.0233209, -0.0275626, 0.0149447, 0.136554, -0.0373473, -0.340308, 0.0887716, -0.0787066, -0.0971968, -0.0215504, -0.0307337, 0.0992396, 0.0735701, -0.102826, 0.20881, 0.0673932, -0.40597, -0.0234841, 0.0236427, 0.120684, 0.420195, -0.055413, 0.0573665, 0.0197125, 0.0719436, -0.025466, -0.0833323, -0.0496328, 0.154868, -0.138689, 0.0703172, -0.0423007, 0.0606376, 0.168638, 0.0108407, -0.23163, 0.0898425, -0.0801379, -0.188448, 0.123135, -0.0614602, 0.115855, 0.162077, 0.0386326, 0.28085, 0.108413, 0.0183582, 0.00971622, 0.0213507, 0.0248216, -0.17388, -0.0543736, 0.0438032, 0.121953, -0.0134943, 0.198233, 0.0879637, 0.162691, -0.201554, -0.0658753, 0.231535, -0.0904123, 0.279984, -0.103407, -0.272338, -0.0889816, 0.000111398, 0.0905173, -0.348834, 0.0392009, 0.17539, -0.068762, 0.147943, 0.240515, 0.136973, 0.302922, -0.0396442, -0.223343, 0.278829, 0.00913095, 0.00640258, 0.289393, 0.185112, -0.179896, 0.183519, -0.0496106, -0.0473724, 0.17036, -0.18216, -0.0774311, 0.156275, -0.0442288, 0.116569, 0.0811463, -0.180525, 0.325497, 0.094314, 0, 0, 
-0.146038, -0.0919866, -0.156289, -0.0622865, 0.107315, -0.258866, 0.0570456, -0.0909326, 0.221922, 0.104506, -0.0272962, 0.281077, 0.107197, 0.0209929, 0.0286257, 0.169099, 0.120211, -0.066982, 0.179424, -0.136861, -0.207552, 0.0977709, 0.0331346, 0.0452889, 0.00480408, 0.0345767, -0.143502, 0.0725381, 0.00191354, -0.00268925, 0.156218, 0.144894, 0.191708, -0.010971, 0.136567, -0.0257821, 0.197066, -0.214253, 0.012586, 0.147792, -0.0870011, -0.165535, 0.213602, -0.265474, 0.101048, 0.329594, -0.0245254, -0.0157247, 0.364687, 0.0565799, -0.0822326, 0.147236, 0.280631, -0.166555, 0.184691, 0.299623, -0.0505151, 0.139474, -0.0194191, 0.0147713, 0.151905, 0.0327244, 0.102505, 0.176124, -0.296584, 0.0454371, 0.0794721, 0.0334417, 0.0563853, 0.048994, -0.00350995, 0.073042, 0.0974418, 0.0333312, 0.0196901, 0.0841285, -0.0729859, -0.112543, 0.00919709, -0.170121, -0.33056, 0.0697994, -0.144017, -0.0179409, 0.186166, 0.216618, 0.0385397, -0.0842834, 0.473111, 0.11377, 0.0600121, 0.0771523, -0.0196677, 0.0334939, -0.572824, -0.106462, -0.07975, -0.0949345, -0.0464229, 0.0619741, 0.0492288, 0.246172, 0.108831, 0.0904788, 0.0968169, 0.116969, -0.0148323, 0.153902, -0.0125553, 0.0259185, -0.0140706, 0.0031819, 0.064929, -0.236351, 0.0604988, -0.158658, -0.135228, 0.152691, 0.0616072, -0.193739, 0.192109, 0.0242964, 0.052606, 0.00434996, -0.134612, -0.13909, 0.0354891, 0.0385782, 0.277886, 0.140738, 0.182843, -0.133365, 0.0361889, 0.0413959, -0.0166747, 0.0872058, -0.19428, -0.0611307, 0.08726, -0.131816, 0.0787327, 0.0804736, -0.145502, 0.116193, 0.0547953, 0.252807, -0.164138, 0.0207934, 0.197924, 0.256801, 0.0811695, -0.163361, 0.191951, -0.111528, -0.0146553, -0.0154098, -0.0459275, 0.041195, 0.116099, 0.0799701, 0.0630111, -0.285729, 0.118995, 0.18098, 0.0361577, -0.0897674, 0.0768367, -0.183319, 0.0516753, -0.0214362, -0.29541, 0.0387846, -0.239048, 0.232254, 0.094314, 0, 0, 
-0.0400225, -0.222068, -0.526118, 0.196929, 0.0381187, 0.145301, 0.163674, 0.00689599, 0.189492, 0.20476, 0.0978687, -0.12626, 0.22011, 0.258659, -0.0533191, 0.18021, -0.0323532, -0.119093, 0.13464, 0.0648092, -0.00352586, 0.121875, -0.214519, 0.0319255, 0.0942525, -0.182459, 0.16277, 0.0814513, -0.0647992, -0.091045, 0.0708359, 0.093299, -0.100562, 0.0980342, 0.0339965, 0.0457053, 0.128684, 0.176404, -0.0933624, 0.196168, 0.0315899, -0.145689, 0.209394, 0.00627247, -0.0404157, 0.278869, -0.256464, 0.0320098, 0.199742, -0.0722755, 0.177483, -0.0571881, 0.0655082, -0.037162, 0.189378, -0.0466458, 0.0578541, 0.143415, 0.0493569, -0.0580037, 0.0641753, -0.0397354, -0.143769, 0.0618011, 0.123746, -0.0727036, 0.114239, -0.0476801, 0.182278, 0.0315519, 0.0658447, 0.131753, 0.160373, -0.0583678, -0.070441, 0.0448172, 0.0580607, 0.0541716, 0.0792842, -0.0878807, -0.16988, 0.178592, -0.0211663, 0.0302586, 0.165654, 0.0198986, -0.085272, 0.0175146, 0.0486762, 0.07352, -0.0603664, 0.0732701, 0.00860784, 0.0635999, -0.102007, 0.104247, 0.00473499, -0.0456674, -0.157796, 0.0609611, -0.0715548, -0.111783, -0.0182807, -0.0963779, -0.013884, -0.000511598, 0.0747381, 0.0737205, 0.0321271, 0.135295, 0.0311448, 0.0186447, 0.0128071, 0.177844, 0.116983, 0.160088, 0.0279292, 0.0314413, 0.143886, -0.063677, 0.0093136, -0.140506, -0.0368048, -0.0368444, -0.335087, 0.0082088, 0.0229383, 0.0788567, -0.0743912, 0.119478, 0.349567, 0.0705118, 0.0988828, -0.0701707, -0.0792097, 0.223987, -0.0395343, -0.15102, 0.0753593, -0.004888, -0.104511, 0.000446892, -0.167081, -0.0233524, 0.149333, -0.330359, -0.0214076, 0.0961303, 0.284469, 0.0911496, 0.0709847, 0.0463261, -0.262075, 0.0883152, -0.100392, 0.237349, 0.153677, 0.225787, 0.073857, 0.166271, -0.110497, 0.184502, -0.0109529, -0.173871, 0.172397, -0.0462087, 0.108899, 0.228851, -0.210035, 0.167825, -0.16325, -0.0538843, -0.101099, -0.117772, 0.0628907, -0.0265113, -0.247768, 0.115803, -0.0553417, 0.0329362, 0.0182418, 0.118977, 0.0522958, -0.0765034, -0.0128543, 0.0330947, 0.094314, 0, 0, 
0.175985, -0.115596, 0.0105402, 0.123664, 0.0520058, -0.0823597, 0.0241319, -0.100018, -0.127009, -0.00491254, 0.11278, -0.0845907, 0.0509249, 0.0715899, 0.126494, 0.134971, -0.104616, 0.154217, 0.0419013, 0.0700081, 0.151777, 0.00950823, 0.0602121, 0.0217192, -0.0430029, -0.000272079, -0.15354, 0.100334, -0.223302, 0.0176308, 0.188587, 0.130566, 0.070276, 0.204146, -0.00496691, -0.0628631, 0.283138, 0.0845704, 0.0262961, 0.164201, -0.00110064, 0.0382803, 0.252475, -0.11425, -0.301902, 0.0921721, -0.0379068, -0.0135611, 0.099658, 0.0435023, -0.0151915, 0.159992, -0.151626, -0.264326, 0.0812383, -0.050071, -0.144727, 0.100981, 0.0464739, -0.104427, 0.161928, 0.0583938, 0.18095, 0.0237037, 0.0595139, 0.266078, 0.20633, 0.109934, 0.212085, 0.164473, 0.122487, -0.0875697, 0.127698, -0.112372, 0.0953795, 0.128717, 0.0413419, 0.119426, 0.0125632, 0.111128, -0.213467, 0.0287622, -0.141896, -0.0390848, 0.0539104, -0.214826, -0.0427754, 0.0877849, 0.0402704, -0.174647, 0.147378, 0.0246731, -0.0403766, 0.154821, -0.21412, -0.129543, 0.121419, 0.0785917, 0.00243884, 0.0869354, 0.238237, -0.00946646, 0.15446, 0.0501701, -0.00375197, 0.216021, -0.0526703, 0.173304, 0.140718, -0.0354313, 0.0531001, 0.138285, -0.0389297, 0.143157, -0.00299524, 0.101009, -0.33224, 0.109326, -0.279882, -0.249814, 0.0176691, 0.139584, 0.142603, -0.105043, -0.0282356, 0.233392, 0.0097321, 0.0600674, 0.0349972, -0.0428583, -0.0185844, -0.294554, 0.218792, 0.180505, 0.0773859, 0.083472, -0.219761, -0.0290457, 0.150398, 0.288074, 0.128169, 0.120494, -0.17857, 0.0619658, 0.0447243, 0.0483119, -0.134745, 0.210883, 0.035689, -0.165198, 0.214958, -0.183978, 0.191867, 0.139958, -0.132566, 0.120039, 0.193377, -0.0757554, -0.00216046, 0.185276, 0.168531, -0.0452321, 0.100973, 0.0539991, -0.148415, 0.215912, 0.095441, -0.0146187, 0.283642, -0.0523854, -0.0809279, 0.28006, 0.00802028, 0.0969418, 0.120083, -0.132999, 0.0215838, 0.106707, -0.133983, -0.196562, 0.0668325, 0.0277462, 0.143419, 0.113324, 0.100043, 0.127294, 0.027323, -0.0814712, 0.0277748, 0.0863938, -0.0897943, 0.0664281, 0.204078, -0.098426, -0.277363, 0.094314, 0, 0, 
0.10295, -0.0233631, -0.527712, 0.112652, -0.06551, -0.0412483, 0.128118, -0.0418536, 0.234349, 0.15307, 0.097999, 0.00640257, 0.167218, 0.00885127, -0.182867, 0.137764, -0.00300491, 0.0474403, 0.109648, 0.158025, 0.173955, 0.21329, -0.0835098, 0.141338, 0.15726, 0.0427759, -0.0855228, 0.071091, 0.0513295, -0.121395, 0.0985788, -0.0226693, -0.0116838, 0.0559601, -0.0365287, 0.0585536, -0.0297594, -0.0413222, -0.172261, 0.105744, 0.0419486, -0.0781888, 0.0515261, -0.133899, -0.0649924, 0.00450293, 0.0567788, -0.0221394, 0.0470393, 0.177696, 0.040415, 0.101485, -0.150162, 0.0461929, 0.0678977, 0.036395, 0.0982027, 0.147052, -0.156067, 0.223956, 0.250116, 0.0789041, 0.0385248, 0.239736, 0.0861877, -0.12393, 0.255271, 0.060472, -0.0801199, 0.199547, 0.0074109, -0.276983, 0.21339, -0.0721211, -0.104388, 0.201126, 0.190436, -0.110165, 0.177251, 0.00225134, 0.0711188, 0.161617, -0.32269, 0.16495, 0.020637, -0.139341, 0.151576, 0.107248, -0.0623308, -0.0563496, 0.0782003, 0.212694, -0.166312, 0.0655477, 0.0362734, -0.129156, 0.0669901, 0.0292718, 0.0663981, 0.141596, 0.0119582, -0.0670884, 0.212789, -0.0470433, 0.0609008, 0.140782, 0.00976291, 0.213872, 0.0384486, -0.0437169, -0.190632, 0.0617567, 0.072821, -0.100861, 0.122158, 0.292705, 0.0225048, 0.0306337, -0.229157, -0.0202858, 0.128388, 0.0486767, 0.0366267, 0.0550239, -0.276677, 0.0378879, 0.0404714, -0.211292, 0.0543874, 0.0808411, -0.0315376, -0.155994, 0.106246, 0.0853039, 0.102592, 0.125091, 0.308616, 0.0868219, 0.214057, 0.145959, -0.0135773, 0.317263, 0.148486, -0.231138, 0.243814, -0.18591, 0.0436207, 0.136091, -0.0128059, -0.273577, 0.0780604, 0.11312, 0.143337, -0.0477053, -0.180579, 0.263466, -0.0450392, -0.0702171, 0.100425, -0.0554063, -0.178786, -0.200462, -0.123047, 0.0254096, 0.0311646, 0.0757655, 0.0612974, 0.175464, 0.127044, -0.19644, -0.0868376, 0.224493, 0.0813389, -0.16055, 0.239115, 0.0477258, -0.109913, 0.0990932, 0.00507162, -0.0535211, 0.242412, -0.00460084, 0.123889, 0.391246, -0.0153341, 0.0661825, 0.228644, 0.0841308, -0.0950101, 0.350031, -0.0405555, 0.0108087, 0.18748, 0.135905, 0.152645, 0.11395, -0.15372, -0.0131666, 0.0915922, -0.157035, 0.180891, 0.223189, -0.0371507, 0.00405352, 0.240934, -0.123619, -0.234491, 0.094314, 0, 0, 
0.227437, -0.0898818, 0.0219416, 0.196639, -0.16766, -0.0330092, 0.222821, 0.0919367, 0.023801, 0.118982, 0.191934, -0.139612, 0.127881, 0.257566, -0.163582, 0.142234, -0.1988, 0.0593578, 0.17578, 0.0226133, 0.185627, 0.219391, -0.0801757, -0.0171352, 0.188181, -0.0871303, -0.195135, 0.0949222, 0.0663849, 0.0230447, 0.0650386, 0.0990996, -0.0785602, 0.0215426, 0.136635, -0.0326606, 0.0744832, -0.226288, -0.00621198, 0.206703, -0.0797687, 0.0564535, 0.240264, 0.00270875, 0.0539581, 0.27949, 0.0662382, 0.00823939, 0.201741, 0.104842, 0.000827835, 0.109779, 0.160853, 0.0658113, 0.132128, 0.117854, -0.100681, 0.252707, 0.148209, -0.0574753, 0.270393, -0.128009, -0.100107, 0.243711, -0.140052, -0.00785791, 0.141495, -0.271866, 0.0735126, 0.140723, -0.0585618, 0.0822797, 0.206329, 0.100148, -0.086754, 0.0836449, 0.0582562, -0.117064, 0.00925863, 0.0719755, -0.368109, -0.00795368, -0.100326, -0.0702293, 0.0584428, -0.0817911, 0.0380777, 0.0590022, 0.00249936, 0.16246, 0.0631585, -0.104356, 0.153265, 0.182788, 0.0258555, -0.0509096, 0.0786975, 0.11413, -0.164953, 0.255574, -0.176789, -0.00666857, 0.145963, 0.126829, -0.0274089, 0.0878011, 0.0631809, 0.31086, 0.100334, 0.0433639, -0.1015, 0.0991859, 0.0129251, 0.176016, 0.0267301, 0.205409, -0.127877, 0.0418325, -0.244061, -0.0831739, 0.177182, 0.0561472, -0.055213, 0.00438348, -0.0865293, -0.0249026, -0.000607493, -0.120709, -0.152806, 0.132105, 0.175104, 0.173689, 0.0738911, -0.0570338, 0.163338, 0.0977441, -0.122515, -0.147947, 0.149784, 0.0468339, -0.220955, 0.120957, 0.11458, 0.27461, 0.130227, 0.0490949, 0.0760982, 0.164916, 0.0796088, 0.213469, 0.192992, -0.059081, -0.109891, 0.250315, -0.145579, -0.0120175, 0.211171, -0.201901, -0.000152247, 0.0919568, -0.0438814, -0.146303, -1.78326e-05, -0.0501255, -0.0450935, 0.0900629, 0.121878, -0.209985, 0.169522, -0.0867518, -0.0562595, 0.101066, -6.52355e-05, -0.0215291, 0.128663, -0.182039, 0.027774, 0.0686856, 0.00164289, 0.0413452, 0.160075, 0.100167, 0.185859, 0.122615, 0.0287094, -0.19588, 0.116761, 0.189277, -0.0298127, 0.113869, 0.0285606, 0.0409403, 0.0339826, -0.181684, 0.147066, 0.144843, -0.234849, 0.214426, 0.103351, 0.246824, -0.231565, -0.0166094, 0.0366048, -0.0131925, -0.0350744, 0.0112275, 0.0725659, 0.100612, 0.0105715, 0.11855, 0.0992724, -0.0428093, -0.138878, 0.17212, -0.0823226, -0.0528019, 0.094314, 0, 0, 
0.204786, -0.149915, 0.130191, -0.0433255, 0.159925, -0.00224128, 0.0546656, 0.0227805, -0.00234589, 0.130698, -0.0114757, 0.0825071, 0.102971, 0.0494622, -0.0261446, 0.132776, -0.146932, 0.0371209, 0.178846, -0.13609, -0.032663, 0.141716, 0.065216, -0.258065, 0.151463, -0.0265612, -0.101072, 0.168238, 0.0189174, -0.00410782, 0.164592, 0.107454, 0.199314, 0.0443146, 0.0192469, -0.0626989, 0.0974688, -0.112206, -0.140945, 0.0227084, 0.189458, 0.0147527, 0.0980796, 0.159767, 0.0943238, 0.0432491, -0.100654, 0.0821798, -0.00423797, 0.0560827, -0.17104, 0.0699369, -0.0890275, -0.0712331, 0.082749, -0.111856, 0.034627, 0.113954, -0.226333, 0.0790666, 0.1618, -0.0644287, 0.0253608, -0.0263459, -0.0463553, -0.00173263, 0.05162, 0.220419, 0.11148, -0.0471531, 0.078721, -0.235936, 0.0195042, 0.0632852, -0.117615, 0.070261, 0.158976, 0.147971, 0.0132116, 0.0803114, -0.0140994, 0.102482, 0.089877, -0.00606741, 0.0127497, -0.0867412, 0.0245777, 0.0379843, -0.136671, -0.0416711, 0.0203075, 0.140352, -0.13347, 0.155206, 0.0454918, 0.245563, 0.0970618, -0.0745473, 0.0727753, 0.112194, -0.083737, 0.126295, 0.119107, 0.0298906, 0.0920845, 0.178352, -0.00158924, -0.186045, 0.231193, -0.257821, -0.247585, 0.131731, -0.073255, 0.0672749, -0.0180413, 0.103558, -0.0976315, -0.00280364, 0.105033, 0.0340709, -0.00501142, -0.0622461, -0.166859, 0.019995, -0.0724606, -0.0909805, 0.150934, -0.0238338, -0.0226102, 0.161562, 0.114507, -0.00115518, 0.170318, 0.0367178, 0.177553, 0.0600473, -0.215578, 0.193565, 0.102241, 0.147775, -0.0179278, 0.0812561, 0.136473, -0.0151722, 0.0886525, 0.117211, 0.0957687, 0.0747606, 0.0432876, -0.0797449, 0.170764, -0.0697959, 0.110912, 0.20454, 0.00499104, -0.0420699, 0.174363, -0.0880043, -0.0691571, 0.202543, -0.0327015, -0.23268, 0.344173, -0.124741, 0.0325552, 0.156307, -0.009626, 0.0178111, 0.14047, 0.0188042, 0.00547401, 0.156411, -0.0595445, 0.0449469, 0.0631621, -0.0273612, 0.0189429, 0.17041, 0.156864, -0.0915552, 0.274154, 0.00206853, -0.132655, 0.180537, -0.168737, 0.0640843, 0.167247, 0.0672528, -0.187598, 0.149424, -0.0102643, 0.127025, 0.104295, -0.257483, 0.217892, 0.049544, 0.155595, -0.0513681, 0.0298851, 0.0976592, 0.00315082, 0.0286808, 0.0650812, -0.0105884, 0.118515, -0.254161, -0.290144, 0.204325, 0.0767827, 0.182716, 0.0205931, -0.163672, -0.140201, 0.188885, -0.0189206, -0.0863924, 0.037993, 0.00952165, -0.0815407, 0.199946, 0.283093, 0.0546035, 0.153177, -0.103362, -0.131167, 0.11479, -0.0729048, -0.0890252, 0.094314, 0, 0, 
0.0653626, 0.15814, 0.166492, 0.126003, 0.0443624, -0.0592549, 0.106798, -0.0385792, -0.100746, 0.140972, -0.058264, 0.11288, 0.119624, -0.123962, -0.094893, 0.210573, 0.0117805, 0.0961329, 0.106048, 0.21647, -0.068724, 0.0551344, -0.160273, -0.127247, 0.0829072, 0.0308008, -0.0393445, 0.164941, -0.0267098, 0.113405, 0.150914, -0.0382609, -0.138739, 0.142959, -0.0184758, 0.0648101, 0.0528107, 0.0255993, -0.0270338, 0.0897695, 0.0390069, -0.10283, 0.05239, -0.00795132, 0.0255503, 0.0707612, -0.0559788, 0.165725, 0.0427874, 0.23034, 0.0236077, -0.0121594, 0.208746, -0.0646094, 0.151596, -0.001909, 0.0407311, 0.0858825, -0.0592169, -0.060478, 0.0793418, -0.0138331, -0.0917568, 0.185837, 0.00129336, -0.0656537, 0.0569581, -0.0431766, -0.0695142, 0.10308, 0.0311199, 0.135522, 0.100787, -0.132963, -0.153362, 0.0897637, -0.0810883, 0.048221, 0.119013, -0.0776693, 0.117826, 0.0650786, -0.0592144, -0.142181, 0.119691, 0.143433, -0.00438785, 0.0942821, -0.00590823, 0.0124729, 0.110424, -0.0843885, -0.0124512, 0.207742, 0.130294, -0.0411612, 0.163084, 0.0745791, 0.0613722, 0.139688, 0.143562, -0.131159, 0.170343, -0.250497, -0.0890429, 0.120223, -0.17453, 0.0746495, 0.0889198, -0.0527512, 0.128542, 0.046728, 0.208912, 0.07722, -0.05558, 0.0272257, -0.146432, 0.0384017, 0.148518, -0.0323832, 0.134189, 0.194792, 0.0328819, 0.125483, -0.0942788, 0.0631431, 0.173521, -0.113177, -0.089505, 0.298193, -0.0572695, 0.0763624, 0.16287, -0.0492189, 0.0173826, 0.128403, 0.0705477, -0.00259318, 0.0813724, -0.00215901, -0.129672, -0.0159656, -0.244774, 0.0596706, 0.000920073, 0.042278, 0.175488, 0.0733356, -0.032671, -0.0626961, 0.172059, 0.175405, -0.0547039, 0.159572, -0.230912, -0.0912737, 0.120553, 0.0784723, 0.0541386, 0.0525462, -0.0480127, -0.00971287, 0.0686131, 0.0194952, -0.0508283, 0.191509, -0.132216, 0.0204832, 0.205751, -0.0114383, 0.00729935, 0.206209, 0.0794724, -0.115906, 0.293323, 0.397047, -0.127096, 0.142789, -0.275954, 0.200482, 0.156225, -0.0469477, -0.0180758, 0.168056, -0.0556443, -0.107405, 0.17313, -0.0218596, 0.00506756, 0.125104, -0.020814, 0.0488297, 0.233577, -0.030398, 0.0283138, 0.133456, 0.0222988, -0.00770083, 0.184151, 0.0596457, -0.0944752, 0.176859, -0.177692, 0.00230035, 0.107282, -0.0533366, -0.168469, 0.0528194, -0.055215, -0.191552, 0.165939, 0.0594975, 0.0735906, 0.0461216, -0.0949512, -0.0154665, 0.0729589, 0.126952, -0.00626803, -0.0504895, 0.0184774, 0.0548969, -0.016857, 0.0286083, -0.0714094, 0.101334, 0.220938, 0.208595, 0.0433688, -0.080254, 0.0477014, 0.0857886, 0.351195, 0.175874, 0.0804357, -0.109011, -0.0372221, 0.094314, 0, 0, 
-0.0297339, 0.284013, -0.190974, 0.043041, -0.102971, 0.095497, 0.0561734, -0.119018, -0.104945, 0.0761914, -0.0481114, 0.00570536, 0.0441863, -0.0883275, -0.0645213, 0.129902, 0.0382849, 0.0759534, 0.109408, 0.105841, 0.0495911, 0.13265, 0.0939528, -0.00600395, 0.132793, 0.0801449, 0.0761885, 0.0372215, -0.19726, -0.177574, -0.000493774, 0.0485641, 0.0326597, -0.0156311, 0.163432, -0.026784, 0.0597971, 0.209979, 0.0545, 0.0620986, -0.209849, 0.00677391, 0.231129, -0.0868943, 0.237083, 0.240178, -0.0792249, -0.211153, 0.182237, 0.0619491, 0.0420279, 0.125942, 0.0660322, -0.129436, 0.177681, -0.0761464, -0.151512, 0.257963, 0.00727175, -0.00821255, 0.204664, 0.186872, 0.0177221, 0.140689, -0.0026081, -0.044148, 0.0895432, -0.0450431, -0.0153015, 0.183379, -0.158424, -0.0583416, 0.166579, -0.108344, -0.0811403, 0.0975869, 0.0603471, -0.197007, 0.0457896, 0.00400179, 0.0537803, 0.0690961, 0.0286459, 0.297575, 0.0705351, -0.0287898, 0.101514, 0.126823, 0.144098, -0.140616, 0.0599924, 0.202837, -0.144816, 0.0587373, -0.0347283, -0.0963817, 0.267123, -0.0413917, 0.115614, 0.12103, -0.054038, 0.0181364, 0.110926, -0.00851423, -0.0860054, 0.122982, 0.0597356, 0.0591323, 0.113733, -0.02234, -0.00423126, 0.107082, -0.230888, -0.142798, 0.119771, -0.0962462, 0.103067, 0.1286, 0.0909745, -0.108939, 0.0813927, 0.0585422, -0.0309837, 0.168442, 0.124423, 0.299002, 0.0910166, -0.182714, -0.0250736, 0.143295, -0.0550097, -0.034767, 0.0886692, 0.21504, -0.0856239, 0.0425002, 0.00221433, -0.0383926, 0.0690881, -0.0616056, 0.166014, 0.103604, 0.00282104, -0.019336, 0.157322, 0.134562, 0.120547, 0.16881, -0.00123084, -0.154108, 0.30497, -0.00484341, -0.204178, 0.125346, -0.207833, -0.0492513, 0.120788, -0.0205202, -0.0265777, 0.169648, -0.0239324, 0.0875753, 0.236333, -0.0637478, 0.0709814, 0.255355, -0.269744, -0.167651, 0.181869, -0.08054, 0.147093, 0.104723, -0.0766939, -0.0361118, 0.0509158, 0.253513, -0.0646658, 0.0995449, 0.13721, -0.0346967, 0.0404174, -0.00653287, -0.0942102, 0.0209476, -0.0559138, 0.0281908, 0.126056, 0.143232, -0.134706, 0.220916, 0.0762764, 0.22472, 0.168903, -0.0787178, -0.00915332, 0.0502284, 0.0665936, -0.0584385, 0.0897877, -0.0814231, 0.0367251, 0.114578, 0.0422724, 0.00295066, 0.0467116, -0.106431, 0.0895038, 0.0366603, 0.000412807, -0.100137, 0.0586887, -0.0894875, -0.102448, 0.190418, -0.0649556, 0.250877, 0.201825, 0.0635136, -0.0702293, 0.167706, -0.0217876, -0.161244, 0.233889, 0.0368976, -0.0556632, 0.201997, -0.136282, 0.116208, 0.23724, 0.0301157, 0.0509988, 0.210589, 0.0441969, -0.191808, 0.157221, 0.0293598, -0.113268, 0.155958, 0.0290869, -0.079576, 0.168543, 0.0460674, 0.0525667, 0.126851, 0.120968, 0.141861, 0.0409798, -0.123281, 0.011225, 0.094314, 0, 0, 
0.190586, 0.0774511, -0.205676, 0.171139, 0.183554, -0.00422346, 0.159128, 0.0553887, 0.174955, 0.103944, -0.0508062, -0.00369899, 0.125257, -0.0420377, 0.0753952, 0.0728639, -0.136804, -0.131215, 0.0821086, -0.151527, -0.123581, 0.111129, 0.0752382, -0.162933, 0.184361, -0.0410271, -0.0641789, 0.169571, 0.134406, 0.210224, 0.13804, 0.124842, 0.013969, 0.137863, -0.0257312, -0.0621752, 0.127237, -0.218343, -0.0712699, 0.104891, -0.0531137, -0.0289065, -0.0148969, 0.142394, -0.00953371, 0.0436742, 0.0703899, 0.0911067, 0.0563806, -0.0732888, 0.0516808, 0.0447411, -0.0107174, -0.149714, 0.10902, 0.132991, -0.0659016, 0.10683, 0.0801593, -0.114894, 0.134643, -0.00565887, 0.277953, 0.0549786, 0.0411685, -0.0553187, 0.0544681, 0.071157, 0.0833178, 0.129366, -0.119254, 0.0679842, 0.137194, -0.0952638, -0.125417, 0.180717, -0.109285, -0.163083, 0.167956, -0.0330481, -0.034558, 0.0708923, 0.0949752, 0.196411, 0.107354, 0.184922, 0.0240698, -0.00521307, 0.0913144, -0.0957793, -0.0174794, -0.0252764, -0.186018, -0.0328654, -0.0768284, 0.0998811, 0.0192717, 0.038916, -0.00990673, 0.0915396, 0.132742, 0.0525612, 0.0817728, -0.0829264, -0.0697299, 0.163768, -0.16825, 0.0882605, 0.214921, -0.07896, 0.187723, 0.194332, 0.00409402, 0.0654899, 0.0946349, 0.086626, -0.245098, 0.0928294, 0.0451185, -0.139413, 0.0867575, -0.023122, -0.0594572, 0.137927, 0.00892293, 0.093942, 0.0591233, -0.148374, 0.0185145, 0.124932, 0.0128897, -0.0278763, 0.177385, -0.11264, -0.0969013, 0.107174, 0.113459, 0.0141208, 0.148134, -0.211719, -0.118896, 0.200713, 0.026334, -0.0284139, 0.233991, 0.156491, 0.0126502, 0.0751033, -0.00981969, -0.0823228, 0.0506146, 0.153557, 0.0618584, 0.0128368, 0.101584, 0.115362, 0.0243641, -0.112216, -0.00159898, 0.10609, -0.0692514, 0.0643258, 0.0798683, 0.0829129, -0.127859, 0.11225, -0.0328036, 0.00989049, 0.0943702, 0.00896728, -0.0247173, 0.0879443, -0.325922, 0.0120925, -0.0142352, -0.00966586, -0.0547342, 0.0378782, 0.0926529, 0.151416, 0.0082319, 0.101721, -0.0958045, 0.0980269, 0.103842, 0.0920675, 0.0430396, 0.0265157, 0.0511578, 0.126583, -0.0382788, -0.0235769, 0.141763, 0.0628167, 0.102504, 0.0647516, -0.16869, -0.0705585, 0.155889, -0.00782919, -0.0781196, 0.164325, 0.0868693, -0.0814706, 0.124326, 0.0438975, 0.0791192, 0.132884, -0.128547, -0.0734723, 0.0619224, -0.0399467, 0.0100385, 0.163104, -0.00675091, -0.0716567, 0.159232, -0.181059, 0.0908446, 0.125329, -0.0915962, 0.0807037, 0.104387, 0.0304932, 0.0875152, -0.0503891, 0.0900028, -0.0436657, 0.044955, 0.314584, 0.00595796, 0.0274402, 0.0634909, -0.139818, 0.0562322, 0.0415285, -0.0448906, -0.0713113, -0.0485461, -0.196423, 0.118815, -0.0979141, 0.00136974, 0.106705, -0.222994, 0.0258374, 0.17069, -0.140304, 0.122671, 0.13472, 0.157586, 0.103176, 0.114724, -0.108102, -0.0142624, 0.0276629, 0.0672291, -0.0516791, 0.094314, 0, 0, 
