0.03, 0, 0, 0.03, 0, 0, 
0.0295962, 2.48616e-05, -3.13418e-05, 0.0297558, -2.15708e-05, 2.71932e-05, 0.03, 0, 0, 
0.0303127, 4.04867e-05, -5.10396e-05, 0.030236, -3.02827e-05, 3.8176e-05, 0.03, 0, 0, 
0.030101, 4.25393e-05, -5.36868e-05, 0.0300117, -3.30447e-05, 3.39142e-05, 0.0297764, 1.10535e-05, 4.04288e-07, 0.03, 0, 0, 
0.0292481, 2.89937e-05, -4.09111e-05, 0.0295059, -3.0599e-05, 1.28896e-05, 0.0298258, 3.34213e-05, 7.00229e-06, 0.03, 0, 0, 
0.0298705, 6.25114e-06, -2.73725e-05, 0.0298036, -8.21988e-06, -1.44615e-05, 0.0298691, 3.1555e-05, 1.60631e-05, 0.03, 0, 0, 
0.0305779, -2.02243e-05, -1.83402e-05, 0.0303045, 2.20349e-05, -3.50691e-05, 0.0296708, 9.8644e-06, 3.47779e-05, 0.0292694, 1.17666e-05, -2.75168e-05, 0.03, 0, 0, 
0.0289974, -4.44495e-05, -1.23136e-05, 0.0296601, 4.44809e-05, -3.43238e-05, 0.0307373, -8.7229e-06, 3.4346e-05, 0.0301398, 2.07292e-05, -5.03599e-05, 0.03, 0, 0, 
0.0309134, -4.42164e-05, -2.9141e-05, 0.0298685, 4.07511e-05, -1.66437e-05, 0.0292873, -5.94275e-06, 1.09597e-05, 0.0296966, 2.30809e-05, -4.99027e-05, 0.03, 0, 0, 
0.0295328, -3.34899e-05, -3.58688e-05, 0.029702, 1.65537e-05, 8.46289e-06, 0.0298715, 1.96007e-05, -3.60928e-05, 0.0296055, 3.73443e-05, -5.61292e-05, 0.029379, -4.67269e-05, 4.57316e-05, 0.03, 0, 0, 
0.0287461, -1.79219e-05, -3.25782e-05, 0.029434, -1.26394e-05, 1.86814e-05, 0.0298459, 5.3246e-05, -7.63467e-05, 0.0302359, 3.42213e-05, -4.62723e-05, 0.0302797, -7.23491e-05, 6.48463e-05, 0.03, 0, 0, 
0.0306906, -1.13659e-05, -2.44792e-05, 0.0303124, -2.64128e-05, 2.80424e-06, 0.0292208, 7.13284e-05, -8.74331e-05, 0.0293608, 2.01762e-05, -2.75268e-05, 0.0298407, -7.9064e-05, 6.69193e-05, 0.0290558, 1.0141e-05, -6.93271e-06, 0.03, 0, 0, 
0.0293734, -1.94006e-05, 1.15747e-05, 0.0298587, -1.66458e-05, -3.62354e-05, 0.0304352, 6.81063e-05, -8.1089e-05, 0.0294422, -9.67103e-08, -6.9001e-06, 0.0288753, -8.04115e-05, 6.32545e-05, 0.030362, 2.83553e-05, -2.78411e-05, 0.03, 0, 0, 
0.0296798, -3.67179e-05, 3.80594e-05, 0.028967, 1.05103e-05, -7.47553e-05, 0.0294563, 4.43482e-05, -5.98946e-05, 0.0307176, -2.11562e-05, 1.13126e-05, 0.0305696, -5.64279e-05, 3.46235e-05, 0.0307173, 1.74832e-05, -2.2776e-05, 0.03, 0, 0, 
0.0305363, -5.31562e-05, 4.82529e-05, 0.0302149, 3.50911e-05, -9.92758e-05, 0.0297743, 1.55688e-05, -4.36285e-05, 0.0299682, -3.44295e-05, 2.39158e-05, 0.0298119, -2.26215e-05, 5.55779e-06, 0.0288218, 2.96843e-05, -1.41133e-05, 0.0292557, -5.11902e-05, 1.00942e-05, 0.03, 0, 0, 
0.0297753, -5.30941e-05, 3.55569e-05, 0.0308645, 4.65125e-05, -9.57756e-05, 0.0304591, -1.28487e-05, -3.63541e-05, 0.0285539, -4.24859e-05, 2.85459e-05, 0.0289394, 2.25074e-05, -2.27743e-05, 0.0294432, 3.97748e-05, -4.71484e-06, 0.0297287, -0.000104287, 2.02598e-05, 0.03, 0, 0, 
0.0290214, -3.40621e-05, 2.5859e-06, 0.028889, 3.7758e-05, -6.30531e-05, 0.0292831, -3.8505e-05, -2.67632e-05, 0.0304587, -3.49154e-05, 4.9635e-06, 0.0309546, 5.81202e-05, -3.83702e-05, 0.0305071, 2.53539e-05, 3.17136e-06, 0.0299973, -0.000109593, 2.32294e-05, 0.03, 0, 0, 
0.0298677, -5.92381e-06, -3.68409e-05, 0.0291353, 8.53734e-06, -2.897e-05, 0.0294994, -4.08904e-05, -2.91101e-05, 0.0304417, -2.17111e-05, -1.91553e-05, 0.0297547, 7.99668e-05, -3.33854e-05, 0.0300114, -4.86147e-06, 5.98753e-06, 0.0295293, -0.000131593, 3.99875e-05, 0.0297315, 5.78638e-05, -2.18864e-05, 0.03, 0, 0, 
0.0306091, 2.75927e-05, -7.22667e-05, 0.0307067, -2.94748e-05, -3.1194e-06, 0.0301979, -3.46786e-05, -3.18526e-05, 0.0286381, 2.18457e-06, -4.05101e-05, 0.0279736, 8.0289e-05, -2.07064e-05, 0.0295239, -4.2255e-05, 8.91634e-06, 0.0300606, -0.000119041, 4.77135e-05, 0.029155, 8.32604e-05, -3.30124e-05, 0.03, 0, 0, 
0.0291161, 5.93134e-05, -9.42159e-05, 0.0294402, -6.42778e-05, 1.76691e-05, 0.0294679, -3.36815e-05, -1.67717e-05, 0.0303495, 4.37903e-05, -7.60236e-05, 0.0309331, 5.23442e-05, -1.82716e-05, 0.0286558, -6.88201e-05, 1.9896e-05, 0.0288203, -7.46545e-05, 3.98726e-05, 0.0299961, 6.06098e-05, -2.01798e-05, 0.0293454, -4.75914e-06, -2.74499e-06, 0.03, 0, 0, 
0.0291417, 6.87023e-05, -9.90489e-05, 0.0294675, -7.76719e-05, 1.54265e-05, 0.0292765, -3.24668e-05, -7.70506e-06, 0.0290402, 7.77901e-05, -8.20882e-05, 0.0302507, 1.12382e-05, -2.14708e-05, 0.0304305, -8.54423e-05, 2.95674e-05, 0.029758, -1.4475e-05, 2.24455e-05, 0.0287691, 4.97572e-05, 9.7285e-06, 0.0300545, -3.54319e-05, -2.24669e-06, 0.03, 0, 0, 
0.0293689, 5.39942e-05, -8.71733e-05, 0.029431, -6.81174e-05, -2.135e-06, 0.0301922, -2.96095e-05, -6.40858e-06, 0.029357, 8.51721e-05, -7.47864e-05, 0.0277649, -2.38065e-05, -2.35373e-05, 0.029259, -8.46575e-05, 3.59195e-05, 0.0311371, 4.35384e-05, 5.93362e-06, 0.0306402, 1.62948e-05, 4.28804e-05, 0.0310233, -3.71299e-05, 4.55809e-06, 0.03, 0, 0, 
0.0306902, 2.69527e-05, -7.26857e-05, 0.0289727, -4.58738e-05, -2.2976e-05, 0.0281916, -9.8348e-06, -7.8862e-06, 0.0303379, 5.74254e-05, -5.10767e-05, 0.0313358, -3.92737e-05, -4.5311e-05, 0.0301499, -6.5929e-05, 3.44093e-05, 0.0288498, 5.86401e-05, 1.59812e-05, 0.0292072, -2.30996e-06, 5.42316e-05, 0.0289454, -4.59249e-05, -1.46692e-05, 0.0283961, 7.93606e-06, 2.83541e-05, 0.03, 0, 0, 
0.0282365, -1.78352e-05, -4.21161e-05, 0.0301369, -1.12789e-05, -4.95378e-05, 0.031328, -2.93289e-07, -2.38181e-05, 0.0296734, 2.40669e-05, -2.9964e-05, 0.0289592, -5.13245e-05, -3.69012e-05, 0.0292905, -2.35037e-05, 1.181e-05, 0.0288981, 5.4173e-05, 3.5125e-05, 0.0289861, -1.76279e-05, 4.63477e-05, 0.0285612, -4.55928e-05, -3.35873e-05, 0.0300524, 3.10861e-05, 6.83498e-05, 0.03, 0, 0, 
0.031334, -4.71382e-05, -3.93819e-05, 0.0308968, 1.22172e-05, -6.31653e-05, 0.0291669, 2.57684e-05, -3.52372e-05, 0.028312, -3.43469e-05, -2.02707e-06, 0.0287303, -5.04559e-05, -2.9296e-05, 0.0290791, 2.68119e-05, -2.04178e-05, 0.0294782, 3.16384e-05, 5.6855e-05, 0.0303006, -2.57543e-05, 2.96798e-05, 0.0302616, -2.85332e-05, -1.7028e-05, 0.0309302, 3.94694e-05, 6.6655e-05, 0.03, 0, 0, 
0.028773, -8.14133e-05, -2.08832e-05, 0.0282479, 4.70362e-05, -6.62869e-05, 0.0288975, 4.49413e-05, -5.19269e-05, 0.0310782, -9.53723e-05, 7.59211e-06, 0.0308378, -3.57841e-05, -2.94884e-05, 0.0298224, 5.41119e-05, -3.51009e-05, 0.0301275, 7.30549e-06, 7.28483e-05, 0.0303923, -2.35932e-05, 1.86344e-05, 0.0299144, -8.01981e-06, 4.68493e-06, 0.0277563, 1.45348e-05, 6.88836e-05, 0.0286002, 2.7291e-05, -2.81087e-05, 0.03, 0, 0, 
0.0283276, -9.42975e-05, -1.87967e-05, 0.029088, 6.02645e-05, -7.09215e-05, 0.0300924, 4.01698e-05, -6.14615e-05, 0.0295247, -0.000109709, 7.39889e-06, 0.0297222, -2.68283e-05, -1.56401e-05, 0.0313925, 6.54422e-05, -3.65801e-05, 0.0305482, -6.40734e-06, 6.11138e-05, 0.0276331, -2.04973e-05, -1.2855e-06, 0.0289891, 5.9288e-06, 4.82716e-05, 0.0302448, -7.95131e-06, 6.30087e-05, 0.0300892, 5.34193e-05, -3.90587e-05, 0.03, 0, 0, 
0.0314409, -9.09029e-05, -3.37458e-05, 0.0308804, 5.57713e-05, -7.37297e-05, 0.0298119, 2.5548e-05, -6.04437e-05, 0.0289188, -9.14009e-05, -8.45556e-06, 0.0285086, -2.47147e-05, -4.35083e-06, 0.0273611, 5.99686e-05, -5.74471e-07, 0.0287926, -4.24956e-06, 1.33644e-06, 0.0312677, -2.049e-05, 1.55089e-05, 0.031344, 9.78355e-06, 8.85948e-05, 0.0305327, -1.25959e-05, 4.111e-05, 0.0297211, 6.38749e-05, -3.58033e-05, 0.03, 0, 0, 
0.0300311, -5.98891e-05, -4.2279e-05, 0.0297118, 3.62229e-05, -6.28854e-05, 0.0292964, -6.81317e-06, -5.29161e-05, 0.0295993, -4.60022e-05, -3.6042e-05, 0.0305628, -2.64837e-05, -1.5955e-06, 0.0299352, 3.74638e-05, 8.14568e-06, 0.0294939, 4.20433e-06, -1.57629e-05, 0.0297543, -1.39169e-05, 3.46165e-05, 0.0282949, 2.89735e-06, 9.95803e-05, 0.0289273, -6.81419e-06, 1.67083e-05, 0.0291611, 1.69972e-05, -3.79971e-05, 0.0306643, 4.2189e-05, 9.64233e-06, 0.03, 0, 0, 
0.0273807, -8.83561e-06, -5.1073e-05, 0.0286608, -2.16174e-06, -4.90365e-05, 0.0306425, -2.79473e-05, -5.50412e-05, 0.0306541, -4.2701e-06, -5.91854e-05, 0.030166, -1.9877e-05, 6.68352e-06, 0.0311976, 2.6247e-06, 1.4833e-05, 0.0298393, 1.92218e-05, -3.90537e-05, 0.0280541, -3.83884e-06, 5.38835e-05, 0.0282825, -1.16322e-05, 0.000105485, 0.0300286, 4.59388e-06, 8.66186e-06, 0.028853, -2.59704e-05, -4.00092e-05, 0.0281407, 7.31986e-05, 7.38868e-06, 0.03, 0, 0, 
0.0320974, 9.21137e-06, -7.22592e-05, 0.0305069, -3.12357e-05, -4.98699e-05, 0.0286968, -2.82768e-05, -5.38602e-05, 0.0290426, 1.82903e-05, -6.08408e-05, 0.0284026, -5.91622e-06, 1.5318e-05, 0.0284283, -3.29475e-05, 2.0943e-05, 0.0295351, 3.20689e-05, -6.3306e-05, 0.03132, 7.24725e-06, 7.14541e-05, 0.0308754, -2.09767e-05, 0.000110345, 0.0283978, 1.3236e-06, 2.13303e-07, 0.0298321, -4.67088e-05, -3.56427e-05, 0.0306759, 7.13276e-05, -6.61339e-06, 0.0265897, -2.69805e-05, -1.26154e-05, 0.03, 0, 0, 
0.0292482, 5.22007e-05, -7.39473e-05, 0.0296978, -6.75483e-05, -4.30196e-05, 0.0296015, -3.04244e-05, -6.04032e-05, 0.0295634, 3.40334e-05, -5.75362e-05, 0.0296686, 2.75366e-06, 1.9754e-06, 0.0294065, -4.92217e-05, 3.73588e-06, 0.0288245, 3.0186e-05, -3.97867e-05, 0.0285314, 2.09348e-05, 6.86322e-05, 0.0304791, -2.39763e-05, 9.39061e-05, 0.0303995, -1.84206e-05, 1.70564e-05, 0.0291035, -3.20047e-05, -2.44473e-05, 0.029454, 0.000129944, 1.06687e-05, 0.0317202, -6.74994e-05, -2.96305e-05, 0.03, 0, 0, 
0.0272335, 6.79642e-05, -7.01682e-05, 0.0288125, -7.90258e-05, -4.47758e-05, 0.0301599, -3.50108e-05, -6.33914e-05, 0.0296595, 3.7939e-05, -4.43132e-05, 0.0298733, 8.88265e-06, -1.36848e-05, 0.0302637, -4.58728e-05, -2.53632e-05, 0.0308538, 1.34525e-05, -5.75092e-06, 0.0284743, 3.18764e-05, 6.69688e-05, 0.027266, -1.80016e-05, 6.99647e-05, 0.0300536, -5.37254e-05, 3.10186e-05, 0.0314416, 4.73019e-06, -6.84064e-06, 0.0292604, 0.000133665, 1.03021e-05, 0.0313165, -7.65188e-05, -4.24243e-05, 0.03, 0, 0, 
0.0314064, 5.30423e-05, -7.86143e-05, 0.0295599, -6.78286e-05, -5.79907e-05, 0.0279909, -3.68662e-05, -5.55295e-05, 0.0289963, 2.8719e-05, -3.0003e-05, 0.0300048, 1.20764e-05, -3.33198e-05, 0.028137, -2.51677e-05, -4.00223e-05, 0.028829, -1.21255e-05, 4.00856e-05, 0.032431, 3.97466e-05, 4.34874e-05, 0.0318373, -9.04945e-06, 8.89305e-05, 0.0286336, -8.15373e-05, 2.80907e-05, 0.0290588, 4.6335e-05, -4.25824e-06, 0.0290601, 0.00010533, -1.77063e-06, 0.0274978, -9.23142e-05, -7.80078e-05, 0.0276909, 3.61416e-05, 4.11734e-05, 0.03, 0, 0, 
0.0287186, 2.68044e-05, -6.55255e-05, 0.0293303, -3.72752e-05, -7.24776e-05, 0.030526, -4.5727e-05, -5.55196e-05, 0.0290543, 1.09005e-05, -2.54403e-05, 0.0286589, 1.47633e-05, -4.86889e-05, 0.0311393, -1.1654e-05, -5.61216e-05, 0.0298842, -2.30243e-05, 6.00597e-05, 0.0280504, 3.96573e-05, 5.25397e-05, 0.0295393, -1.34573e-05, 5.14867e-05, 0.0299191, -8.51686e-05, 5.69493e-05, 0.0284434, 0.000101388, 3.04073e-05, 0.0290791, 3.59114e-05, -3.14474e-05, 0.0288539, -6.45746e-05, -0.000100817, 0.0303996, 7.14727e-05, 5.59832e-05, 0.03, 0, 0, 
0.0290873, -2.89664e-06, -6.55267e-05, 0.0290858, -7.66062e-06, -8.19496e-05, 0.0300869, -4.50582e-05, -4.50258e-05, 0.0309816, -1.38484e-05, -3.66793e-05, 0.0296182, 1.64367e-05, -7.32033e-05, 0.029412, 4.01078e-06, -3.84073e-05, 0.0294196, -2.34657e-05, 6.3141e-05, 0.0278917, 2.61538e-05, 5.99578e-05, 0.0271331, -2.77239e-05, 2.02123e-05, 0.0289238, -5.41179e-05, 7.26062e-05, 0.0295113, 0.00012053, 7.05206e-05, 0.031275, -2.31075e-05, -6.89672e-05, 0.0312943, -5.75898e-06, -9.69879e-05, 0.0311174, 7.4063e-05, 4.24968e-05, 0.03, 0, 0, 
0.0322697, -2.22025e-05, -7.98412e-05, 0.0308412, 6.75211e-06, -9.06435e-05, 0.0279752, -3.42608e-05, -3.48152e-05, 0.0289521, -3.65636e-05, -3.62431e-05, 0.0297837, 1.48715e-05, -8.72659e-05, 0.0272425, 2.18619e-05, -1.13772e-05, 0.0278538, -8.87744e-06, 4.89035e-05, 0.0310614, -9.42336e-06, 5.31492e-05, 0.0306353, -3.1871e-05, 3.44187e-05, 0.0301402, -2.97866e-05, 9.1621e-05, 0.0299699, 9.38277e-05, 6.50802e-05, 0.0294345, -2.13557e-05, -9.91713e-05, 0.0285883, 3.29073e-05, -8.58018e-05, 0.0269596, 1.8294e-05, 3.01042e-05, 0.0301012, 4.97124e-05, -4.42815e-06, 0.03, 0, 0, 
0.0264635, -3.90128e-05, -7.66247e-05, 0.0296265, 1.74576e-05, -7.40258e-05, 0.0310464, -1.83352e-05, -4.78116e-05, 0.0280801, -5.5609e-05, -4.91621e-05, 0.0282159, 6.2957e-06, -7.59475e-05, 0.0308716, 3.12952e-05, -2.42177e-05, 0.0310091, 2.54204e-06, 2.74206e-05, 0.0297395, -2.66437e-05, 7.00153e-05, 0.02969, -4.89885e-05, 4.63562e-05, 0.0299377, 2.4516e-05, 0.000102003, 0.0291697, 4.19527e-05, 5.84998e-05, 0.0270124, -1.58272e-05, -0.000113022, 0.0294545, 6.02262e-05, -7.12349e-05, 0.0292248, -1.17061e-05, -6.06471e-06, 0.0284521, 5.85188e-05, 3.17119e-06, 0.03, 0, 0, 
0.0286838, -3.91477e-05, -9.68251e-05, 0.0274424, 1.27158e-05, -5.41021e-05, 0.0280642, 1.92317e-06, -4.07269e-05, 0.0309445, -6.49404e-05, -8.24825e-05, 0.0318044, -8.92685e-06, -8.62734e-05, 0.0310297, 3.47977e-05, -2.68745e-05, 0.0295653, 2.26258e-05, 3.17976e-05, 0.0285476, -5.62041e-05, 6.73117e-05, 0.0288255, -5.42276e-05, 6.43942e-05, 0.0275707, 9.49332e-05, 9.58175e-05, 0.0294128, -3.00179e-05, 5.35922e-05, 0.0299362, 6.48066e-06, -9.65159e-05, 0.0299455, 6.3291e-05, -7.33541e-05, 0.0311396, -2.01564e-05, -4.14538e-05, 0.0302623, 3.61486e-05, 8.83123e-06, 0.0279344, -3.359e-06, 8.38404e-07, 0.03, 0, 0, 
0.0318772, -3.53352e-05, -0.000119464, 0.0298742, 4.46049e-06, -5.5699e-05, 0.0292508, 2.55567e-07, -5.87976e-05, 0.0297302, -5.34751e-05, -9.22494e-05, 0.0279784, -2.05374e-05, -5.60116e-05, 0.0272519, 4.35523e-05, -1.96924e-06, 0.0290388, 3.24524e-05, 1.15773e-05, 0.0299569, -9.08417e-05, 3.469e-05, 0.0304237, -3.49887e-05, 9.58707e-05, 0.0294062, 0.000104059, 0.000113883, 0.0300307, -5.69739e-05, 3.90499e-05, 0.0314355, 3.48133e-05, -8.8273e-05, 0.028575, 5.3967e-05, -9.19432e-05, 0.0275187, -1.74538e-05, -5.66509e-05, 0.0285881, 4.71362e-05, 2.20753e-05, 0.0313021, -4.47052e-05, -5.52774e-06, 0.03, 0, 0, 
0.029424, -2.27625e-05, -0.000111865, 0.0309798, -7.79727e-06, -5.75551e-05, 0.0309054, -4.02009e-06, -7.91228e-05, 0.0274196, -2.87396e-05, -8.8601e-05, 0.027607, -3.57413e-05, -4.04409e-05, 0.0293692, 4.30633e-05, -2.67952e-05, 0.0292689, 3.28931e-05, 5.1656e-06, 0.0282581, -0.000102571, 3.44072e-05, 0.0297797, -8.60339e-06, 0.000121682, 0.0324456, 6.88905e-05, 0.000141227, 0.0287889, -4.23435e-05, 9.97002e-06, 0.0272806, 4.19058e-05, -6.82165e-05, 0.0295445, 2.45253e-05, -0.000103382, 0.0316386, 2.26434e-05, -9.51766e-05, 0.0291035, 2.07178e-05, 2.92029e-05, 0.0291099, -5.56218e-05, 5.56475e-06, 0.03, 0, 0, 
0.0276099, -1.04199e-05, -9.65819e-05, 0.0280422, -1.86055e-05, -5.33815e-05, 0.0284853, -1.04406e-05, -8.20525e-05, 0.0306486, -4.13844e-06, -9.44049e-05, 0.0324795, -4.80587e-05, -7.01079e-05, 0.0299951, 4.08713e-05, -3.89234e-05, 0.0291376, 1.99877e-05, 2.27577e-06, 0.0304514, -8.45053e-05, 5.20182e-05, 0.0268673, -2.43094e-07, 0.000149087, 0.0264467, 3.19217e-05, 0.000100521, 0.0295537, 1.63103e-06, 7.30999e-06, 0.0319441, 1.92201e-05, -1.70454e-05, 0.0303547, 2.27629e-05, -0.000139765, 0.0291693, 4.26788e-05, -9.60986e-05, 0.0304046, -9.26618e-06, 1.80798e-05, 0.0296633, -4.84063e-05, 2.16456e-05, 0.0260953, -1.77041e-05, 4.07898e-06, 0.03, 0, 0, 
0.0296154, -4.23436e-06, -9.3582e-05, 0.0290839, -2.50094e-05, -7.25911e-05, 0.0288454, -1.5238e-05, -8.883e-05, 0.0296234, -7.18222e-07, -8.80663e-05, 0.0291747, -2.16432e-05, -5.06366e-05, 0.0295876, 1.94725e-05, -3.8396e-05, 0.0292947, -1.9088e-05, -2.21956e-05, 0.0298997, -3.65256e-05, 5.2241e-05, 0.0307331, -4.37817e-07, 0.000169041, 0.0302597, -1.83738e-05, 0.000151332, 0.0290569, 3.16098e-05, 8.08514e-06, 0.0279811, 2.29115e-05, -5.83717e-05, 0.0286856, 1.38526e-05, -0.000155177, 0.0282298, 6.80849e-05, -0.000100885, 0.0286863, -2.67265e-05, -5.89306e-06, 0.0303497, -1.84771e-05, 3.77702e-05, 0.0307079, -2.43455e-05, 8.01959e-06, 0.03, 0, 0, 
0.0303947, -1.3973e-06, -8.10691e-05, 0.0304752, -2.76721e-05, -9.83016e-05, 0.0302936, -1.97113e-05, -9.67014e-05, 0.0281852, -5.21583e-06, -7.91182e-05, 0.0260899, 1.55585e-05, -3.67633e-05, 0.0296606, -1.12243e-05, -4.60799e-05, 0.03076, -4.15865e-05, -4.88853e-05, 0.0287822, 5.08929e-06, 7.45402e-05, 0.0306856, -8.09426e-06, 0.000169027, 0.0309584, -5.24623e-05, 0.000157915, 0.0295981, 6.1087e-05, 3.72116e-05, 0.0273372, 9.80203e-06, -7.67551e-05, 0.0287061, 2.10726e-05, -0.000163415, 0.0299544, 8.18135e-05, -0.000134566, 0.0287755, -4.27822e-05, -1.00354e-05, 0.0281848, -1.25356e-06, 6.07274e-05, 0.0313345, -3.04221e-05, 1.91616e-05, 0.03, 0, 0, 
0.0291081, -1.45447e-06, -6.10504e-05, 0.0284154, -2.56308e-05, -0.000109188, 0.0285078, -2.40261e-05, -9.18735e-05, 0.0314066, -6.57357e-06, -8.07941e-05, 0.0322911, 2.08498e-05, -9.78553e-05, 0.0287251, -2.04618e-05, -5.3534e-05, 0.0278729, -4.77887e-05, -2.32886e-05, 0.0290947, 3.00708e-05, 9.04934e-05, 0.0282772, -2.04838e-05, 0.000173087, 0.0263235, -4.65623e-05, 9.66912e-05, 0.0302095, 6.61015e-05, 8.31253e-05, 0.0329305, -8.75132e-06, -3.41117e-05, 0.030263, 4.41309e-05, -0.000191734, 0.0287451, 6.56431e-05, -0.000151326, 0.0306915, -3.70926e-05, -2.45254e-05, 0.0285337, -5.84686e-06, 8.91078e-05, 0.0254621, -5.74036e-05, 4.79136e-05, 0.0268972, 4.08049e-05, -1.63025e-05, 0.03, 0, 0, 
0.0288737, -4.29642e-06, -5.45294e-05, 0.0301476, -2.28383e-05, -0.000124294, 0.0300019, -3.0949e-05, -0.000103631, 0.028113, -1.53724e-07, -6.397e-05, 0.0295708, 4.19009e-05, -7.83959e-05, 0.0296516, -5.49172e-05, -8.10034e-05, 0.0295005, -4.13221e-05, -3.15109e-05, 0.0287669, 4.00684e-05, 9.53518e-05, 0.0291737, -3.44492e-05, 0.000171985, 0.030729, -5.76522e-05, 0.000183379, 0.0285118, 5.69596e-05, 8.23325e-05, 0.0276783, 1.71575e-05, -0.000106226, 0.0298173, 4.80603e-05, -0.000172111, 0.0296258, 4.51621e-05, -0.000176059, 0.0278978, 9.14044e-06, -4.18614e-05, 0.0293105, -2.85268e-05, 8.40851e-05, 0.031121, -7.6791e-05, 9.15605e-05, 0.0316851, 3.64585e-05, 3.86212e-06, 0.03, 0, 0, 
0.0297409, -8.51324e-06, -6.49667e-05, 0.0299923, -2.04506e-05, -0.000119434, 0.0302576, -3.39524e-05, -0.000112492, 0.028293, 8.83108e-06, -6.88737e-05, 0.0272524, 3.78379e-05, -6.46761e-05, 0.0286917, -6.58267e-05, -8.96172e-05, 0.0308208, -3.04932e-05, -3.75714e-05, 0.0306752, 3.37556e-05, 8.34917e-05, 0.0294021, -4.24641e-05, 0.000180461, 0.0305365, -3.88827e-05, 0.000217427, 0.0287653, 1.77957e-05, 0.000105771, 0.027019, 4.98402e-05, -0.000128616, 0.0272355, 4.83959e-05, -0.000179598, 0.0291045, 2.30072e-05, -0.000192573, 0.0302476, 5.25294e-05, -8.53432e-05, 0.0323567, -5.91818e-05, 0.000105217, 0.0316987, -7.76102e-05, 0.000132148, 0.0297395, 3.55952e-05, 9.13998e-06, 0.0293515, -2.76815e-06, 1.65081e-06, 0.03, 0, 0, 
0.0301384, -1.1472e-05, -7.66351e-05, 0.0275706, -2.11396e-05, -0.000100839, 0.0273998, -2.23157e-05, -0.000101776, 0.0314798, 1.76801e-05, -9.043e-05, 0.0321413, 4.24485e-06, -0.000112241, 0.0298238, -5.05428e-05, -0.000121255, 0.027348, -1.77943e-05, 5.17815e-06, 0.0289521, 4.72636e-06, 9.6332e-05, 0.0288415, -3.07252e-05, 0.000167857, 0.0268341, 8.68705e-06, 0.000173412, 0.0292001, -4.23552e-05, 0.000116805, 0.0328401, 6.5394e-05, -2.60513e-05, 0.0311675, 7.30283e-05, -0.000256114, 0.0303847, 3.58146e-05, -0.000278858, 0.0298821, 3.48472e-05, -6.09321e-05, 0.0277165, -8.32847e-05, 0.000169455, 0.0263431, -7.52058e-05, 0.000156714, 0.0273253, 6.14316e-05, -6.73509e-06, 0.0311594, -2.21893e-05, 2.31365e-05, 0.03, 0, 0, 
0.0278291, -1.60058e-05, -8.32726e-05, 0.0297892, -2.38502e-05, -9.86858e-05, 0.0309714, -1.95326e-05, -0.000122687, 0.0284163, 2.62784e-05, -8.94235e-05, 0.0268871, -2.06113e-05, -8.41904e-05, 0.0302012, -2.72687e-05, -0.000114764, 0.0298487, -1.09394e-05, -2.47955e-05, 0.0278766, -3.04591e-05, 9.30075e-05, 0.0294326, -6.14704e-06, 0.000157607, 0.0311464, -1.38564e-05, 0.000270631, 0.0309872, -6.2632e-05, 0.000182191, 0.0295631, 9.75582e-05, -0.000105309, 0.0294958, 8.11522e-05, -0.000308153, 0.0294506, 4.1376e-05, -0.000298156, 0.0280567, 3.83385e-05, -6.77909e-05, 0.0275383, -9.56014e-05, 0.000155788, 0.0303863, -7.70357e-05, 0.000205805, 0.0289169, 6.92394e-05, -2.62232e-06, 0.0271973, -6.6737e-06, -1.55293e-06, 0.03, 0, 0, 
0.0304328, -1.99973e-05, -0.000101492, 0.0303182, -2.73035e-05, -9.61773e-05, 0.0283824, 1.29111e-06, -0.000104949, 0.0281801, 1.59887e-05, -0.000105793, 0.0283814, -4.03969e-05, -0.000110268, 0.0276774, -4.7913e-06, -8.07314e-05, 0.0298019, -1.12084e-05, -3.19728e-05, 0.0317167, -4.77411e-05, 4.27025e-05, 0.0316717, -3.29629e-06, 0.000212902, 0.0305342, -3.96227e-05, 0.000342079, 0.02874, -4.42393e-05, 0.000167522, 0.0267841, 9.6098e-05, -0.000143398, 0.0278803, 8.12811e-05, -0.000305066, 0.0280847, 5.378e-05, -0.000286854, 0.0300492, 4.35149e-05, -0.000139474, 0.0304299, -0.000102222, 0.000152883, 0.0299643, -7.09883e-05, 0.000240278, 0.031277, 6.16615e-05, 2.63638e-05, 0.0306142, 2.3095e-05, -5.16713e-05, 0.0253428, 2.10218e-05, -2.35051e-06, 0.03, 0, 0, 
0.0280568, -3.05387e-05, -0.000102677, 0.0278479, -2.27527e-05, -8.28725e-05, 0.0278171, 2.74411e-05, -8.74273e-05, 0.0307127, -1.30419e-05, -0.000137347, 0.0329238, -4.56678e-05, -0.000162467, 0.0303324, 8.38182e-06, -0.000129035, 0.0297103, -8.2257e-06, -5.29148e-05, 0.0290452, -5.51069e-05, 9.28429e-05, 0.0269938, -2.99559e-06, 0.000259449, 0.0266578, -2.80006e-05, 0.000254411, 0.0290636, -1.7014e-05, 0.000165318, 0.0308238, 3.48994e-05, -3.0254e-06, 0.0307335, 0.000110636, -0.000339348, 0.0285451, 8.68216e-05, -0.000381483, 0.0296326, 1.79546e-05, -0.000148581, 0.0309126, -0.000121382, 0.00021079, 0.0278204, -6.22722e-05, 0.000276812, 0.0269932, 3.50969e-05, 4.92058e-05, 0.0308402, 1.75921e-07, -6.02343e-05, 0.0311731, 1.26568e-05, -5.33226e-05, 0.03, 0, 0, 
0.027671, -4.39956e-05, -0.000105333, 0.0296143, -1.34412e-05, -8.85186e-05, 0.032101, 2.0247e-05, -0.00010626, 0.0292575, -2.3662e-05, -0.000148493, 0.0277809, -2.79931e-05, -0.000145577, 0.0298391, 8.586e-06, -0.000114278, 0.0292414, -1.84927e-05, -5.68072e-05, 0.0271438, -4.82864e-05, 0.000101527, 0.0288647, -1.02676e-05, 0.00023383, 0.0303778, -5.11952e-05, 0.000332846, 0.0290107, -8.14335e-06, 0.00022484, 0.0281381, 3.34782e-05, -7.39889e-05, 0.0299007, 0.000123297, -0.000360171, 0.0320958, 0.000143594, -0.000514619, 0.0282365, -2.07699e-05, -0.000133325, 0.0267607, -0.000118364, 0.000254163, 0.0309083, -7.05311e-05, 0.000319405, 0.0308003, 1.6428e-05, 0.000116008, 0.0275932, -6.88895e-06, -0.000122734, 0.0301721, 5.66811e-06, -9.54382e-05, 0.03, 0, 0, 
0.0348736, -5.6524e-05, -0.000128713, 0.0311733, -5.24525e-06, -9.56661e-05, 0.0281813, 1.5371e-05, -9.44585e-05, 0.0278914, -2.96361e-05, -0.000149183, 0.0275201, -1.20143e-05, -0.000155664, 0.0274314, 4.73205e-07, -8.27942e-05, 0.02797, -3.13236e-05, -3.79505e-05, 0.0306097, -2.53534e-05, 3.27062e-05, 0.0311657, -3.65616e-05, 0.000248412, 0.0294167, -5.4343e-05, 0.000380529, 0.0298301, -1.37844e-05, 0.000308926, 0.0303495, 2.81636e-05, -3.5458e-05, 0.0262429, 0.000152067, -0.000492298, 0.0272092, 0.000141068, -0.000470588, 0.0308803, -2.17213e-05, -0.000249155, 0.0311667, -0.000114563, 0.000237042, 0.0295739, -7.87765e-05, 0.000403283, 0.0299911, -1.69574e-06, 0.000155332, 0.0287635, 2.73813e-06, -0.000171073, 0.0275751, 2.96798e-05, -0.000115302, 0.0256093, -4.10317e-05, -1.57764e-05, 0.03, 0, 0, 
0.0267743, -6.28585e-05, -9.74405e-05, 0.0274991, 1.9221e-05, -8.37345e-05, 0.0295939, -6.73751e-06, -0.000104007, 0.0313397, -3.04207e-05, -0.000159321, 0.0308002, -4.11047e-06, -0.00018517, 0.0296488, -8.97484e-06, -0.000140829, 0.0292754, -2.3557e-05, -8.76482e-05, 0.0292924, -1.85927e-05, 6.75811e-05, 0.028136, -6.52453e-05, 0.000310105, 0.0283096, -4.12404e-05, 0.000388382, 0.0282045, -1.20163e-06, 0.000272686, 0.0301247, 9.39849e-06, 1.00309e-05, 0.0317303, 0.000173768, -0.000466015, 0.0296726, 0.000205337, -0.000707202, 0.0284232, -5.89993e-05, -0.000216756, 0.0290072, -0.00014704, 0.0003401, 0.0268153, -6.61297e-05, 0.000441439, 0.0271728, -6.11141e-05, 0.000193253, 0.0295652, 1.37874e-05, -0.000126421, 0.0316211, 7.6848e-05, -0.000161825, 0.0311071, -6.51628e-05, 2.27159e-05, 0.03, 0, 0, 
0.0266602, -5.88801e-05, -9.03953e-05, 0.0289092, 1.56307e-05, -9.0584e-05, 0.0290801, -1.62033e-05, -0.000109969, 0.028108, -1.70479e-05, -0.000145442, 0.0299806, 2.44285e-06, -0.000168351, 0.0320502, -2.47257e-05, -0.000189626, 0.031082, -1.47448e-05, -0.000133882, 0.0279302, -1.89161e-05, 0.000100916, 0.0275026, -7.98647e-05, 0.000311958, 0.0309566, -5.60027e-05, 0.000483934, 0.0300211, -3.98132e-05, 0.000444389, 0.0268981, 5.66069e-05, -0.000133812, 0.0295701, 0.000185389, -0.000523469, 0.03022, 0.000216684, -0.000763421, 0.0274527, -6.09312e-05, -0.000228902, 0.0275165, -0.000123387, 0.00030036, 0.0302712, -0.000105044, 0.00053432, 0.0311372, -8.34534e-05, 0.0003226, 0.0292961, 4.26206e-05, -0.000249119, 0.0283053, 8.58842e-05, -0.000192487, 0.0311451, -8.17123e-05, 2.53496e-05, 0.03, 0, 0, 
0.0311776, -5.355e-05, -9.81038e-05, 0.0303759, -7.45151e-07, -9.75818e-05, 0.0284687, -1.54236e-05, -0.000116237, 0.0289879, -9.61071e-06, -0.000156598, 0.028069, 4.11624e-06, -0.000175118, 0.0257053, -2.80199e-05, -0.000123946, 0.0281779, -1.82843e-05, -4.61529e-05, 0.0332371, -1.55423e-05, -3.42799e-05, 0.032803, -8.51521e-05, 0.000274717, 0.0278959, -6.45323e-05, 0.000559863, 0.0289134, -4.74607e-05, 0.000459362, 0.0295667, 5.09666e-05, 2.6244e-06, 0.0261158, 0.000217121, -0.000672993, 0.026324, 0.000150757, -0.000652182, 0.0313507, 3.11597e-05, -0.000480457, 0.0320791, -0.000144973, 0.000256495, 0.0301462, -0.000158503, 0.000781763, 0.0288256, -7.15154e-05, 0.000318874, 0.0304878, 7.15372e-05, -0.00029537, 0.0278237, 8.94239e-05, -0.000267047, 0.0251327, -0.000105541, -3.71676e-05, 0.0280496, 1.96516e-05, 0.000101803, 0.03, 0, 0, 
0.0296473, -2.81821e-05, -8.09637e-05, 0.0291301, -2.63378e-05, -9.98905e-05, 0.029205, -1.01758e-05, -0.000128147, 0.0292041, 3.79019e-06, -0.000150981, 0.0294978, -8.06411e-06, -0.000192711, 0.0311379, -1.91283e-05, -0.000256649, 0.0289359, -2.35397e-06, -0.000131, 0.0253009, -4.57035e-05, 0.000171631, 0.027744, -6.85538e-05, 0.000298711, 0.0292861, -5.64801e-05, 0.000448383, 0.0293139, -4.59773e-05, 0.000412464, 0.0304802, 4.82562e-05, 0.000116221, 0.031795, 0.000219315, -0.000575949, 0.0314399, 0.000293987, -0.00113958, 0.0288426, -1.61813e-05, -0.000501222, 0.0269289, -0.000229474, 0.000577204, 0.0288301, -0.000192184, 0.000880378, 0.0276109, -9.57115e-05, 0.000356099, 0.0273164, 8.72306e-05, -0.000197186, 0.0302175, 0.000102379, -0.00035706, 0.0309936, -0.000120529, -0.000123545, 0.0316107, -1.7524e-05, 0.000142354, 0.03, 0, 0, 
0.0273211, -4.21517e-06, -6.12864e-05, 0.0281828, -4.83828e-05, -0.000103707, 0.0310377, -7.41873e-06, -0.000137636, 0.0306879, 1.07094e-05, -0.000156548, 0.0285704, -1.50797e-05, -0.000204546, 0.0286975, -9.40948e-06, -0.000227817, 0.0295105, -5.58389e-06, -0.000156371, 0.0279465, -4.97464e-05, 9.31418e-05, 0.027375, -6.58106e-05, 0.000344434, 0.0293995, -9.22712e-05, 0.00055186, 0.0296075, -7.33922e-05, 0.000556044, 0.0293106, 8.79302e-05, 5.86416e-05, 0.0304175, 0.000241078, -0.000664977, 0.0303737, 0.00026021, -0.00113794, 0.0287355, 3.16296e-05, -0.000575525, 0.027832, -0.000204259, 0.000484555, 0.028235, -0.000244725, 0.000960158, 0.029761, -0.000134086, 0.000563656, 0.0295769, 0.000135228, -0.00026447, 0.0309903, 0.000108857, -0.000538635, 0.0308638, -0.000131907, -0.000127832, 0.0289306, -4.61238e-05, 0.000209395, 0.0269194, 2.0505e-06, 6.01505e-06, 0.03, 0, 0, 
0.0330294, -1.2595e-05, -6.78696e-05, 0.0302407, -5.66165e-05, -0.000108652, 0.0265456, -1.27821e-06, -0.000129709, 0.0270351, 1.87448e-05, -0.000148021, 0.0297089, -1.93822e-05, -0.00020909, 0.0275897, -2.73237e-06, -0.000200087, 0.0282499, -2.16841e-05, -0.000113787, 0.0330443, -3.85169e-05, -8.48574e-05, 0.0314694, -7.22478e-05, 0.000343485, 0.0287712, -0.000149689, 0.000790631, 0.0283891, -9.6065e-05, 0.000720042, 0.0280117, 0.00012328, 2.05625e-05, 0.0258791, 0.000283863, -0.000898447, 0.0256207, 0.000112984, -0.000829022, 0.0300432, 0.000138308, -0.000681101, 0.0337416, -0.000113701, 4.12655e-05, 0.0308382, -0.000361109, 0.00128244, 0.0314276, -0.00014121, 0.000802683, 0.0307049, 0.000210995, -0.000484348, 0.026913, 0.000111855, -0.00073179, 0.0254212, -0.000105616, -0.000155608, 0.0273906, -7.85179e-05, 0.000251788, 0.0312443, -1.57795e-05, 3.3745e-05, 0.03, 0, 0, 
0.0246989, -2.81357e-06, -4.0527e-05, 0.0281112, -4.40029e-05, -0.000107206, 0.0309958, -1.98714e-05, -0.00013738, 0.0290543, 1.10597e-05, -0.000161244, 0.0290536, -9.5646e-06, -0.000216114, 0.0312168, 3.22691e-06, -0.000295236, 0.0300429, -1.04924e-05, -0.000245557, 0.0277299, -5.44654e-05, 7.62763e-05, 0.0278414, -7.87549e-05, 0.000430484, 0.0293938, -0.000149898, 0.000705016, 0.0282523, -7.25085e-05, 0.000663356, 0.0278827, 0.000129275, 4.10862e-05, 0.0305812, 0.000260774, -0.000682721, 0.0318204, 0.00035673, -0.00157446, 0.0283382, 0.00010131, -0.000912697, 0.0277609, -0.00027654, 0.000674681, 0.0289554, -0.000412199, 0.00140374, 0.0286151, -0.000128464, 0.000789278, 0.0279881, 0.000166231, -0.000236923, 0.0298948, 0.000115111, -0.000803072, 0.0324546, -6.16573e-05, -0.00038408, 0.0294242, -0.000142006, 0.000372225, 0.0285448, 6.87727e-06, 7.02603e-05, 0.03, 0, 0, 
0.0291753, -2.33424e-05, -4.46716e-05, 0.0283287, -3.22843e-05, -0.000101111, 0.0283488, -2.31513e-05, -0.000131819, 0.0305846, -4.98519e-07, -0.000176735, 0.0295313, 6.1352e-06, -0.000245356, 0.0291164, 4.69058e-06, -0.000289124, 0.0287607, -1.83768e-05, -0.000232125, 0.0271395, -5.11775e-05, 8.58503e-05, 0.0275817, -9.03849e-05, 0.000425697, 0.0284504, -0.000142475, 0.000655196, 0.030472, -9.99453e-05, 0.000807871, 0.0318023, 6.88371e-05, 0.000426647, 0.0301618, 0.000352345, -0.000973238, 0.0294366, 0.000411921, -0.00187341, 0.0284984, 0.000126091, -0.00110307, 0.0269465, -0.000312953, 0.000775244, 0.0275963, -0.000474175, 0.00155886, 0.0276485, -0.000146813, 0.000967353, 0.0299998, 0.00017474, -0.000136075, 0.0305842, 0.000158316, -0.00106697, 0.030902, -4.69898e-05, -0.000461723, 0.0319387, -0.000205112, 0.000420523, 0.0296847, 1.59443e-05, 0.000198146, 0.0257813, 9.64171e-06, -4.41446e-05, 0.03, 0, 0, 
0.0332641, -4.37341e-05, -4.5792e-05, 0.0307602, -2.6706e-05, -9.43157e-05, 0.0274565, -2.55632e-05, -0.000130404, 0.0280995, -7.32171e-06, -0.000187903, 0.0271594, 2.56351e-05, -0.000244538, 0.0259082, -1.89596e-06, -0.000221796, 0.0278455, -3.51856e-05, -0.000157635, 0.0311624, -2.84546e-05, -9.48644e-05, 0.0325137, -0.000103077, 0.000300746, 0.0296943, -0.000219519, 0.000991182, 0.0283742, -0.000129244, 0.00104137, 0.0283516, 0.000147615, 0.000190014, 0.0268169, 0.000353219, -0.00114048, 0.0265423, 0.000294242, -0.00146417, 0.0300728, 0.000210226, -0.00120719, 0.0310289, -0.000199216, 0.000208868, 0.0309258, -0.000624823, 0.00198108, 0.0298851, -0.000220359, 0.001556, 0.0305995, 0.000328077, -0.000493408, 0.0284968, 0.000250951, -0.00163526, 0.0249519, -9.12675e-05, -0.000374631, 0.0273271, -0.000188275, 0.000326081, 0.032023, -4.72327e-05, 0.000474848, 0.0298261, 6.89302e-05, -5.61861e-05, 0.03, 0, 0, 
0.0246122, -4.03272e-05, -4.21679e-05, 0.0284587, -7.96146e-06, -7.97912e-05, 0.0311267, -3.80469e-05, -0.000134527, 0.0280829, -1.99179e-05, -0.000197077, 0.0286663, 3.19196e-05, -0.000246988, 0.0313928, 5.12998e-06, -0.000361977, 0.0306016, -4.08745e-06, -0.000395058, 0.0274378, -3.75362e-05, 9.35466e-06, 0.0267213, -0.000156396, 0.000574011, 0.0289252, -0.000193589, 0.000931875, 0.0284228, -9.58091e-05, 0.000937991, 0.0268314, 0.000165001, 3.49716e-05, 0.0300499, 0.000279088, -0.000732941, 0.0305219, 0.000485234, -0.00197241, 0.0289178, 0.0002199, -0.00149516, 0.0289828, -0.000327066, 0.000557299, 0.0307061, -0.000692186, 0.00224198, 0.0298731, -0.000275234, 0.0019058, 0.0266167, 0.000324919, -0.000646756, 0.0290866, 0.000296716, -0.00157902, 0.0324914, -1.83372e-05, -0.000992293, 0.0278669, -0.000300918, 0.000646605, 0.025836, -4.82194e-06, 0.000653194, 0.0298324, 0.000129282, -4.14904e-05, 0.03, 0, 0, 
0.0284387, -5.07991e-05, -3.75774e-05, 0.027167, -7.11829e-06, -6.84578e-05, 0.0273333, -2.62691e-05, -0.00013561, 0.0303111, -2.81456e-05, -0.000202685, 0.0325907, 2.5853e-05, -0.000288923, 0.0293659, 1.67285e-05, -0.000393796, 0.0274218, -3.87892e-06, -0.000307783, 0.0286065, -4.35224e-05, -5.90816e-05, 0.0270746, -0.000172599, 0.000559079, 0.0265982, -0.000181616, 0.000963247, 0.0287605, -8.43e-05, 0.000928196, 0.0301013, 6.44965e-05, 0.000500559, 0.0304008, 0.000359358, -0.000898702, 0.0293791, 0.000582893, -0.00238874, 0.0290235, 0.000275299, -0.0018434, 0.0284326, -0.000414055, 0.000675231, 0.0257469, -0.000615453, 0.00226211, 0.0291597, -0.000337845, 0.00195318, 0.0316341, 0.000189105, 7.77403e-05, 0.0290626, 0.000403297, -0.0019499, 0.0288368, -1.94053e-05, -0.001107, 0.0311516, -0.000338262, 0.000538902, 0.0293745, -5.37785e-05, 0.000970071, 0.026344, 0.000186975, -6.58572e-05, 0.0263172, 4.0429e-05, -7.12633e-05, 0.03, 0, 0, 
0.0322535, -5.71536e-05, -2.56105e-05, 0.0303091, -2.3268e-05, -5.77114e-05, 0.0290408, -2.76448e-05, -0.00012626, 0.0275545, -1.46722e-05, -0.000214258, 0.0251848, 2.43442e-05, -0.000290915, 0.0258376, 1.78807e-05, -0.000282513, 0.0285496, -7.11764e-06, -0.000236076, 0.0303793, -6.10332e-05, -0.000128621, 0.0310178, -0.000156809, 0.000332472, 0.0301189, -0.000254529, 0.00118846, 0.0288623, -0.000180946, 0.00143885, 0.0282745, 0.00010447, 0.000512102, 0.0262643, 0.000485668, -0.00149344, 0.0262693, 0.000476427, -0.00210392, 0.0277133, 0.000198352, -0.00135634, 0.0311911, -0.000193692, -0.00026885, 0.0305947, -0.000742527, 0.00249492, 0.0277044, -0.000369131, 0.00234194, 0.0289485, 0.0002362, -9.6396e-05, 0.0298068, 0.000501481, -0.00214591, 0.0269747, -1.1098e-06, -0.00132298, 0.0279414, -0.000262877, 0.00036559, 0.0306377, -0.000185667, 0.00117657, 0.0329843, 0.000219812, 0.000152242, 0.0325222, 0.000103573, -0.000242173, 0.03, 0, 0, 
0.0274946, -3.5785e-05, -1.67789e-05, 0.0286464, -3.68592e-05, -5.95311e-05, 0.0295506, -1.84781e-05, -0.000121933, 0.0278957, -6.65293e-06, -0.000212315, 0.0274071, 1.62746e-07, -0.000302374, 0.0302497, 4.09853e-05, -0.000415053, 0.0291572, 2.64018e-05, -0.000425915, 0.0259923, -0.000101801, 6.71949e-05, 0.0282344, -0.000186993, 0.000511679, 0.029991, -0.000224266, 0.00108024, 0.0277511, -0.000117778, 0.00121153, 0.0271883, 0.000122984, 0.000247443, 0.0285289, 0.000382968, -0.000952675, 0.0307946, 0.000682611, -0.00250912, 0.027029, 0.000255641, -0.0019055, 0.0253263, -0.000450252, 0.000782661, 0.0300093, -0.000582594, 0.00198065, 0.0298598, -0.000540323, 0.00274986, 0.0269321, 0.000172924, 6.78234e-06, 0.0289629, 0.000468877, -0.00179638, 0.0320631, 0.000202426, -0.00228943, 0.0322855, -0.000454488, 0.000512933, 0.0299364, -0.000190302, 0.00173629, 0.0293238, 0.000294745, 0.000155573, 0.0296313, 0.000192138, -0.000425722, 0.028055, -1.27255e-06, -1.40027e-05, 0.03, 0, 0, 
0.0262033, -2.75302e-05, -1.52e-06, 0.0264396, -4.36316e-05, -6.1178e-05, 0.0268822, -4.701e-06, -0.000128374, 0.0307575, -8.09852e-06, -0.00020133, 0.0322825, -1.67133e-05, -0.000330825, 0.0286235, 5.57215e-05, -0.000459595, 0.0275507, 2.87469e-05, -0.000410056, 0.0288936, -8.20824e-05, -0.000176306, 0.0262318, -0.000225895, 0.000691895, 0.0240567, -0.000167907, 0.00109334, 0.0275714, -3.86479e-05, 0.000805784, 0.0307367, -2.3096e-05, 0.000772558, 0.0283955, 0.000392716, -0.000941759, 0.0268038, 0.000491612, -0.00198484, 0.0300914, 0.000415743, -0.00229622, 0.028936, -0.000287089, -0.000136574, 0.0254161, -0.000609816, 0.00245666, 0.0276533, -0.000488868, 0.00236296, 0.0324786, -8.68144e-05, 0.00144637, 0.0323579, 0.000762813, -0.0027599, 0.0297599, 0.000129077, -0.00267817, 0.0292274, -0.000513627, 0.000755784, 0.0296619, -0.000276189, 0.00198412, 0.027302, 0.000245886, 0.000460541, 0.0264976, 0.000288918, -0.000511634, 0.0310645, -1.696e-05, -0.00020786, 0.03, 0, 0, 
0.0295295, -3.91887e-05, 2.29804e-05, 0.0300469, -5.54327e-05, -4.08991e-05, 0.0281868, -1.27659e-05, -0.000106937, 0.0258796, 8.07999e-06, -0.000226384, 0.0259031, 9.33603e-07, -0.000343453, 0.0270486, 3.84298e-05, -0.00036598, 0.028275, 3.94566e-06, -0.000297303, 0.0287598, -0.000108809, -6.71354e-05, 0.0289179, -0.000183476, 0.000421401, 0.0296896, -0.00023988, 0.00112445, 0.0268826, -0.000137279, 0.00132275, 0.0242078, 0.000233068, -0.000231181, 0.0274304, 0.000333252, -0.000821709, 0.0267932, 0.000349215, -0.00135468, 0.0270507, 0.000146737, -0.00114719, 0.0308766, 9.85727e-05, -0.00127544, 0.0331446, -0.000750447, 0.00213785, 0.0306154, -0.000851841, 0.00431883, 0.0282695, 0.00030922, 0.000388814, 0.0267308, 0.000731237, -0.00323329, 0.0279326, 0.000226213, -0.00260803, 0.0279229, -0.000269826, -2.94542e-05, 0.0292159, -0.000391119, 0.0016713, 0.0319671, 7.97091e-05, 0.00130655, 0.030638, 0.000428456, -0.000707966, 0.0301884, -7.07101e-05, -0.000406074, 0.03, 0, 0, 
0.0277663, -4.34534e-05, 3.28164e-05, 0.0281704, -4.24211e-05, -3.98839e-05, 0.0289443, -2.3672e-05, -0.000102384, 0.0274598, 9.69092e-07, -0.000219768, 0.0259, 1.65442e-05, -0.000357778, 0.0271508, 3.77926e-05, -0.000414474, 0.0271984, 1.05995e-08, -0.000300773, 0.0261092, -0.00014897, 0.000171883, 0.0270086, -0.000177271, 0.000521696, 0.0287137, -0.000131056, 0.000700869, 0.0285493, -0.000114212, 0.00098621, 0.0265389, 0.000143211, 0.000126512, 0.0284313, 0.000304679, -0.00053463, 0.0300327, 0.00060123, -0.0019701, 0.0279088, 0.000385978, -0.00249934, 0.0266594, -0.000278597, -7.65833e-06, 0.0275912, -0.000623993, 0.00218536, 0.0277825, -0.000540567, 0.00267744, 0.0282615, -0.000145593, 0.00131591, 0.0294764, 0.000398386, -0.00142013, 0.030409, 0.00052634, -0.0032579, 0.0307441, -0.00027857, -0.000744229, 0.0289174, -0.000515018, 0.00229796, 0.0302229, 8.76456e-05, 0.00162334, 0.0317288, 0.000520992, -0.000756104, 0.0289294, -2.49478e-05, -0.000742605, 0.0270542, -6.33508e-05, 2.48511e-05, 0.03, 0, 0, 
0.0274499, -5.3184e-05, 4.91336e-05, 0.0252133, -2.45553e-05, -4.11948e-05, 0.0256649, -2.13122e-05, -0.000131457, 0.0292657, -1.00242e-05, -0.000209281, 0.0299786, 2.34701e-05, -0.00034418, 0.0273792, 3.4732e-05, -0.000457815, 0.025739, -2.22913e-05, -0.000254508, 0.0270243, -0.00012567, 6.53039e-05, 0.0264129, -0.000193681, 0.00057684, 0.0234958, -6.10647e-05, 0.000670664, 0.0282046, -5.99735e-06, 0.000352214, 0.0329892, -0.000154386, 0.00140912, 0.0285262, 0.000396936, -0.000670524, 0.0261622, 0.000534461, -0.00215407, 0.0274595, 0.000345069, -0.00218346, 0.0268305, -0.00015971, -0.000324434, 0.0252795, -0.000440229, 0.00165874, 0.0262142, -0.000359254, 0.00165128, 0.0295087, -0.000504026, 0.00236284, 0.0316396, 0.00028539, -0.000571966, 0.0290467, 0.000589124, -0.00329033, 0.0317457, -0.000127569, -0.00161131, 0.0324453, -0.000733694, 0.00264671, 0.0273182, 0.000121634, 0.00186381, 0.0265532, 0.000460426, -0.000540166, 0.0292942, 0.0002387, -0.00120743, 0.030332, -0.000214696, -5.25836e-05, 0.03, 0, 0, 
0.0262392, -5.77748e-05, 6.18322e-05, 0.0272707, -2.81374e-05, -1.4463e-05, 0.0274422, -3.36114e-05, -0.000107204, 0.0245916, 5.31732e-06, -0.000256054, 0.0246968, 5.09366e-05, -0.000346383, 0.0275291, -4.19466e-06, -0.00032301, 0.0284129, -5.24781e-05, -0.000234807, 0.0272606, -0.000115195, 0.000103164, 0.0295819, -0.000152554, 0.000235791, 0.030677, -0.000265564, 0.00099936, 0.0250442, -0.000106209, 0.00113792, 0.0223882, 0.000362961, -0.000671724, 0.0248084, 0.000256706, -0.000737474, 0.0280292, 0.000106738, -0.00032236, 0.0270155, 0.000142317, -0.000765633, 0.0278684, 0.000210289, -0.00111263, 0.0313245, -0.000267489, 8.95943e-05, 0.0301639, -0.000872488, 0.00384222, 0.026616, -0.000162913, 0.00167052, 0.0280389, 0.000376939, -0.00139659, 0.028409, 0.000627257, -0.00337627, 0.0267839, 8.00838e-05, -0.00156011, 0.0282235, -0.000438768, 0.000910092, 0.0314884, -0.000416635, 0.00282724, 0.0323988, 0.000500184, 0.000264476, 0.0303937, 0.000374588, -0.0016902, 0.0296719, -0.000329563, -0.000168823, 0.03, 0, 0, 
0.0255517, -5.75425e-05, 7.50219e-05, 0.0263358, -2.92654e-05, -7.2005e-06, 0.0263297, -2.90272e-05, -0.000116004, 0.0262703, 1.91662e-06, -0.000245166, 0.0264196, 5.19602e-05, -0.000362749, 0.0260265, 5.17779e-06, -0.000360401, 0.0283273, -5.60665e-05, -0.000294656, 0.0281056, -9.41346e-05, -3.57408e-05, 0.0248326, -0.000189958, 0.000683355, 0.0258684, -0.000121675, 0.000604695, 0.0269077, 3.60363e-07, 0.000387871, 0.0268844, 0.000135652, 0.000144359, 0.0268753, 0.000214502, -0.000253172, 0.0259884, 0.000159214, -0.000737508, 0.0267654, 0.000192675, -0.000968304, 0.0283388, 0.000239797, -0.00142269, 0.0276699, -0.000206086, 0.000314383, 0.0281904, -0.000629402, 0.00256955, 0.0281957, -0.000484526, 0.00249401, 0.0275093, 0.000120631, -0.000294344, 0.0285798, 0.000664491, -0.00301157, 0.028642, 0.00031165, -0.00282806, 0.0289333, -0.000553061, 0.00106158, 0.0295844, -0.000473414, 0.00314954, 0.0302191, 0.000422094, 0.000718597, 0.0305941, 0.000557485, -0.00183646, 0.0295095, -0.000297739, -0.000644196, 0.0296256, -0.000100192, 0.000119784, 0.03, 0, 0, 
0.0264952, -6.10893e-05, 0.000106468, 0.0254886, -3.55611e-05, 1.43542e-06, 0.0247479, -1.81063e-05, -0.000133368, 0.0282158, 1.55142e-06, -0.000228724, 0.0298881, 4.40711e-05, -0.000385501, 0.0258652, 3.71876e-05, -0.000513315, 0.0225691, -0.000104347, -5.28081e-05, 0.0247214, -0.000148815, 0.000341249, 0.0255066, -0.000131773, 0.000504205, 0.0248799, -3.70261e-05, 0.000233525, 0.0270927, 9.40506e-05, -0.000137968, 0.0290887, 1.45379e-05, 0.000516, 0.0289962, 0.000124435, 0.000332689, 0.0274225, 0.000357443, -0.00125371, 0.0271283, 0.000390236, -0.0019905, 0.0258776, -9.7267e-06, -0.000753385, 0.0234517, -0.000185333, 0.000833934, 0.0250446, -0.00023782, 0.000692003, 0.0290034, -0.00083037, 0.00303497, 0.0294945, -0.000203467, 0.00153001, 0.0291289, 0.000700688, -0.00283549, 0.0302275, 0.000485418, -0.00384496, 0.031047, -0.000703396, 0.0011503, 0.0276126, -0.000461233, 0.00359355, 0.0262593, 0.000354746, 0.000879008, 0.0290116, 0.000651957, -0.00159318, 0.0304622, -0.000126675, -0.00139659, 0.0276162, -0.000265353, 0.000278229, 0.03, 0, 0, 
0.0263004, -5.91866e-05, 0.00013001, 0.028097, -5.67076e-05, 4.13263e-05, 0.028722, -3.53453e-05, -6.21233e-05, 0.0236263, 3.4064e-05, -0.000302036, 0.0205155, 5.47935e-05, -0.000432829, 0.0260139, -1.56584e-05, -0.000282564, 0.027435, -7.72339e-05, -0.000184609, 0.0254133, -0.000138821, 0.000265907, 0.026942, -0.000125993, 0.000337727, 0.0276797, -0.000160915, 0.000489553, 0.0264889, -2.20411e-05, 0.000528466, 0.0243761, 0.000249574, -0.000271391, 0.0253167, 0.000142552, -0.000234335, 0.0270663, 0.000120815, -0.000251814, 0.0259229, 0.000141344, -0.000635433, 0.0261691, 0.000232151, -0.00105691, 0.0307306, -2.3466e-06, -0.000973477, 0.0281061, -0.000805052, 0.00320264, 0.0242962, -0.000411457, 0.00205336, 0.0268796, -6.46731e-05, 0.000714503, 0.0283692, 0.000675153, -0.00280205, 0.0263943, 0.000514092, -0.00318179, 0.0272849, -0.000201256, -0.000566686, 0.0307697, -0.000798898, 0.00318583, 0.0316457, 0.00017518, 0.00251255, 0.0272972, 0.000684167, -0.00175038, 0.0281481, 3.90776e-05, -0.00191741, 0.0306263, -0.000473932, 0.000254988, 0.0296332, -1.48396e-06, 6.67902e-06, 0.03, 0, 0, 
0.0272211, -6.42931e-05, 0.000164386, 0.0246386, -5.19004e-05, 1.56178e-05, 0.023579, 2.65193e-06, -0.000149767, 0.0267919, 2.61608e-05, -0.000259254, 0.027206, 2.00334e-05, -0.000378312, 0.0254341, -1.82127e-07, -0.000372898, 0.0254193, -7.93143e-05, -0.000142581, 0.0266911, -0.00011911, 7.05475e-05, 0.0269318, -0.000162971, 0.000368554, 0.0251256, -0.000151511, 0.000652655, 0.0252382, 2.53865e-05, 0.000356524, 0.0257303, 0.000151285, 0.000102649, 0.0246353, 0.000168971, -0.000350321, 0.0252765, 6.793e-05, -0.000147854, 0.0275786, 0.000293006, -0.00103571, 0.0266897, 0.000287994, -0.00147611, 0.0266007, -2.16126e-05, -0.000311997, 0.02786, -0.000647163, 0.00211742, 0.0276465, -0.00076552, 0.00360098, 0.0270611, 4.67345e-06, 0.000667388, 0.0251586, 0.000559453, -0.00268088, 0.0266853, 0.000643365, -0.00369799, 0.0282903, -0.000170733, -0.00115749, 0.0264125, -0.000663622, 0.00264232, 0.0288963, -0.00017254, 0.00320443, 0.0316376, 0.000751767, -0.000798839, 0.0297485, 0.000262239, -0.00253598, 0.0281362, -0.00051005, 5.97375e-06, 0.0298817, -0.000120044, 0.000409925, 0.03, 0, 0, 
0.0226403, -5.31562e-05, 0.000150737, 0.0234896, -5.02603e-05, 1.10498e-05, 0.0249939, 4.54819e-06, -0.000140335, 0.0268996, 2.86144e-05, -0.000264668, 0.0285399, 8.4423e-06, -0.000360834, 0.0265642, 5.18928e-06, -0.000439229, 0.0261221, -4.29684e-05, -0.000298746, 0.0254164, -0.000139993, 0.000114174, 0.0236685, -0.000204851, 0.000659733, 0.024164, -6.62548e-05, 0.000432282, 0.0253747, 5.65772e-05, 0.000110767, 0.0273974, 1.8796e-05, 0.000523886, 0.027784, 0.000139917, 0.000282506, 0.0256932, 0.000348239, -0.00108437, 0.0252014, 0.000293662, -0.00152377, 0.025753, 0.000204763, -0.00137629, 0.0238418, -0.000111043, 0.000361947, 0.0247165, -0.000317234, 0.0007372, 0.0264071, -0.000780195, 0.00275044, 0.0274661, -0.000449459, 0.00251572, 0.0286506, 0.000580326, -0.00196024, 0.0276041, 0.00073315, -0.00436804, 0.0287401, -0.000192407, -0.00148475, 0.0275134, -0.000802697, 0.00362172, 0.0253842, -9.61313e-05, 0.00299677, 0.027918, 0.000580893, -0.000202993, 0.0301434, 0.00058275, -0.00288836, 0.030984, -0.000490302, -0.000732516, 0.0316675, -0.000289707, 0.000889686, 0.03, 0, 0, 
0.02512, -7.69059e-05, 0.000210992, 0.0274353, -6.74778e-05, 8.99169e-05, 0.0273328, -1.6962e-05, -6.32952e-05, 0.0222575, 6.10775e-05, -0.000367976, 0.0223126, 2.75534e-05, -0.000429281, 0.0251327, -3.94356e-05, -0.000273323, 0.0262488, -6.02886e-05, -0.000117905, 0.0253548, -0.000143581, 0.000189713, 0.0261946, -0.000150858, 0.000245426, 0.0286597, -0.000182125, 0.000517156, 0.0259139, -0.000111779, 0.000943444, 0.0230125, 0.000231877, -0.000132261, 0.0249015, 0.00021514, -0.000283959, 0.0265787, 0.000296439, -0.000660337, 0.0240751, 0.00020477, -0.00109511, 0.0248384, 0.000217896, -0.00106204, 0.026787, 4.14257e-05, -0.000781442, 0.026627, -0.000615117, 0.00189718, 0.0236574, -0.000607236, 0.00245104, 0.0246985, -0.000380743, 0.00183121, 0.0286626, 0.000475434, -0.00121962, 0.0258987, 0.000697715, -0.00381678, 0.0257629, 0.000172117, -0.00228018, 0.0311808, -0.000851658, 0.00248132, 0.0306623, -0.000347388, 0.00486699, 0.028961, 0.000856729, -0.000859275, 0.02766, 0.00052196, -0.00345042, 0.0281365, -0.000447129, -0.00106276, 0.0273474, -0.00051128, 0.00119238, 0.0272695, 1.69076e-05, 0.000120584, 0.03, 0, 0, 
0.0283338, -0.00010832, 0.000293667, 0.0253281, -4.89579e-05, 7.30818e-05, 0.0236109, 9.67308e-06, -0.000152209, 0.0262662, 2.65455e-05, -0.000279072, 0.0260433, 3.40307e-05, -0.000445025, 0.0230984, -1.79519e-05, -0.000383535, 0.0229061, -9.64659e-05, 6.1602e-05, 0.0264918, -0.00012249, 1.76066e-05, 0.0267203, -0.000165723, 0.000188536, 0.0240194, -8.50466e-05, 0.000534633, 0.0256565, -2.97796e-05, 0.000482036, 0.0269401, -3.68716e-05, 0.000801096, 0.0238144, 0.000278872, -0.000505619, 0.023658, 0.000190054, -0.000598819, 0.0257428, 0.000327534, -0.00117201, 0.0254912, 0.000321082, -0.00150936, 0.0249398, -7.98602e-06, -0.000462145, 0.0258889, -0.000513126, 0.0013869, 0.0268543, -0.000945544, 0.00405271, 0.0254191, -0.000249405, 0.00171902, 0.0238117, 0.000407725, -0.00166812, 0.0270466, 0.000802924, -0.00435591, 0.0287684, 0.000158828, -0.00336405, 0.0271086, -0.000722265, 0.00306408, 0.026871, -0.000388566, 0.00404905, 0.0299329, 0.000562558, 0.000967341, 0.029216, 0.00073588, -0.00330999, 0.0277041, -0.000225233, -0.0020004, 0.0277211, -0.000742511, 0.00122915, 0.0309014, 5.7228e-05, 0.000673621, 0.03, 0, 0, 
0.0230176, -9.98042e-05, 0.000244424, 0.0234984, -2.53009e-05, 4.5196e-05, 0.0256141, -7.59294e-07, -0.000125693, 0.0266959, 1.25721e-05, -0.000263132, 0.0255198, 2.34019e-05, -0.000406272, 0.0274834, 1.73543e-05, -0.000510853, 0.0263601, -1.11361e-05, -0.000468832, 0.0228725, -0.000189455, 0.000263457, 0.022449, -0.000219523, 0.000663028, 0.0229834, -2.86542e-05, 0.000380941, 0.0241052, 9.22947e-05, -2.48193e-05, 0.0255647, 5.10082e-06, 0.000199274, 0.0262978, 4.42311e-05, 0.00047505, 0.0261587, 0.000253965, -0.000385932, 0.0253611, 0.00040874, -0.0015181, 0.024352, 0.000255648, -0.00133076, 0.0250331, -3.64204e-05, -0.000533206, 0.0238851, -0.000453898, 0.00134287, 0.024453, -0.000730405, 0.0027, 0.0274738, -0.000579025, 0.0033567, 0.0283341, 0.000615622, -0.00205736, 0.0253517, 0.000734238, -0.00504002, 0.025081, 4.57302e-05, -0.00222634, 0.0258765, -0.000533115, 0.00225967, 0.026406, -0.000541075, 0.00401489, 0.0269229, 0.000212766, 0.00207236, 0.0287712, 0.000845919, -0.00231238, 0.0323719, 0.00014189, -0.00359899, 0.0326933, -0.000952875, 0.00123733, 0.0310453, 6.92647e-05, 0.00128482, 0.03, 0, 0, 
0.0245316, -0.000119613, 0.000310264, 0.0257835, -4.07691e-05, 0.000116077, 0.0254818, -7.04111e-07, -0.000108023, 0.0237828, 3.02184e-05, -0.000345257, 0.023715, 2.32268e-05, -0.00041818, 0.025027, -1.19327e-05, -0.000321444, 0.0249693, -8.20686e-05, -0.000146229, 0.0244266, -0.000147449, 0.000136733, 0.0256074, -0.0001469, 0.000184884, 0.0263955, -0.000181458, 0.000575642, 0.0233676, -7.36128e-06, 0.000592594, 0.0214085, 0.000233023, -0.000519747, 0.0244335, 5.17414e-05, 0.000168766, 0.0254987, 0.000136085, 5.01047e-05, 0.0247134, 0.000296461, -0.000737585, 0.024295, 0.000324907, -0.00122446, 0.0263007, 0.000170396, -0.00155473, 0.0274141, -0.000693352, 0.00191003, 0.0233327, -0.000746432, 0.00332507, 0.0227345, -0.000258152, 0.00131263, 0.0253985, 0.000182898, -0.000308067, 0.0250229, 0.000617999, -0.00332513, 0.0256668, 0.000491756, -0.00358139, 0.0291193, -0.000442974, 0.000403964, 0.0286652, -0.000750684, 0.00530655, 0.0292226, 0.000433995, 0.00256165, 0.0299215, 0.00106936, -0.00388673, 0.028948, -4.67402e-05, -0.00366484, 0.0292973, -0.000940903, 0.00101285, 0.0278083, -0.000236829, 0.00205946, 0.0294599, 0.000173551, 0.000141349, 0.03, 0, 0, 
0.0266134, -0.000139699, 0.000394624, 0.0256406, -4.43299e-05, 0.000131682, 0.0232706, 1.8417e-05, -0.0001628, 0.0241517, 2.12954e-05, -0.000329573, 0.0252443, 2.4103e-05, -0.000411109, 0.0217268, -3.25445e-05, -0.000208027, 0.0231548, -0.000143506, 0.000129327, 0.0270055, -8.59976e-05, -0.0001806, 0.0247741, -0.000118903, 0.00019615, 0.0232481, -4.1628e-05, 0.000284217, 0.0263248, -0.000106493, 0.00053365, 0.0267032, -0.000107381, 0.00107683, 0.0231758, 0.0002499, -0.000358863, 0.0208734, 0.00017821, -0.000722519, 0.0245728, 0.000300642, -0.00056277, 0.0256894, 0.000508527, -0.00203796, 0.0223908, 3.24075e-06, -0.00038904, 0.0233227, -0.000188058, -2.50886e-05, 0.0261772, -0.000825768, 0.00269389, 0.0247798, -0.000603734, 0.00290963, 0.024873, 2.23493e-05, 0.000380769, 0.0259045, 0.000698105, -0.00364575, 0.0270639, 0.000549171, -0.00452675, 0.0288965, -0.000552, 0.000928325, 0.0273951, -0.000664148, 0.00562142, 0.029256, 0.000395879, 0.00313319, 0.0297971, 0.00112835, -0.00388408, 0.0258544, 7.8326e-06, -0.00364663, 0.0282606, -0.000739771, -0.000351336, 0.0291975, -0.000701714, 0.00289423, 0.0274009, 0.000378961, 0.000395642, 0.03, 0, 0, 
0.0217793, -0.000102809, 0.000312395, 0.0232862, -3.34439e-05, 7.81313e-05, 0.0252837, 2.97686e-06, -0.000108539, 0.0244461, 1.27421e-05, -0.000308137, 0.0246181, 8.22522e-06, -0.000336565, 0.0259009, -4.06972e-06, -0.000325137, 0.0246096, -9.10645e-05, -0.00018932, 0.0220014, -0.000185859, 0.000366976, 0.0234736, -8.37368e-05, 0.000234043, 0.0253226, -5.47686e-05, 6.97992e-05, 0.0237392, 1.94581e-05, 9.58417e-05, 0.0234802, 6.36898e-05, 1.83393e-05, 0.0261607, -5.72495e-05, 0.00079379, 0.0272698, 0.000385463, -0.000384088, 0.0220726, 0.000343212, -0.00124454, 0.020884, 8.23915e-05, -0.000313892, 0.0232555, 0.00017869, -0.00111847, 0.024098, -0.00018628, -0.000244648, 0.0237724, -0.000592629, 0.00159776, 0.0251713, -0.000779695, 0.00354799, 0.0282024, -4.69346e-06, 0.00102307, 0.0268573, 0.000897894, -0.00535888, 0.0247638, 0.000291016, -0.00353233, 0.0261129, -0.000444131, 0.00108452, 0.0258359, -0.000519489, 0.00459306, 0.0251503, -3.82576e-05, 0.00307121, 0.0280884, 0.000667856, -0.000408282, 0.030141, 0.000719577, -0.00470939, 0.0302122, -0.000586307, -0.00195121, 0.0310215, -0.00104827, 0.00345697, 0.0311666, 0.00047301, 0.00101467, 0.03, 0, 0, 
0.024328, -0.000124467, 0.000420454, 0.0231503, -4.10634e-05, 9.75856e-05, 0.0237334, 1.26839e-05, -0.000145062, 0.0239095, 1.96776e-05, -0.000319381, 0.0229905, 1.78774e-06, -0.00030403, 0.024735, -5.0175e-05, -0.000159449, 0.0253714, -8.84422e-05, -0.000149182, 0.0241281, -0.000129192, 6.04129e-05, 0.0243267, -9.21534e-05, 0.000129874, 0.0237106, -5.95753e-05, 0.000207257, 0.0233396, 1.02953e-05, 0.000104802, 0.0235782, 2.95024e-05, 0.000164555, 0.0219019, 3.50499e-05, -0.00015236, 0.0232399, -3.90018e-05, 0.000702605, 0.0252013, 0.000316215, -0.000111099, 0.0257234, 0.000607258, -0.00219526, 0.0262158, 0.000212582, -0.00187297, 0.0250531, -0.000638885, 0.00168933, 0.0228962, -0.000809887, 0.00348594, 0.0229614, -0.00043692, 0.00241824, 0.022937, 6.73899e-05, -0.000416642, 0.0234184, 0.000455312, -0.0024689, 0.0244771, 0.000571461, -0.00331984, 0.0262253, 0.000161326, -0.00242267, 0.0278355, -0.000618112, 0.00340205, 0.0270032, -0.000331449, 0.00488874, 0.0285539, 0.000726128, 2.90267e-05, 0.0301753, 0.000872677, -0.00545275, 0.0292616, -0.000588944, -0.0024374, 0.0290441, -0.00110999, 0.00310356, 0.0291627, 0.000222983, 0.00222821, 0.0300118, 0.000214819, -0.000264655, 0.03, 0, 0, 
0.0256339, -0.000137551, 0.000503945, 0.0236741, -5.29326e-05, 0.000135357, 0.0224053, 1.79689e-05, -0.000184799, 0.0241195, 2.56307e-05, -0.000299018, 0.0241933, 1.17724e-05, -0.000325161, 0.0219924, -7.61753e-05, -0.000111653, 0.0223941, -0.000149582, 0.000199912, 0.02555, -7.60943e-05, -0.000110598, 0.0249722, -5.98453e-05, -5.64154e-05, 0.0223898, 1.09217e-05, 3.4154e-05, 0.0230809, 5.49078e-05, -0.00021961, 0.0247218, -8.15952e-05, 0.000407964, 0.0235018, -2.47139e-05, 0.000353977, 0.0231055, 6.04766e-05, 0.000419718, 0.0253659, 0.000458048, -0.000732555, 0.0241738, 0.000494304, -0.0018619, 0.0225717, 5.10563e-05, -0.000725419, 0.0242956, -0.000315953, 0.000281943, 0.0249713, -0.000836601, 0.00312425, 0.0230583, -0.00054246, 0.00264504, 0.0225351, -6.88808e-05, 0.000106151, 0.0240228, 0.000445111, -0.00224189, 0.0249253, 0.000626417, -0.00410304, 0.0256204, 0.000159352, -0.00235725, 0.0266572, -0.000561315, 0.00336348, 0.0283515, -0.000404838, 0.00614427, 0.0290467, 0.00087663, -0.00011152, 0.0258738, 0.000669702, -0.00489143, 0.0274462, -0.000292416, -0.00339541, 0.0301778, -0.00115824, 0.00185734, 0.0294614, -0.000164825, 0.00362848, 0.0290609, 0.000487202, -0.000350203, 0.03, 0, 0, 
0.0210387, -8.71964e-05, 0.000371041, 0.0241104, -6.53611e-05, 0.000170475, 0.0250829, -1.63459e-05, -7.3526e-05, 0.0224565, 4.38211e-05, -0.000336288, 0.0230866, 5.6671e-07, -0.000288164, 0.0247729, -5.09393e-05, -0.000234963, 0.0233317, -0.000105709, -4.57337e-05, 0.0207059, -0.000161097, 0.000459549, 0.0211654, -1.11958e-05, 0.000163097, 0.0256141, 5.67247e-05, -0.000538746, 0.025507, -7.25907e-05, 2.03889e-05, 0.023274, -3.5899e-05, 0.000154373, 0.025948, -9.93569e-05, 0.00107189, 0.0250159, 0.000291495, -7.10366e-05, 0.0212539, 0.00034542, -0.000942638, 0.0211123, 0.000193869, -0.000489447, 0.0226901, 0.000228375, -0.00123031, 0.0230224, -5.83293e-05, -0.00071336, 0.0221034, -0.000320403, 0.000333204, 0.023807, -0.000844582, 0.00296706, 0.0281663, -0.000480421, 0.00315463, 0.0269786, 0.000776454, -0.00433075, 0.0237429, 0.000440983, -0.00455437, 0.0260408, -0.000187655, -0.000965094, 0.0242898, -0.000533182, 0.00487376, 0.0226435, -0.000147981, 0.00385133, 0.026282, 0.000339493, 0.0021166, 0.0291162, 0.00104211, -0.00428251, 0.0294885, -8.71045e-05, -0.00499817, 0.0284318, -0.00105051, 0.00127156, 0.0288938, -0.000570156, 0.00446472, 0.0305582, 0.000705693, 0.000214294, 0.0275081, 3.50844e-05, -0.000159373, 0.03, 0, 0, 
0.0234272, -0.000114011, 0.000491727, 0.0233612, -6.24157e-05, 0.000165368, 0.0227363, -1.91811e-06, -0.000149952, 0.0235287, 3.38785e-05, -0.000265288, 0.0230724, -6.67303e-06, -0.000265905, 0.0216452, -0.000105205, -3.02233e-05, 0.0231413, -0.000118289, 0.000111339, 0.0254004, -5.12099e-05, -0.000192662, 0.0245157, -6.98469e-05, -9.89554e-05, 0.0227869, -2.32911e-05, 3.49586e-05, 0.0230496, -1.77885e-05, 5.86409e-05, 0.0229397, -4.58726e-05, 0.000173688, 0.0223023, 3.94204e-06, 0.000309728, 0.0218598, 5.59159e-06, 0.000535734, 0.0237006, 0.000250506, 9.20229e-05, 0.0242826, 0.00053295, -0.00146398, 0.0230239, 0.000266878, -0.00146877, 0.0232868, -0.000134567, -0.00041917, 0.0248999, -0.000771083, 0.00254052, 0.0231252, -0.000713427, 0.00308539, 0.0225633, -0.000173912, 0.000588826, 0.0236876, 0.000296289, -0.00164202, 0.0235871, 0.000598212, -0.00373708, 0.024945, 0.000392566, -0.00329059, 0.0277349, -0.000620605, 0.00288198, 0.0256595, -0.000319485, 0.00600306, 0.0270735, 0.000618595, 0.00186848, 0.0257667, 0.000815816, -0.00459411, 0.0262594, 3.08793e-05, -0.00495387, 0.0288808, -0.000906057, -0.000249263, 0.0282767, -0.00092661, 0.00460744, 0.0288821, 0.000550151, 0.00168472, 0.0315389, 0.000379678, -0.00099103, 0.03, 0, 0, 
0.0245826, -0.000130852, 0.000579451, 0.0224356, -5.57348e-05, 0.000142458, 0.0210783, 1.06329e-05, -0.000199624, 0.0230098, 1.91549e-05, -0.000222768, 0.0238355, -2.28934e-05, -0.000193843, 0.024213, -6.92586e-05, -0.000159994, 0.0239029, -8.26172e-05, -0.000109752, 0.0235115, -8.57488e-05, -3.16119e-05, 0.0239907, -8.30518e-05, -6.72506e-05, 0.0220039, -3.03153e-05, 9.65209e-05, 0.0218352, 3.1045e-05, -0.000128009, 0.0227492, -5.65485e-05, 9.53341e-05, 0.0213788, -1.54457e-05, 0.000255523, 0.0226249, -3.21509e-05, 0.000838449, 0.0243528, 0.000296697, 4.11032e-05, 0.0237382, 0.000512105, -0.00136289, 0.0240301, 0.000350095, -0.00193056, 0.0244788, -0.000270234, 5.70392e-05, 0.0231191, -0.000778852, 0.00285715, 0.0214783, -0.000543754, 0.00214922, 0.0212506, -0.000270119, 0.000700871, 0.024028, 0.000138018, -0.000640384, 0.0238114, 0.000704197, -0.00426341, 0.022841, 0.000482846, -0.0029774, 0.0258713, -0.000317837, 0.000761197, 0.0258322, -0.000509846, 0.00546447, 0.0269839, 0.000267515, 0.00414314, 0.0278422, 0.00095738, -0.00384835, 0.0258079, 0.000188919, -0.00556011, 0.0287574, -0.000881301, -0.00119564, 0.0294467, -0.00116362, 0.00496554, 0.0279307, 0.000438056, 0.00273663, 0.0302566, 0.000726964, -0.00159342, 0.03, 0, 0, 
0.0195007, -6.91823e-05, 0.000359421, 0.0220249, -5.51083e-05, 0.000142592, 0.02567, -4.31099e-05, 4.52377e-05, 0.0238997, 1.87918e-05, -0.000216659, 0.0220045, -8.43934e-06, -0.000275041, 0.0239722, -5.02757e-05, -0.000229367, 0.0235318, -7.65032e-05, -0.000167737, 0.020522, -0.00012979, 0.000309105, 0.0214833, -2.33165e-05, 1.37321e-05, 0.0234846, 1.55523e-05, -0.000323201, 0.0231113, -1.85597e-05, -0.000207869, 0.0232082, -0.000105591, 0.000262945, 0.0241499, -0.000107306, 0.000987727, 0.0248662, 0.000233503, 0.000296398, 0.0220344, 0.000423676, -0.00093986, 0.0208557, 0.000271588, -0.000763933, 0.0220754, 0.000235249, -0.00116014, 0.0217727, -3.9577e-05, -0.000479234, 0.0213644, -0.000311975, 0.000183966, 0.0244479, -0.00091375, 0.00325228, 0.0261765, -0.000583984, 0.00314022, 0.0234479, 0.000342162, -0.00241944, 0.0217079, 0.000586655, -0.00409985, 0.0237577, 0.000345226, -0.00314809, 0.0248233, -0.000347852, 0.00179979, 0.0222477, -0.000254999, 0.00409091, 0.0229823, -0.000149534, 0.00426339, 0.0297028, 0.000953484, -0.00108932, 0.0284391, 0.000620491, -0.00708392, 0.0283046, -0.000901719, -0.00186568, 0.0296709, -0.00122205, 0.00463721, 0.0299516, 0.000181441, 0.00424748, 0.0277536, 0.00104255, -0.00188936, 0.0263742, -1.85046e-05, -0.000416609, 0.03, 0, 0, 
0.0268064, -0.00017082, 0.000761744, 0.0243285, -8.47361e-05, 0.000284434, 0.0210868, 1.80807e-05, -0.000167032, 0.0215979, 2.20966e-05, -0.00028211, 0.0233782, -5.87866e-06, -0.000265164, 0.0207832, -8.43881e-05, -7.53449e-05, 0.0208247, -0.0001373, 0.000234036, 0.0240059, -3.63412e-05, -0.000166254, 0.0234305, -1.50568e-05, -0.000234492, 0.0229697, -2.53471e-05, -0.000179978, 0.023663, -0.000108266, 8.99088e-05, 0.0237415, -0.000159006, 0.000701588, 0.0226005, 1.26198e-05, 0.000549422, 0.02116, 0.000208973, -8.26509e-05, 0.0220442, 0.000287682, -0.000246751, 0.0229175, 0.000473508, -0.00132577, 0.0213825, 0.000229137, -0.000951922, 0.0230888, -3.19787e-05, -0.000652093, 0.0241284, -0.000731322, 0.00211767, 0.0208524, -0.000550376, 0.00177114, 0.0209703, -0.000484241, 0.00146505, 0.0245613, 1.58923e-05, -2.22136e-05, 0.0237496, 0.000764279, -0.00473175, 0.0233719, 0.000388143, -0.00348515, 0.0242684, -0.000215557, 0.00105526, 0.0258685, -0.000502702, 0.00684753, 0.0253595, 0.0003903, 0.00461017, 0.0239488, 0.000693998, -0.00326312, 0.0247392, 0.000468372, -0.00575072, 0.0279698, -0.000615691, -0.00373953, 0.02807, -0.00109849, 0.00291062, 0.0284773, -0.000471931, 0.00538292, 0.031262, 0.00127093, -0.000298161, 0.0326921, 0.000203464, -0.00176319, 0.03, 0, 0, 
0.0215315, -0.000103805, 0.000482005, 0.0227404, -6.20226e-05, 0.000226226, 0.0235554, -2.59192e-05, 1.67431e-05, 0.0224844, -7.43047e-06, -0.000197856, 0.0219461, -2.34517e-05, -0.000216032, 0.0219346, -6.94064e-05, -7.42228e-05, 0.0231286, -7.67186e-05, -7.54406e-05, 0.0239061, -4.53545e-05, -0.000247879, 0.0226667, -5.43266e-05, -9.20816e-05, 0.0229138, -8.82093e-05, -3.69909e-06, 0.0223818, -0.000104099, 0.000179243, 0.0209497, 5.76487e-07, 0.0001084, 0.0215277, -1.17992e-05, 0.000336298, 0.0220936, 7.34397e-05, 0.000534992, 0.0231916, 0.000309812, -8.93961e-05, 0.0235239, 0.000562425, -0.00162545, 0.0223669, 0.000306947, -0.00136602, 0.0221671, -0.000153681, -6.23033e-06, 0.0224442, -0.000613325, 0.00170209, 0.0218687, -0.000713752, 0.0025139, 0.0221437, -0.00050795, 0.001801, 0.0226881, 7.54208e-05, -0.000864703, 0.0212406, 0.000571804, -0.003179, 0.0231548, 0.000536466, -0.00422148, 0.0259779, -0.000197724, 0.000131801, 0.0227167, -0.000278921, 0.00516093, 0.0237201, 6.15768e-05, 0.00479477, 0.0272994, 0.000913734, -0.0011151, 0.0250826, 0.000469636, -0.00622274, 0.0261868, -0.000572769, -0.00426813, 0.028657, -0.00124366, 0.00262822, 0.0291836, -0.000615275, 0.00626981, 0.0297341, 0.00124918, 0.000622438, 0.0296665, 0.000551952, -0.00292403, 0.03, 0, 0, 
0.0199862, -8.50641e-05, 0.000394837, 0.0209925, -3.64813e-05, 0.000160864, 0.0224808, -3.10516e-05, 2.25853e-05, 0.023066, -4.64121e-05, -8.13955e-05, 0.0236052, -4.06309e-05, -0.000123452, 0.0257293, 2.03879e-06, -0.000321038, 0.0237873, -3.69077e-05, -0.000358813, 0.0203548, -0.000116051, 0.000118109, 0.0210983, -5.92633e-05, 4.76554e-05, 0.0217574, -4.32891e-05, -0.000136933, 0.0213553, -3.01822e-05, -0.000156935, 0.0220565, -7.49691e-05, 0.000228748, 0.0235666, -0.000114509, 0.000883337, 0.0237158, 0.000173923, 0.000461398, 0.0214217, 0.000358698, -0.000564906, 0.0202273, 0.000227993, -0.000408881, 0.0227657, 0.000450875, -0.00164697, 0.0228491, -2.57235e-05, -0.000556569, 0.0212573, -0.000443242, 0.000917662, 0.0225172, -0.000832781, 0.00275371, 0.0229304, -0.000643889, 0.00251029, 0.0230679, 0.000145328, -0.00134922, 0.0214114, 0.000588136, -0.00400909, 0.020942, 0.000414097, -0.00292735, 0.0229544, 0.000124899, -0.000813859, 0.0220029, -0.000268134, 0.00342786, 0.022969, -0.000280064, 0.00511192, 0.028152, 0.000822099, 0.00203973, 0.0271856, 0.000696492, -0.00670636, 0.0268343, -0.000569785, -0.00546097, 0.0294358, -0.00147443, 0.00284273, 0.0274886, -0.000495945, 0.00627843, 0.0275755, 0.000990936, 0.00198999, 0.0265546, 0.000954866, -0.00336752, 0.0288565, -2.18338e-06, -0.000895037, 0.03, 0, 0, 
0.0245137, -0.000156855, 0.000696927, 0.0225467, -5.83938e-05, 0.000285404, 0.0211048, -1.0313e-05, -5.50749e-05, 0.0231224, -2.96554e-05, -0.000120486, 0.0221805, -2.50363e-05, -0.000214433, 0.0204695, -7.27801e-05, -3.96705e-05, 0.0212519, -8.60483e-05, 7.70516e-05, 0.0234762, -1.65214e-05, -0.000274237, 0.0239497, -3.23172e-05, -0.000362973, 0.0214566, -6.18871e-05, -0.000105564, 0.0224522, -0.00012952, 0.000163127, 0.0232981, -0.000181692, 0.000777872, 0.0203424, 9.578e-05, 5.59082e-05, 0.0202477, 9.26003e-05, 0.000242315, 0.0233465, 0.000327898, -8.48402e-05, 0.0225458, 0.000502834, -0.00125895, 0.020963, 0.000272185, -0.000849121, 0.0214811, 3.76865e-05, -0.000582881, 0.0231986, -0.00048876, 0.000943672, 0.0213861, -0.00078216, 0.00235008, 0.0198704, -0.000566424, 0.00136762, 0.0220088, -0.000201678, 0.000841422, 0.0237894, 0.000597842, -0.00365135, 0.0211538, 0.000554188, -0.00369874, 0.0230137, 0.000187312, -0.00144856, 0.0252978, -0.000532811, 0.00602536, 0.0229947, 0.000178379, 0.00533263, 0.0231234, 0.000645213, -0.000150996, 0.0246282, 0.000434498, -0.00468119, 0.0253027, -6.26357e-05, -0.00621909, 0.0278925, -0.0012106, -0.00028108, 0.0267801, -0.000696968, 0.00487427, 0.0298917, 0.000248348, 0.00528817, 0.0310705, 0.00149555, -0.0032468, 0.0297267, -2.42162e-05, -0.00203951, 0.03, 0, 0, 
0.0226603, -0.000123521, 0.000577685, 0.0237185, -8.20135e-05, 0.000397293, 0.0232805, -4.22438e-05, 9.44948e-05, 0.0207808, -6.62287e-06, -0.0002195, 0.020059, -4.38057e-05, -0.000179362, 0.0211471, -6.92006e-05, -2.15583e-05, 0.0222674, -4.76946e-05, -7.22631e-05, 0.0219241, -3.33091e-05, -0.000115213, 0.0220758, -1.19949e-05, -0.000292322, 0.0234601, -7.60261e-05, -0.000320466, 0.0226659, -0.000148632, 0.000197409, 0.0211382, -5.82157e-05, 0.000228778, 0.0221622, -2.94975e-05, 0.000599444, 0.0222202, 0.000135512, 0.000365979, 0.0207397, 0.000261401, -0.000188659, 0.0215035, 0.000403147, -0.000738976, 0.0218403, 0.000400591, -0.0012747, 0.0217029, 7.95374e-05, -0.000700361, 0.0210204, -0.000301524, 0.000200758, 0.020725, -0.000721858, 0.00151454, 0.0224123, -0.000883796, 0.00320723, 0.0225897, -0.000141253, 0.000314904, 0.0209512, 0.000390079, -0.00245992, 0.0222095, 0.00068464, -0.00490586, 0.0240025, 8.51558e-05, -0.00132937, 0.0213183, -0.000190848, 0.0044207, 0.0218803, 4.92512e-05, 0.00460685, 0.0253445, 0.000651274, 0.00269598, 0.0244868, 0.000471407, -0.00475732, 0.0224335, -6.47957e-05, -0.00538322, 0.027312, -0.00106539, -0.0024989, 0.0293322, -0.00104035, 0.00538695, 0.0286749, 8.18354e-05, 0.00606533, 0.0310704, 0.00164591, -0.00229751, 0.0308847, 0.000262825, -0.00381038, 0.0297113, -3.20625e-05, -1.10613e-05, 0.03, 0, 0, 
0.0200746, -7.31525e-05, 0.000402185, 0.0210557, -5.14736e-05, 0.000251749, 0.0219571, -5.54727e-05, 0.000112091, 0.0222725, -5.70154e-05, -3.71739e-06, 0.0241258, -4.70055e-05, -8.64223e-05, 0.0233382, -1.46319e-05, -0.000252348, 0.0215004, -3.78803e-05, -0.000177842, 0.0205711, -6.25077e-05, -1.57489e-05, 0.0201224, -3.7168e-05, -0.000101665, 0.021605, -2.3206e-05, -0.00035412, 0.0216579, -5.45485e-05, -0.000192752, 0.0216736, -8.24746e-05, 9.59918e-05, 0.0233131, -0.000144127, 0.000969198, 0.0229517, 9.6859e-05, 0.000568434, 0.0209279, 0.000291773, -0.000259219, 0.020997, 0.000386908, -0.000622883, 0.0208244, 0.000326524, -0.000829233, 0.0215426, 0.000199991, -0.00107326, 0.0223295, -0.000361249, 0.000357863, 0.0211914, -0.000857655, 0.00226967, 0.0215678, -0.000778996, 0.00254926, 0.0225639, -0.000128783, -6.22984e-05, 0.0206047, 0.000398408, -0.00298437, 0.0199817, 0.000594792, -0.00337791, 0.0208002, 0.000394884, -0.00205887, 0.0226574, -0.000184391, 0.00237916, 0.0223054, -6.85121e-05, 0.00519233, 0.0238091, 0.000329906, 0.00416154, 0.0265253, 0.000834327, -0.00444673, 0.0255862, -0.000213892, -0.00795042, 0.0282344, -0.00153486, -0.00156284, 0.0274229, -0.000923645, 0.00703704, 0.025473, 0.000335426, 0.00534759, 0.0279951, 0.00136651, -0.000558092, 0.0282767, 0.000884575, -0.00514871, 0.0285002, -0.000310522, -0.000512592, 0.03, 0, 0, 
0.0221192, -0.000101185, 0.000567967, 0.0209, -5.7251e-05, 0.000266045, 0.0211122, -4.78603e-05, 8.89287e-05, 0.0223935, -5.90744e-05, 2.25997e-05, 0.0220083, -6.09837e-05, -5.64846e-05, 0.020883, -6.94152e-05, -9.56634e-06, 0.0219979, -2.20121e-05, -9.93609e-05, 0.0238248, 1.46836e-05, -0.000467574, 0.0222582, -6.36734e-05, -0.000307715, 0.0199372, -5.67994e-05, -7.96279e-05, 0.0209514, -5.91656e-05, -0.000113158, 0.0221304, -0.000127855, 0.000318722, 0.0197216, 2.64653e-05, 9.53323e-05, 0.020008, -6.49109e-05, 0.000651043, 0.0236334, 0.000185825, 0.00062591, 0.0235749, 0.000639132, -0.00123886, 0.0216168, 0.000421574, -0.00126329, 0.0212791, 0.00010335, -0.000630527, 0.0219744, -0.000473404, 0.000979858, 0.0209005, -0.00090061, 0.00259652, 0.0188242, -0.000550889, 0.000895374, 0.0202209, -0.000404044, 0.00115376, 0.0226401, 0.000365137, -0.00235011, 0.0204576, 0.00068126, -0.00397231, 0.0216979, 0.000360043, -0.00250309, 0.0242868, -0.000280594, 0.00395163, 0.0216871, 0.000248513, 0.00600027, 0.0225461, 0.000530465, 0.002512, 0.0246997, 0.000719688, -0.00487441, 0.0238051, -0.00040536, -0.00688327, 0.0242511, -0.000925362, -0.00276451, 0.0271265, -0.00115973, 0.00440008, 0.0278755, -0.000128313, 0.00685417, 0.0286003, 0.0011698, 0.00169033, 0.0277562, 0.00134753, -0.00588508, 0.0302112, -0.00046942, -0.00165328, 0.03, 0, 0, 
0.02283, -0.000105842, 0.000634932, 0.0222405, -8.70783e-05, 0.000386847, 0.0216436, -5.14793e-05, 0.00013589, 0.0201213, -3.91972e-05, -7.72555e-05, 0.0195958, -7.79809e-05, -1.37159e-05, 0.0223211, -5.40644e-05, -3.27717e-05, 0.022009, -1.15168e-05, -0.000126244, 0.0202338, -2.50203e-05, -6.1478e-05, 0.0224862, -1.06856e-06, -0.000505598, 0.0235335, -0.000100522, -0.00033523, 0.0212486, -0.000102896, 1.50831e-05, 0.020323, -2.79796e-05, 2.29839e-05, 0.0215491, -8.43021e-05, 0.00058083, 0.0225627, 4.91615e-05, 0.000658435, 0.0207041, 0.000240792, 2.37366e-05, 0.0195638, 0.000218968, 0.00019829, 0.022304, 0.000594346, -0.00156763, 0.0223461, 0.000302804, -0.00143761, 0.0196178, -0.000262433, 1.28935e-05, 0.0209224, -0.000759301, 0.00149717, 0.0218235, -0.000969193, 0.00314443, 0.0221016, -0.000384281, 0.000737094, 0.0202861, 0.000363308, -0.00273003, 0.0202065, 0.00062562, -0.00401822, 0.0228248, 0.000241734, -0.00245861, 0.0213546, 7.16679e-06, 0.00375747, 0.0201051, 0.000219309, 0.00489595, 0.0225111, 0.000431542, 0.00389963, 0.0229769, 0.000530777, -0.00280521, 0.0223267, -0.000232534, -0.00513904, 0.0246392, -0.000556481, -0.0061445, 0.0274903, -0.0014044, 0.00279649, 0.026624, -0.000306975, 0.00687349, 0.0292797, 0.000942057, 0.00389151, 0.0308917, 0.00170766, -0.00566248, 0.0305158, -0.000385285, -0.0033287, 0.0265581, -0.000139009, 0.000322053, 0.03, 0, 0, 
0.0196411, -4.36514e-05, 0.000396788, 0.0206829, -7.09735e-05, 0.000298575, 0.0219772, -8.05557e-05, 0.00024328, 0.0228382, -7.34996e-05, 0.000123764, 0.0218948, -5.20503e-05, -6.04054e-05, 0.0205206, -5.21556e-05, -6.78262e-05, 0.0204961, -3.25257e-05, -4.06493e-05, 0.0207826, -9.70856e-06, -0.000188452, 0.020528, -6.38834e-06, -0.000314502, 0.0209619, 3.9758e-06, -0.000485272, 0.0228747, -0.000108546, -0.000244024, 0.0234003, -0.000231427, 0.000642064, 0.022392, -0.000107949, 0.000795717, 0.0207273, 0.000147996, 0.000163871, 0.020661, 0.000283157, -0.0001065, 0.0207498, 0.000395131, -0.000453803, 0.0191624, 0.000292786, -0.000250338, 0.0195425, 0.000345989, -0.00131669, 0.0228656, -0.000165214, -0.000655256, 0.0217059, -0.000846529, 0.0019764, 0.0204908, -0.000893034, 0.00240591, 0.0213792, -0.000505911, 0.00110255, 0.0213247, 0.000368461, -0.00291673, 0.0193228, 0.000544373, -0.00335979, 0.0194368, 0.000466806, -0.0018652, 0.0211157, 0.000271511, 0.000495802, 0.0203403, -8.0466e-05, 0.00440618, 0.0213359, 0.000140287, 0.005257, 0.0257204, 0.00085544, -0.000821881, 0.0233104, -0.000168196, -0.00670971, 0.0243993, -0.000875262, -0.00622886, 0.0269796, -0.00149684, 0.00321798, 0.0255767, -0.000214934, 0.00732984, 0.0271244, 0.000916114, 0.00415193, 0.0276387, 0.00148972, -0.00344764, 0.0294382, 0.000396708, -0.00591187, 0.0325658, -0.000662503, 0.000310081, 0.03, 0, 0, 
0.0222455, -8.76333e-05, 0.000621624, 0.0217362, -8.81506e-05, 0.000400922, 0.0195333, -5.10364e-05, 8.86135e-05, 0.0201544, -7.44444e-05, 8.27386e-05, 0.0222035, -7.22516e-05, 6.30766e-05, 0.0212338, -4.60547e-05, -2.79545e-05, 0.021261, -1.5012e-05, -0.000131732, 0.0225453, 2.02615e-05, -0.000458281, 0.0214836, -4.54434e-05, -0.000334848, 0.0205445, -7.32007e-05, -0.000211898, 0.020865, -7.35178e-05, -0.000147376, 0.0203764, -4.66203e-05, 1.02312e-05, 0.0208276, -9.23991e-05, 0.000380088, 0.0210761, -4.72518e-05, 0.000759743, 0.0219489, 0.000175416, 0.000546755, 0.0228916, 0.000589612, -0.00091478, 0.021297, 0.00056634, -0.00140089, 0.0206672, 0.000168206, -0.000686181, 0.020883, -0.000395432, 0.000686101, 0.0188411, -0.000641423, 0.000974452, 0.0189082, -0.000826763, 0.00157065, 0.0195318, -0.000708454, 0.00204202, 0.0209186, 7.26941e-05, -0.000332915, 0.02024, 0.000630607, -0.00333213, 0.0202415, 0.000690493, -0.00378006, 0.0240961, 0.00011142, 0.000798547, 0.0204237, 9.46629e-05, 0.00626953, 0.0201416, 0.000501541, 0.00342336, 0.0247251, 0.000749104, -0.00144206, 0.022073, -0.000246418, -0.00697025, 0.0218413, -0.000910062, -0.00511166, 0.0263637, -0.00143798, 0.000869232, 0.0257751, -0.000524604, 0.00737742, 0.0276703, 0.00089982, 0.00563987, 0.030179, 0.00160182, -0.00263349, 0.0265225, 0.000665429, -0.00675866, 0.0290161, -0.000963884, -0.000441619, 0.03, 0, 0, 
0.0191848, -3.32184e-05, 0.000374715, 0.020983, -7.82724e-05, 0.000374519, 0.0224733, -0.00010549, 0.000347242, 0.0207937, -7.38076e-05, 0.000109386, 0.0198855, -7.0929e-05, 3.92964e-05, 0.0215932, -3.4914e-05, -3.9549e-05, 0.0221239, 7.63351e-06, -0.000283863, 0.0209317, -8.14356e-06, -0.000302256, 0.0212775, -3.54976e-05, -0.000344599, 0.0219173, -0.000106625, -0.000269903, 0.0202859, -7.89317e-05, -6.12346e-05, 0.0192661, 6.30335e-06, -0.000180697, 0.0208404, -0.000109736, 0.000394383, 0.0223934, -5.67604e-05, 0.000938584, 0.0211901, 0.000210295, 0.000356227, 0.0202982, 0.000338203, -1.74546e-05, 0.021714, 0.000671183, -0.00155708, 0.021554, 0.000313938, -0.00120616, 0.0192387, -0.000244565, 4.90901e-05, 0.0201037, -0.000683805, 0.00107675, 0.0207083, -0.00107471, 0.0028325, 0.0200558, -0.000640658, 0.00122994, 0.0196553, 0.000107726, -0.00121495, 0.0203137, 0.000608306, -0.0040445, 0.0208461, 0.000578293, -0.00330204, 0.0206827, 0.000315329, 0.00140042, 0.0199243, 0.000141083, 0.00550188, 0.0209167, 0.000607474, 0.00453328, 0.022037, 0.000375331, -0.0004658, 0.0214035, 1.86031e-05, -0.00590907, 0.0223206, -0.000931334, -0.00627013, 0.0275504, -0.00171107, -0.000824629, 0.0248878, -0.000497554, 0.00752878, 0.024371, 0.000818378, 0.00524827, 0.0298329, 0.00143855, 7.45846e-05, 0.0292168, 0.0012288, -0.00767266, 0.0283195, -0.000956596, -0.00205962, 0.0288163, -0.000314517, 0.000865914, 0.03, 0, 0, 
0.0220968, -8.42797e-05, 0.000631678, 0.0202845, -6.4971e-05, 0.000338029, 0.0202187, -8.60336e-05, 0.00022654, 0.0220593, -9.43803e-05, 0.000226004, 0.0219737, -4.80078e-05, 1.68634e-05, 0.0210657, -1.60295e-05, -0.000142499, 0.0201157, -2.13798e-05, -0.000188963, 0.0199044, -2.53919e-05, -0.000193269, 0.0203137, -1.84655e-05, -0.000304121, 0.0203329, -1.56936e-05, -0.000433989, 0.0220354, -0.000111969, -0.000190465, 0.0239426, -0.000317013, 0.000812246, 0.020917, -5.10697e-05, 0.000475244, 0.0189806, 0.000125203, 4.61379e-05, 0.0204522, 0.000192121, 0.000354484, 0.0201203, 0.000353779, 1.4958e-05, 0.0189566, 0.000389598, -0.000302569, 0.0198001, 0.000443566, -0.00151187, 0.022512, 3.06908e-05, -0.0011753, 0.0223555, -0.000905205, 0.00223766, 0.0195271, -0.000996555, 0.00216785, 0.0210986, -0.000667112, 0.00107142, 0.0214712, 0.00020742, -0.00329027, 0.0176673, 0.000476785, -0.00307226, 0.0184894, 0.000616345, -0.00171761, 0.0196755, 0.000429895, 0.000395084, 0.0189025, 0.000213967, 0.00334436, 0.0200684, 0.000259545, 0.0052142, 0.0230453, 0.000578517, 0.00211286, 0.0227452, 0.000238024, -0.00689836, 0.0214352, -0.00119119, -0.00577802, 0.0230104, -0.00118597, -0.00175145, 0.0265412, -0.000975162, 0.0063345, 0.0260714, 0.00064934, 0.0075824, 0.0263737, 0.00129114, 0.000703739, 0.0284424, 0.0013862, -0.00629738, 0.0308215, -0.000470459, -0.00533012, 0.0298642, -0.000837796, 0.00191643, 0.03, 0, 0, 
0.0222186, -8.53642e-05, 0.000652838, 0.0214428, -8.55922e-05, 0.000460559, 0.0210306, -9.4161e-05, 0.000293499, 0.0204953, -7.8041e-05, 0.000133346, 0.0199833, -5.27111e-05, 3.53134e-05, 0.0198994, -3.87223e-05, -2.72684e-05, 0.0205477, -1.63706e-05, -0.000181534, 0.0217347, 9.17518e-06, -0.000419908, 0.022114, -3.15737e-05, -0.000481749, 0.0213691, -0.000115552, -0.00020599, 0.0197405, -9.05436e-05, -6.50411e-06, 0.0194986, -4.26769e-05, -9.06192e-05, 0.0207499, -0.000105945, 0.000418863, 0.0213303, -3.4459e-05, 0.000736188, 0.0206054, 0.000167248, 0.000497403, 0.0207156, 0.000456754, -0.000238991, 0.0209828, 0.00063247, -0.00128275, 0.020765, 0.000353758, -0.00109467, 0.0200405, -0.000173342, -8.20134e-05, 0.019328, -0.000699499, 0.000976114, 0.0188834, -0.000962668, 0.00170004, 0.01983, -0.000830196, 0.00188717, 0.0199987, -0.000198668, -0.000291018, 0.0189681, 0.000551647, -0.00251785, 0.0196845, 0.000826402, -0.00386722, 0.022626, 0.000262009, 0.000209626, 0.0190315, 0.000444375, 0.00509733, 0.0186581, 0.000505558, 0.00390476, 0.0207894, 0.000469022, 0.00130064, 0.0204932, 1.01243e-06, -0.00460549, 0.0220138, -0.000980686, -0.0070562, 0.024897, -0.00170341, -0.00353525, 0.023812, -0.000626918, 0.00525104, 0.0247475, 0.000376533, 0.00809583, 0.0287967, 0.00165717, 0.00259017, 0.0287928, 0.00129169, -0.00603466, 0.0283225, -6.78288e-05, -0.00675323, 0.0296994, -0.00136294, 0.00188947, 0.03, 0, 0, 
0.0192382, -3.33815e-05, 0.00039663, 0.0210077, -8.49659e-05, 0.000457793, 0.0216826, -0.000113149, 0.000405487, 0.0199777, -9.0219e-05, 0.000181929, 0.020575, -6.16079e-05, 0.000119602, 0.0218561, -8.14425e-06, -0.000140008, 0.0219111, 2.12723e-05, -0.000416012, 0.020452, -2.62321e-05, -0.000326211, 0.0191431, -5.42266e-05, -0.000184531, 0.0207465, -6.31437e-05, -0.000297136, 0.0214148, -0.000153524, -9.90196e-06, 0.0194274, -5.42696e-05, -8.20642e-05, 0.0200385, -7.7212e-05, 0.000269259, 0.0212786, -6.62418e-05, 0.000815474, 0.0211506, 0.000194894, 0.000494836, 0.0215163, 0.000602742, -0.000704953, 0.0209036, 0.000633427, -0.0013109, 0.0197614, 0.000266517, -0.00061436, 0.0186434, -0.000138985, -0.000174141, 0.0188811, -0.000606737, 0.000379397, 0.0195331, -0.00105517, 0.00208098, 0.0183934, -0.000870425, 0.00178214, 0.0195104, -0.000408338, 0.000982179, 0.0208962, 0.000615082, -0.0036557, 0.0188403, 0.00083998, -0.0033577, 0.019325, 0.000573986, -0.000816525, 0.0207608, 0.000343299, 0.00394553, 0.0192969, 0.000434277, 0.00539204, 0.0224906, 0.00102076, 0.00184618, 0.0200741, -0.000305067, -0.00593403, 0.0195072, -0.00121855, -0.00553807, 0.0237812, -0.00180796, -0.00433792, 0.0255494, -0.000978943, 0.00571232, 0.0231671, 0.000563569, 0.00788505, 0.0275182, 0.00177232, 0.00342537, 0.0283951, 0.00121843, -0.00496199, 0.0264065, 0.000374305, -0.00751905, 0.0289546, -0.00150467, -0.000309874, 0.0299621, -0.000282662, 0.00192867, 0.03, 0, 0, 
0.0204392, -5.23389e-05, 0.000515147, 0.019957, -7.23856e-05, 0.000392166, 0.0195879, -9.36929e-05, 0.000300793, 0.0220246, -0.00011658, 0.000364398, 0.0229884, -4.70804e-05, 0.000113279, 0.0202716, -8.09524e-06, -0.000180237, 0.0191148, -3.02871e-05, -0.000159647, 0.0207793, -1.11558e-05, -0.000367313, 0.0210492, -3.42451e-05, -0.000425978, 0.0192502, -4.1978e-05, -0.000211987, 0.0201704, -7.5136e-05, -0.000255907, 0.0223648, -0.000249345, 0.000411334, 0.021891, -0.000169032, 0.000759294, 0.0200155, 8.25857e-05, 0.000308881, 0.0198157, 0.000264955, 0.000131448, 0.0192271, 0.000411583, -9.6772e-05, 0.018337, 0.000334781, 7.84951e-06, 0.0196386, 0.000523319, -0.00147285, 0.0218478, 0.000124653, -0.00114178, 0.0202506, -0.000727792, 0.00108728, 0.0194333, -0.00108509, 0.00211231, 0.0201488, -0.00097893, 0.00163587, 0.0199683, -0.000268196, -0.00125253, 0.0172632, 0.000537224, -0.00219375, 0.0175123, 0.000844018, -0.00234377, 0.0207668, 0.000598151, -0.00137109, 0.019479, 0.000484519, 0.003388, 0.0168337, 0.000232848, 0.0034119, 0.0194252, 0.000559696, 0.00381278, 0.0247997, 0.000493952, -0.00518238, 0.0198799, -0.00144533, -0.00704774, 0.0210146, -0.00166328, -0.00304253, 0.0254225, -0.00123156, 0.0043863, 0.0225485, 0.000546401, 0.00761999, 0.0244211, 0.00148935, 0.00456081, 0.0280352, 0.00135734, -0.00254524, 0.0285061, 0.000809095, -0.00845172, 0.0304035, -0.00140789, -0.00285297, 0.0291998, -0.000707425, 0.00365359, 0.03, 0, 0, 
