0.00833, 0, 0, 0.00833, 0, 0, 
0.00835544, 3.49115e-05, -4.40113e-05, 0.00834765, -3.49282e-05, 4.40323e-05, 0.00833, 0, 0, 
0.00833568, -1.23683e-06, 1.55921e-06, 0.00833332, 1.20682e-06, -1.52138e-06, 0.00833, 0, 0, 
0.00830674, -3.45255e-05, 4.35246e-05, 0.00831252, 3.44809e-05, -4.34684e-05, 0.00833, 0, 0, 
0.00832084, 2.36557e-06, -2.98215e-06, 0.0083222, -2.42785e-06, 3.06068e-06, 0.00833, 0, 0, 
0.0083529, 3.39818e-05, -4.28392e-05, 0.0083446, -3.40588e-05, 4.29363e-05, 0.00833, 0, 0, 
0.00834583, -3.62359e-06, 4.56809e-06, 0.00833934, 3.53549e-06, -4.45702e-06, 0.00833, 0, 0, 
0.0083128, -3.36022e-05, 4.23606e-05, 0.00831577, 3.34994e-05, -4.2231e-05, 0.00833, 0, 0, 
0.0083133, 4.61607e-06, -5.81926e-06, 0.00831596, -4.73764e-06, 5.97252e-06, 0.00833, 0, 0, 
0.00834646, 3.29122e-05, -4.14908e-05, 0.00833929, -3.30473e-05, 4.1661e-05, 0.00833, 0, 0, 
0.00835295, -5.88853e-06, 7.42338e-06, 0.00834379, 5.74474e-06, -7.24211e-06, 0.00833, 0, 0, 
0.00832141, -3.25415e-05, 4.10234e-05, 0.00832144, 3.23835e-05, -4.08243e-05, 0.00833, 0, 0, 
0.00830851, 6.74447e-06, -8.50242e-06, 0.00831235, -6.92217e-06, 8.72644e-06, 0.00833, 0, 0, 
0.0083372, 3.17144e-05, -3.99807e-05, 0.0083327, -3.1905e-05, 4.0221e-05, 0.00833, 0, 0, 
0.00835586, -8.02523e-06, 1.0117e-05, 0.00834599, 7.82805e-06, -9.86843e-06, 0.00833, 0, 0, 
0.00833104, -3.13552e-05, 3.9528e-05, 0.00832858, 3.11449e-05, -3.92629e-05, 0.00833, 0, 0, 
0.0083072, 8.74467e-06, -1.1024e-05, 0.00831191, -8.97529e-06, 1.13147e-05, 0.00833, 0, 0, 
0.00832673, 3.04001e-05, -3.83239e-05, 0.00832595, -3.06436e-05, 3.86309e-05, 0.00833, 0, 0, 
0.00835419, -1.00281e-05, 1.2642e-05, 0.00834561, 9.77976e-06, -1.23289e-05, 0.00833, 0, 0, 
0.00834009, -3.00553e-05, 3.78892e-05, 0.00833592, 2.97954e-05, -3.75616e-05, 0.00833, 0, 0, 
0.00830954, 1.06116e-05, -1.33775e-05, 0.00831463, -1.08919e-05, 1.37309e-05, 0.00833, 0, 0, 
0.00831688, 2.89815e-05, -3.65355e-05, 0.00832015, -2.9275e-05, 3.69056e-05, 0.00833, 0, 0, 
0.00834839, -1.18925e-05, 1.49922e-05, 0.00834274, 1.15952e-05, -1.46175e-05, 0.00833, 0, 0, 
0.00834714, -2.86536e-05, 3.61222e-05, 0.00834219, 2.83465e-05, -3.57351e-05, 0.00833, 0, 0, 
0.00831516, 1.2341e-05, -1.55577e-05, 0.00831991, -1.2668e-05, 1.59699e-05, 0.00833, 0, 0, 
0.00830939, 2.74705e-05, -3.46308e-05, 0.00831616, -2.78112e-05, 3.50602e-05, 0.00833, 0, 0, 
0.00833962, -1.36143e-05, 1.71629e-05, 0.00833782, 1.32704e-05, -1.67294e-05, 0.00833, 0, 0, 
0.00835118, -2.71621e-05, 3.42419e-05, 0.00834628, 2.68101e-05, -3.37982e-05, 0.00833, 0, 0, 
0.00832317, 1.39297e-05, -1.75605e-05, 0.00832673, -1.43004e-05, 1.80279e-05, 0.00833, 0, 0, 
0.00830557, 2.58793e-05, -3.26248e-05, 0.00831452, -2.6264e-05, 3.31098e-05, 0.00833, 0, 0, 
0.00832954, -1.51906e-05, 1.91501e-05, 0.00833164, 1.48026e-05, -1.86609e-05, 0.00833, 0, 0, 
0.00835172, -2.55926e-05, 3.22634e-05, 0.00834748, 2.51979e-05, -3.17658e-05, 0.00833, 0, 0, 
0.00833228, 1.53753e-05, -1.93829e-05, 0.00833385, -1.57871e-05, 1.9902e-05, 0.00833, 0, 0, 
0.00830607, 2.42198e-05, -3.05327e-05, 0.00831539, -2.46455e-05, 3.10694e-05, 0.00833, 0, 0, 
0.00831994, -1.66193e-05, 2.09511e-05, 0.00832521, 1.61898e-05, -2.04096e-05, 0.00833, 0, 0, 
0.00834881, -2.39568e-05, 3.02012e-05, 0.0083456, 2.35216e-05, -2.96525e-05, 0.00833, 0, 0, 
0.008341, 1.66762e-05, -2.10229e-05, 0.00834002, -1.71267e-05, 2.15907e-05, 0.00833, 0, 0, 
0.00831075, 2.25035e-05, -2.83691e-05, 0.00831853, -2.29673e-05, 2.89538e-05, 0.00833, 0, 0, 
0.00831245, -1.7899e-05, 2.25643e-05, 0.00831956, 1.74307e-05, -2.1974e-05, 0.00833, 0, 0, 
0.00834303, -2.22663e-05, 2.807e-05, 0.00834101, 2.17926e-05, -2.74729e-05, 0.00833, 0, 0, 
0.0083479, 1.78318e-05, -2.24796e-05, 0.00834424, -1.83186e-05, 2.30933e-05, 0.00833, 0, 0, 
0.00831873, 2.0742e-05, -2.61484e-05, 0.00832338, -2.12411e-05, 2.67776e-05, 0.00833, 0, 0, 
0.00830823, -1.90294e-05, 2.39894e-05, 0.00831566, 1.85252e-05, -2.33538e-05, 0.00833, 0, 0, 
0.00833537, -2.05324e-05, 2.58842e-05, 0.00833458, 2.00226e-05, -2.52415e-05, 0.00833, 0, 0, 
0.00835179, 1.8842e-05, -2.37532e-05, 0.00834589, -1.9363e-05, 2.441e-05, 0.00833, 0, 0, 
0.00832854, 1.89462e-05, -2.38846e-05, 0.00832914, -1.9478e-05, 2.45549e-05, 0.00833, 0, 0, 
0.00830783, -2.00111e-05, 2.52271e-05, 0.00831417, 1.94738e-05, -2.45497e-05, 0.00833, 0, 0, 
0.00832706, -1.87661e-05, 2.36575e-05, 0.00832747, 1.82226e-05, -2.29723e-05, 0.00833, 0, 0, 
0.00835201, 1.97077e-05, -2.48446e-05, 0.00834482, -2.02609e-05, 2.5542e-05, 0.00833, 0, 0, 
0.00833837, 1.7127e-05, -2.15911e-05, 0.00833491, -1.7689e-05, 2.22996e-05, 0.00833, 0, 0, 
0.00831113, -2.08456e-05, 2.6279e-05, 0.00831537, 2.02779e-05, -2.55633e-05, 0.00833, 0, 0, 
0.00831938, -1.69783e-05, 2.14038e-05, 0.00832098, 1.64035e-05, -2.06791e-05, 0.00833, 0, 0, 
0.00834849, 2.04305e-05, -2.57557e-05, 0.00834136, -2.10139e-05, 2.64911e-05, 0.00833, 0, 0, 
0.0083465, 1.52946e-05, -1.92811e-05, 0.00833979, -1.58846e-05, 2.0025e-05, 0.00833, 0, 0, 
0.00831739, -2.15348e-05, 2.71479e-05, 0.00831906, 2.09394e-05, -2.63973e-05, 0.00833, 0, 0, 
0.00831351, -1.51795e-05, 1.9136e-05, 0.00831623, 1.4576e-05, -1.83753e-05, 0.00833, 0, 0, 
0.0083418, 2.10126e-05, -2.64895e-05, 0.00833618, -2.1624e-05, 2.72603e-05, 0.00833, 0, 0, 
0.00835153, 1.34591e-05, -1.69672e-05, 0.00834305, -1.40751e-05, 1.77438e-05, 0.00833, 0, 0, 
0.00832543, -2.20817e-05, 2.78374e-05, 0.00832461, 2.14611e-05, -2.70549e-05, 0.00833, 0, 0, 
0.00831034, -1.33796e-05, 1.6867e-05, 0.00831401, 1.27502e-05, -1.60735e-05, 0.00833, 0, 0, 
0.0083331, 2.1457e-05, -2.70497e-05, 0.00833023, -2.20942e-05, 2.7853e-05, 0.00833, 0, 0, 
0.00835265, 1.16301e-05, -1.46615e-05, 0.0083442, -1.22702e-05, 1.54685e-05, 0.00833, 0, 0, 
0.00833387, -2.24898e-05, 2.83518e-05, 0.00833108, 2.18462e-05, -2.75404e-05, 0.00833, 0, 0, 
0.00831032, -1.15884e-05, 1.46089e-05, 0.00831465, 1.09356e-05, -1.3786e-05, 0.00833, 0, 0, 
0.00832391, 2.17672e-05, -2.74408e-05, 0.0083245, -2.24279e-05, 2.82738e-05, 0.00833, 0, 0, 
0.00834981, 9.81698e-06, -1.23758e-05, 0.00834307, -1.04793e-05, 1.32107e-05, 0.00833, 0, 0, 
0.00834132, -2.27631e-05, 2.86963e-05, 0.00833733, 2.20986e-05, -2.78586e-05, 0.00833, 0, 0, 
0.00831346, -9.81491e-06, 1.23732e-05, 0.00831793, 9.14132e-06, -1.1524e-05, 0.00833, 0, 0, 
0.00831583, 2.19474e-05, -2.7668e-05, 0.00831989, -2.26293e-05, 2.85276e-05, 0.00833, 0, 0, 
0.00834363, 8.02858e-06, -1.01212e-05, 0.00833984, -8.71118e-06, 1.09818e-05, 0.00833, 0, 0, 
0.00834666, -2.2906e-05, 2.88765e-05, 0.00834226, 2.22226e-05, -2.8015e-05, 0.00833, 0, 0, 
0.00831926, -8.06792e-06, 1.01708e-05, 0.00832316, 7.37589e-06, -9.29842e-06, 0.00833, 0, 0, 
0.00831028, 2.20023e-05, -2.77372e-05, 0.00831708, -2.2703e-05, 2.86205e-05, 0.00833, 0, 0, 
0.00833534, 6.27334e-06, -7.9085e-06, 0.00833504, -6.97427e-06, 8.79213e-06, 0.00833, 0, 0, 
0.00834914, -2.29236e-05, 2.88986e-05, 0.008345, 2.22231e-05, -2.80156e-05, 0.00833, 0, 0, 
0.00832678, -6.35553e-06, 8.0121e-06, 0.00832938, 5.64726e-06, -7.11923e-06, 0.00833, 0, 0, 
0.00830824, 2.19371e-05, -2.7655e-05, 0.00831642, -2.26541e-05, 2.85589e-05, 0.00833, 0, 0, 
0.00832646, 4.55924e-06, -5.74761e-06, 0.00832942, -5.27646e-06, 6.65178e-06, 0.00833, 0, 0, 
0.00834851, -2.28211e-05, 2.87694e-05, 0.00834508, 2.21052e-05, -2.7867e-05, 0.00833, 0, 0, 
0.00833482, -4.68532e-06, 5.90655e-06, 0.00833545, 3.96282e-06, -4.99574e-06, 0.00833, 0, 0, 
0.00831004, 2.17573e-05, -2.74284e-05, 0.00831793, -2.24884e-05, 2.835e-05, 0.00833, 0, 0, 
0.00831854, 2.89365e-06, -3.64789e-06, 0.0083239, -3.62508e-06, 4.56996e-06, 0.00833, 0, 0, 
0.00834498, -2.26042e-05, 2.8496e-05, 0.00834252, 2.18748e-05, -2.75764e-05, 0.00833, 0, 0, 
0.00834206, -3.06432e-06, 3.86304e-06, 0.00834035, 2.32941e-06, -2.93658e-06, 0.00833, 0, 0, 
0.00831531, 2.14688e-05, -2.70647e-05, 0.00832129, -2.22117e-05, 2.80012e-05, 0.00833, 0, 0, 
0.00831289, 1.28339e-06, -1.6179e-06, 0.0083194, -2.02689e-06, 2.5552e-06, 0.00833, 0, 0, 
0.00833921, -2.22791e-05, 2.80862e-05, 0.0083378, 2.15377e-05, -2.71516e-05, 0.00833, 0, 0, 
0.00834729, -1.49899e-06, 1.8897e-06, 0.0083433, 7.53337e-07, -9.49694e-07, 0.00833, 0, 0, 
0.00832306, 2.10779e-05, -2.65719e-05, 0.00832593, -2.18306e-05, 2.75208e-05, 0.00833, 0, 0, 
0.00831035, -2.65395e-07, 3.34571e-07, 0.00831667, -4.88077e-07, 6.15295e-07, 0.00833, 0, 0, 
0.00833215, -2.18521e-05, 2.75478e-05, 0.00833181, 2.11005e-05, -2.66004e-05, 0.00833, 0, 0, 
0.00834961, 4.81108e-09, -6.0651e-09, 0.00834389, -7.59631e-07, 9.5763e-07, 0.00833, 0, 0, 
0.00833187, 2.05909e-05, -2.5958e-05, 0.00833108, -2.13515e-05, 2.69168e-05, 0.00833, 0, 0, 
0.0083112, -1.74717e-06, 2.20258e-06, 0.00831619, 9.85787e-07, -1.24273e-06, 0.00833, 0, 0, 
0.00832491, -2.13297e-05, 2.68893e-05, 0.00832563, 2.05698e-05, -2.59313e-05, 0.00833, 0, 0, 
0.00834861, 1.44177e-06, -1.81757e-06, 0.00834215, -2.20424e-06, 2.77878e-06, 0.00833, 0, 0, 
0.00834015, 2.00145e-05, -2.52313e-05, 0.00833596, -2.07814e-05, 2.61981e-05, 0.00833, 0, 0, 
0.00831512, -3.15708e-06, 3.97998e-06, 0.00831806, 2.38973e-06, -3.01261e-06, 0.00833, 0, 0, 
0.00831862, -2.07189e-05, 2.61193e-05, 0.00832036, 1.99524e-05, -2.5153e-05, 0.00833, 0, 0, 
0.00834444, 2.80718e-06, -3.53888e-06, 0.00833849, -3.57579e-06, 4.50782e-06, 0.00833, 0, 0, 
0.00834644, 1.93556e-05, -2.44006e-05, 0.00833981, -2.01271e-05, 2.53732e-05, 0.00833, 0, 0, 
0.00829491, -1.2899e-05, 6.3515e-07, 0.00830325, -5.64993e-06, -7.7584e-06, 0.00833063, 1.42385e-05, 2.39798e-05, 0.00833, 0, 0, 
0.00829438, -5.05602e-05, 3.15418e-06, 0.00830786, 2.42696e-05, -3.06605e-06, 0.00834933, 1.00107e-05, 1.34486e-05, 0.00833, 0, 0, 
0.00833335, -2.97783e-05, -7.08478e-06, 0.00833956, -2.62762e-06, 2.24008e-05, 0.00836952, 2.91438e-05, -1.55866e-05, 0.00833, 0, 0, 
0.00834502, -7.79015e-06, 2.30307e-05, 0.00834004, -1.26269e-05, -6.60768e-06, 0.00835403, 1.98387e-05, -4.08636e-06, 0.00833, 0, 0, 
0.00832615, -6.62772e-06, 3.16237e-05, 0.00831194, 1.25544e-05, -1.56532e-05, 0.00831272, -2.16931e-05, 3.54892e-07, 0.00833, 0, 0, 
0.00833308, 2.54373e-05, -1.4308e-07, 0.00831218, -8.36902e-06, 1.84875e-05, 0.00829393, -2.51662e-05, -1.76636e-05, 0.00833, 0, 0, 
0.00836761, 4.29748e-05, 3.54181e-07, 0.00834702, -2.77941e-05, 5.91905e-06, 0.00831073, -1.42435e-05, 1.76487e-06, 0.00833, 0, 0, 
0.00836524, 5.09255e-06, 7.01014e-06, 0.00835869, 5.51997e-06, -1.31888e-05, 0.00832776, -2.36523e-05, 2.45425e-05, 0.00833, 0, 0, 
0.00831104, -1.68302e-05, -1.98152e-05, 0.0083282, 8.21041e-06, 1.79585e-05, 0.00832696, -2.4979e-06, 5.60689e-06, 0.00833, 0, 0, 
0.00827506, -1.60495e-05, -1.4043e-05, 0.00830934, -1.43453e-05, 1.58887e-05, 0.0083328, 3.28112e-05, 2.1436e-06, 0.00833, 0, 0, 
0.00829971, -3.91837e-05, 1.93849e-05, 0.00833301, 9.69867e-06, -1.60935e-05, 0.00835585, 2.11849e-05, 1.45725e-05, 0.00833, 0, 0, 
0.00833519, -3.51866e-05, 1.24196e-05, 0.00835339, 1.75214e-05, 3.62213e-06, 0.00836291, 4.15064e-06, -9.03722e-06, 0.00833, 0, 0, 
0.00833275, 1.1375e-05, 6.45838e-06, 0.00833167, -1.79941e-05, 1.57753e-05, 0.00833286, 7.26814e-06, -2.16979e-05, 0.00833, 0, 0, 
0.00832553, 2.40491e-05, 2.68574e-05, 0.0083058, -1.16732e-05, -1.47482e-05, 0.00829951, -1.73917e-05, 3.46803e-06, 0.00833, 0, 0, 
0.00835521, 1.52701e-05, 9.42784e-06, 0.00832131, 8.1754e-06, -2.81274e-06, 0.00830178, -3.89023e-05, 4.41163e-06, 0.00833, 0, 0, 
0.00838367, 2.65144e-05, -1.97268e-05, 0.00834886, -1.63694e-05, 2.36748e-05, 0.00832525, -1.2516e-05, -4.3801e-06, 0.00833, 0, 0, 
0.00835491, 6.42389e-06, -4.16902e-06, 0.00833715, -1.33643e-05, -2.06531e-06, 0.00833391, 6.01049e-06, 1.87263e-05, 0.00833, 0, 0, 
0.0082987, -3.72193e-05, 1.84326e-06, 0.00830579, 1.97969e-05, -7.06611e-06, 0.00833171, 3.50683e-06, 1.96795e-05, 0.00833, 0, 0, 
0.00828786, -3.33023e-05, -1.21934e-05, 0.00831091, 4.02321e-06, 2.05816e-05, 0.00834491, 2.43285e-05, -8.44364e-06, 0.00833, 0, 0, 
0.00832099, -1.50196e-05, 1.16248e-05, 0.00834518, -1.21423e-05, 8.88388e-07, 0.00836285, 2.91637e-05, -4.56889e-06, 0.00833, 0, 0, 
0.0083346, -1.69399e-05, 3.09749e-05, 0.00835145, 1.17006e-05, -1.76095e-05, 0.00835, -6.6728e-06, 2.56149e-06, 0.00833, 0, 0, 
0.00831784, 1.01359e-05, 6.73767e-06, 0.00832446, 3.71909e-07, 1.20381e-05, 0.00831113, -1.97389e-05, -1.69652e-05, 0.00833, 0, 0, 
0.00832337, 4.07956e-05, 1.85205e-06, 0.00831793, -2.61777e-05, 9.57516e-06, 0.00829183, -1.25912e-05, -7.47478e-06, 0.00833, 0, 0, 
0.00836018, 1.84695e-05, 1.14299e-05, 0.00834565, -1.89146e-06, -1.38862e-05, 0.00830889, -2.55495e-05, 1.88973e-05, 0.00833, 0, 0, 
0.00836793, -5.02092e-06, -1.33857e-05, 0.00835571, 9.08493e-06, 1.06902e-05, 0.00832959, -1.5858e-05, 8.1531e-06, 0.00833, 0, 0, 
0.00832346, -5.64973e-06, -2.01162e-05, 0.00832444, -1.35304e-05, 1.95832e-05, 0.00833188, 2.11699e-05, 1.60336e-06, 0.00833, 0, 0, 
0.00828847, -3.00592e-05, 9.77604e-06, 0.00830064, 3.25352e-06, -1.13575e-05, 0.00833643, 2.26345e-05, 1.64635e-05, 0.00833, 0, 0, 
0.00830938, -4.20042e-05, 1.04958e-05, 0.0083203, 2.06212e-05, -1.53811e-06, 0.00835689, 8.74527e-06, -1.84535e-07, 0.00833, 0, 0, 
0.00834394, -5.26559e-06, 2.50864e-06, 0.00834445, -9.3521e-06, 1.67282e-05, 0.00836459, 1.43349e-05, -2.02852e-05, 0.00833, 0, 0, 
0.00834059, 1.56783e-05, 2.39535e-05, 0.00833062, -1.30931e-05, -1.00882e-05, 0.00833635, -3.79176e-06, -2.25915e-06, 0.00833, 0, 0, 
0.00832567, 1.1883e-05, 1.8137e-05, 0.00830847, 8.24918e-06, -9.28896e-06, 0.00830113, -3.34582e-05, 3.08964e-06, 0.00833, 0, 0, 
0.00834464, 2.75849e-05, -1.25646e-05, 0.00832416, -1.12172e-05, 1.97497e-05, 0.00829905, -2.0361e-05, -7.98729e-06, 0.00833, 0, 0, 
0.00836953, 2.15644e-05, -6.24013e-06, 0.00835504, -1.85353e-05, 2.92331e-06, 0.00832094, -1.59655e-06, 1.15322e-05, 0.00833, 0, 0, 
0.00834496, -2.05977e-05, 1.82572e-06, 0.00834886, 1.33073e-05, -9.60771e-06, 0.00833112, -3.71479e-06, 2.21647e-05, 0.00833, 0, 0, 
0.00829193, -3.04521e-05, -1.45688e-05, 0.00831724, 8.40669e-06, 1.70017e-05, 0.00832908, 1.56249e-05, -1.56418e-06, 0.00833, 0, 0, 
0.0082809, -1.78038e-05, 5.53947e-07, 0.00831513, -1.10278e-05, 7.45488e-06, 0.00834051, 3.22018e-05, -3.86569e-06, 0.00833, 0, 0, 
0.00831756, -2.36517e-05, 2.63118e-05, 0.00834332, 9.45028e-06, -1.682e-05, 0.00835945, 6.27725e-06, 5.10845e-06, 0.00833, 0, 0, 
0.00834042, -5.44745e-06, 1.11508e-05, 0.00834858, 7.80013e-06, 5.77859e-06, 0.00835168, -1.20373e-05, -1.36268e-05, 0.00833, 0, 0, 
0.00832998, 3.19109e-05, 2.91741e-06, 0.00832003, -2.15893e-05, 1.19087e-05, 0.00831682, -8.09491e-06, -1.40139e-05, 0.00833, 0, 0, 
0.00833358, 2.54027e-05, 1.47029e-05, 0.00830816, -7.595e-06, -1.28292e-05, 0.0082969, -2.28716e-05, 1.18576e-05, 0.00833, 0, 0, 
0.00836665, 4.59551e-06, -5.17717e-06, 0.00833315, 8.78493e-06, 3.43203e-06, 0.00831199, -2.49433e-05, 8.72293e-06, 0.00833, 0, 0, 
0.00837498, 4.57633e-06, -2.16636e-05, 0.00834838, -1.17963e-05, 2.05311e-05, 0.00833284, 8.10604e-06, 3.23805e-07, 0.00833, 0, 0, 
0.00833043, -1.71375e-05, 1.41724e-06, 0.00832473, -3.19282e-06, -6.01597e-06, 0.00833482, 1.95386e-05, 1.60316e-05, 0.00833, 0, 0, 
0.00828833, -4.12702e-05, 7.70331e-06, 0.00830373, 2.03141e-05, -5.38492e-06, 0.00833536, 9.91505e-06, 7.66001e-06, 0.00833, 0, 0, 
0.00830008, -1.80399e-05, -1.69714e-06, 0.00832374, -1.43914e-06, 1.61396e-05, 0.0083513, 1.79583e-05, -1.60127e-05, 0.00833, 0, 0, 
0.00833226, 5.83462e-06, 1.82031e-05, 0.00835173, -1.27996e-05, -4.61888e-06, 0.00835895, 8.62009e-06, -5.88926e-06, 0.00833, 0, 0, 
0.00833192, 5.43375e-06, 2.32376e-05, 0.00834249, 7.73093e-06, -1.33564e-05, 0.00833384, -2.3684e-05, 2.18141e-06, 0.00833, 0, 0, 
0.00831774, 2.31046e-05, -4.63789e-06, 0.00831827, -5.32721e-06, 1.4462e-05, 0.00829987, -2.31206e-05, -1.02044e-05, 0.00833, 0, 0, 
0.00833586, 3.06426e-05, -6.11119e-06, 0.00832636, -2.07472e-05, 6.79127e-06, 0.00829699, -7.07072e-06, 3.68551e-06, 0.00833, 0, 0, 
0.00836586, -4.00194e-06, 2.93759e-06, 0.00835235, 6.11656e-06, -1.07036e-05, 0.00832027, -9.93039e-06, 2.11341e-05, 0.00833, 0, 0, 
0.00835188, -2.30185e-05, -1.40418e-05, 0.00834587, 1.05641e-05, 1.22046e-05, 0.00833426, 5.02525e-06, 4.0112e-06, 0.00833, 0, 0, 
0.00830515, -1.62394e-05, -8.60717e-06, 0.00831229, -9.53706e-06, 1.23799e-05, 0.00833367, 2.94528e-05, -2.64474e-06, 0.00833, 0, 0, 
0.00829221, -2.56742e-05, 1.90405e-05, 0.00830506, 6.1105e-06, -1.39313e-05, 0.00834282, 1.54052e-05, 7.40996e-06, 0.00833, 0, 0, 
0.00832566, -1.84798e-05, 1.29095e-05, 0.00833198, 1.31165e-05, 3.4296e-07, 0.00836023, -4.04878e-06, -8.43341e-06, 0.00833, 0, 0, 
0.00834829, 1.902e-05, 3.09643e-06, 0.0083432, -1.51101e-05, 1.29204e-05, 0.00835402, -2.14916e-06, -1.73054e-05, 0.00833, 0, 0, 
0.00833501, 2.60817e-05, 1.61293e-05, 0.00832128, -1.11815e-05, -1.03398e-05, 0.00831991, -1.65115e-05, 4.76345e-06, 0.00833, 0, 0, 
0.00832944, 1.05743e-05, 3.23727e-06, 0.00831104, 7.76398e-06, -2.98832e-06, 0.00829685, -2.88163e-05, 7.81463e-06, 0.00833, 0, 0, 
0.00835424, 1.25859e-05, -1.93156e-05, 0.00833663, -9.2138e-06, 1.90391e-05, 0.00830832, -3.89336e-06, -1.44926e-06, 0.00833, 0, 0, 
0.00836276, -3.06379e-06, -4.71462e-06, 0.00835627, -8.73499e-06, -8.59816e-07, 0.00832908, 1.351e-05, 1.3432e-05, 0.00833, 0, 0, 
0.00832291, -3.42e-05, 4.89869e-06, 0.00833645, 1.72072e-05, -7.85462e-06, 0.00833252, 8.07663e-06, 1.34237e-05, 0.00833, 0, 0, 
0.00828236, -2.5425e-05, -5.35747e-06, 0.00831218, 4.86859e-06, 1.42068e-05, 0.00833235, 1.7767e-05, -1.01152e-05, 0.00833, 0, 0, 
0.00829438, -3.119e-06, 1.07058e-05, 0.00832478, -1.1293e-05, 8.73134e-07, 0.00834715, 1.79197e-05, -7.43118e-06, 0.00833, 0, 0, 
0.0083322, -2.0921e-06, 2.44325e-05, 0.00834895, 6.6447e-06, -1.49291e-05, 0.00835745, -1.1905e-05, 1.90723e-06, 0.00833, 0, 0, 
0.00834051, 1.45811e-05, 2.5716e-06, 0.00833943, 5.53735e-07, 8.67485e-06, 0.00833742, -2.13537e-05, -1.06801e-05, 0.00833, 0, 0, 
0.00832925, 3.30862e-05, -4.58641e-06, 0.00831241, -2.00643e-05, 9.35499e-06, 0.00830555, -9.66448e-06, -3.57935e-06, 0.00833, 0, 0, 
0.00834379, 9.84302e-06, 4.71468e-06, 0.00831561, -6.08558e-07, -1.04875e-05, 0.00830093, -1.38524e-05, 1.73413e-05, 0.00833, 0, 0, 
0.00837154, -1.32839e-05, -1.0975e-05, 0.00834184, 1.08339e-05, 6.83083e-06, 0.00832288, -5.35839e-06, 7.68433e-06, 0.00833, 0, 0, 
0.00835875, -1.13307e-05, -1.47866e-05, 0.00834212, -7.8142e-06, 1.52537e-05, 0.00833726, 2.23048e-05, -1.47195e-06, 0.00833, 0, 0, 
0.00830971, -2.29836e-05, 1.07218e-05, 0.00831445, 2.12554e-06, -9.72462e-06, 0.00833519, 1.99547e-05, 8.92654e-06, 0.00833, 0, 0, 
0.00828835, -2.6982e-05, 1.23517e-05, 0.00830824, 1.59044e-05, -3.8793e-06, 0.00833988, 2.60331e-06, -2.39589e-06, 0.00833, 0, 0, 
0.00831499, 5.06623e-06, 2.28968e-06, 0.00833621, -7.91379e-06, 1.27159e-05, 0.00835439, 3.73672e-06, -1.74001e-05, 0.00833, 0, 0, 
0.0083381, 2.17683e-05, 1.54035e-05, 0.00835192, -1.26291e-05, -6.86259e-06, 0.00834983, -7.95819e-06, -1.30609e-06, 0.00833, 0, 0, 
0.00832765, 1.24845e-05, 1.04541e-05, 0.00833244, 6.37429e-06, -7.94607e-06, 0.0083185, -2.75586e-05, 6.06706e-06, 0.00833, 0, 0, 
0.00832176, 1.70409e-05, -1.42087e-05, 0.00831756, -5.96727e-06, 1.568e-05, 0.00829557, -1.29958e-05, -3.31303e-06, 0.00833, 0, 0, 
0.00834728, 9.63289e-06, -8.23542e-06, 0.00833612, -1.26771e-05, 3.50516e-06, 0.00830658, 6.37411e-06, 9.19011e-06, 0.00833, 0, 0, 
0.00836322, -2.2909e-05, 2.70763e-06, 0.00835313, 1.22148e-05, -9.01348e-06, 0.00832974, 4.22448e-06, 1.64978e-05, 0.00833, 0, 0, 
0.0083328, -2.71339e-05, -7.79462e-06, 0.00833325, 9.10162e-06, 1.12263e-05, 0.00833639, 1.41684e-05, -3.83378e-06, 0.00833, 0, 0, 
0.00829491, -9.49589e-06, 2.7428e-06, 0.00830581, -9.09968e-06, 5.70136e-06, 0.00833607, 2.29855e-05, -7.25684e-06, 0.00833, 0, 0, 
0.00830351, -8.78405e-06, 2.21016e-05, 0.0083142, 5.04034e-06, -1.42607e-05, 0.00834845, -4.00997e-07, 2.23382e-06, 0.00833, 0, 0, 
0.0083392, 4.1057e-06, 8.00299e-06, 0.00833996, 5.70875e-06, 3.14916e-06, 0.00835848, -1.63136e-05, -9.40191e-06, 0.00833, 0, 0, 
0.00834712, 2.95351e-05, -2.51321e-06, 0.00833729, -1.69499e-05, 1.06083e-05, 0.0083402, -9.38069e-06, -9.25842e-06, 0.00833, 0, 0, 
0.00833089, 1.91723e-05, 6.54741e-06, 0.00831493, -6.01142e-06, -9.16671e-06, 0.00830768, -1.4829e-05, 1.18348e-05, 0.00833, 0, 0, 
0.00833615, -3.51182e-06, -6.14173e-06, 0.00831849, 9.73017e-06, 1.52315e-06, 0.00829933, -1.37278e-05, 9.32146e-06, 0.00833, 0, 0, 
0.00835895, -4.62673e-06, -1.75397e-05, 0.00834636, -5.9325e-06, 1.59876e-05, 0.00831889, 1.26868e-05, -7.206e-07, 0.00833, 0, 0, 
0.00834903, -1.64847e-05, 2.79145e-06, 0.0083513, -1.95499e-06, -4.99604e-06, 0.00833422, 2.00957e-05, 9.28275e-06, 0.00833, 0, 0, 
0.00830395, -3.00538e-05, 1.01593e-05, 0.008325, 1.61386e-05, -6.725e-06, 0.00833305, 6.90132e-06, 3.45197e-06, 0.00833, 0, 0, 
0.00828295, -7.35041e-06, 7.13769e-07, 0.00831338, -1.07542e-06, 1.14829e-05, 0.00833655, 8.27234e-06, -1.48443e-05, 0.00833, 0, 0, 
0.00831118, 1.43736e-05, 1.26486e-05, 0.00833498, -1.2222e-05, -2.91872e-06, 0.00835109, 1.05197e-06, -5.66268e-06, 0.00833, 0, 0, 
0.00834134, 1.08096e-05, 1.54362e-05, 0.00834888, 4.85935e-06, -1.10726e-05, 0.00835038, -2.21075e-05, 4.09504e-06, 0.00833, 0, 0, 
0.00833772, 1.74758e-05, -7.69806e-06, 0.00832889, -2.35174e-06, 1.11633e-05, 0.00832325, -1.82039e-05, -4.82093e-06, 0.00833, 0, 0, 
0.00833167, 1.8987e-05, -9.29116e-06, 0.00831025, -1.46277e-05, 6.71461e-06, 0.00830059, -2.34106e-07, 4.06584e-06, 0.00833, 0, 0, 
0.00835336, -9.91211e-06, 1.44308e-06, 0.0083254, 6.37368e-06, -9.03416e-06, 0.00830951, -3.76532e-07, 1.67924e-05, 0.00833, 0, 0, 
0.00836866, -2.39296e-05, -8.60871e-06, 0.00834541, 1.11789e-05, 7.5757e-06, 0.00833209, 8.19387e-06, 1.76422e-06, 0.00833, 0, 0, 
0.00833894, -1.2469e-05, -4.45519e-06, 0.00833254, -6.6616e-06, 9.34011e-06, 0.00833887, 2.35625e-05, -5.935e-06, 0.00833, 0, 0, 
0.00829644, -1.31925e-05, 1.71302e-05, 0.00830887, 3.00587e-06, -1.18416e-05, 0.00833596, 8.99694e-06, 2.9337e-06, 0.00833, 0, 0, 
0.00829665, -6.13631e-06, 1.11229e-05, 0.00831741, 9.56475e-06, -1.53962e-06, 0.00834418, -9.60037e-06, -6.67683e-06, 0.00833, 0, 0, 
0.00832847, 2.15686e-05, -6.11052e-07, 0.0083453, -1.21485e-05, 1.06728e-05, 0.00835318, -6.83073e-06, -1.27192e-05, 0.00833, 0, 0, 
0.00833867, 2.33133e-05, 7.84175e-06, 0.00834685, -9.59116e-06, -7.0107e-06, 0.0083375, -1.2882e-05, 5.74148e-06, 0.00833, 0, 0, 
0.00832434, 4.47931e-06, -5.32949e-07, 0.00832432, 7.80379e-06, -3.1487e-06, 0.00830685, -1.88789e-05, 9.17004e-06, 0.00833, 0, 0, 
0.00832899, 2.17815e-06, -1.70323e-05, 0.00832176, -3.93321e-06, 1.4789e-05, 0.00829792, 2.62581e-06, -5.30446e-07, 0.00833, 0, 0, 
0.00835383, -7.68719e-06, -4.20957e-06, 0.00834666, -5.10264e-06, 1.23158e-06, 0.00831649, 1.5424e-05, 1.16033e-05, 0.00832336, -6.1178e-06, -1.00815e-05, 0.00833, 0, 0, 
0.00827885, -2.592e-05, 7.76662e-06, 0.00832398, 1.33416e-05, -3.19163e-06, 0.00837125, 2.29239e-06, 4.85391e-06, 0.0083456, 2.56571e-06, -5.42483e-06, 0.00833, 0, 0, 
0.0083638, -1.1834e-05, 8.59077e-06, 0.00833109, -2.16092e-06, 7.73316e-06, 0.00828512, 6.27365e-06, -1.601e-05, 0.0083015, 9.94617e-06, 6.31371e-06, 0.00833, 0, 0, 
0.00833928, 3.22718e-06, 2.08157e-05, 0.00833784, -1.65323e-05, -5.02707e-06, 0.00835494, 9.85705e-06, -7.79012e-06, 0.00836955, 1.40711e-05, 2.36589e-06, 0.00833, 0, 0, 
0.00828825, -1.05405e-05, 1.67352e-05, 0.00830253, 3.90782e-06, -5.7413e-06, 0.00833001, -5.09254e-06, 2.1161e-06, 0.00829359, 1.51378e-05, -8.15455e-06, 0.00833, 0, 0, 
0.00839889, -1.11416e-05, -5.74494e-06, 0.00836038, 4.42036e-06, 1.57239e-05, 0.00833027, 2.33342e-06, -5.09648e-06, 0.00834076, 1.53283e-06, -1.0989e-05, 0.00833, 0, 0, 
0.00828148, -2.30739e-07, -1.3326e-06, 0.00828503, -6.28214e-06, 6.41805e-06, 0.00832082, 1.44096e-05, 2.35859e-06, 0.00835157, -1.18227e-05, -1.00812e-05, 0.00833, 0, 0, 
0.00836424, -3.32504e-06, 1.15133e-05, 0.00836616, 8.82576e-06, -9.23079e-06, 0.00835374, -4.75807e-06, 6.33828e-06, 0.00828751, -6.66363e-06, -7.93302e-07, 0.00833, 0, 0, 
0.00831238, 9.66866e-06, 2.12537e-06, 0.00830571, 4.7017e-06, 2.7008e-06, 0.00831197, -1.3528e-05, -9.00633e-06, 0.00836443, -2.48002e-07, 1.34699e-05, 0.00833, 0, 0, 
0.008336, 2.87764e-05, -1.81878e-06, 0.00833788, -1.43117e-05, 6.15469e-07, 0.00832605, -3.76442e-06, -2.25012e-06, 0.00832675, -2.67728e-06, 1.15396e-05, 0.00833, 0, 0, 
0.00832645, 1.32241e-05, -3.60885e-06, 0.00835064, 2.32037e-06, -7.44015e-06, 0.00834831, -1.08801e-05, 1.5825e-05, 0.00830272, -4.64667e-06, -5.01091e-07, 0.00833, 0, 0, 
0.00829842, -2.12108e-06, -2.01081e-05, 0.00830199, 1.29283e-05, 9.78499e-06, 0.00830769, -8.60421e-06, 8.10061e-06, 0.00836906, -1.03e-05, -1.56716e-06, 0.00833, 0, 0, 
0.00838275, 5.23446e-06, -1.50684e-05, 0.00837325, -4.45978e-06, 8.52457e-06, 0.00833273, 9.57531e-06, 3.04576e-06, 0.00830675, -1.46025e-05, 2.98601e-06, 0.00833, 0, 0, 
0.00825652, -2.67694e-09, 8.54312e-06, 0.00829299, 1.44301e-07, -1.19309e-05, 0.00833809, 9.27391e-07, 7.51716e-06, 0.00832715, -1.67981e-06, 6.5912e-06, 0.00833, 0, 0, 
0.00838795, -5.35063e-06, 7.23732e-06, 0.00835793, 5.66743e-06, -2.39274e-06, 0.00832917, -9.7429e-06, -5.65953e-06, 0.00835269, 1.29101e-05, 1.07169e-05, 0.00833, 0, 0, 
0.00831961, 3.70004e-06, 1.69091e-07, 0.0083096, -1.24402e-05, 7.67823e-06, 0.00830783, 6.55316e-06, -8.49091e-06, 0.0083018, 1.12278e-05, 3.27034e-06, 0.00833, 0, 0, 
0.00830773, -9.37858e-06, 6.54221e-06, 0.00832992, -4.48237e-06, -2.84901e-06, 0.00837857, 9.92553e-06, 8.22873e-06, 0.00835309, 6.22698e-06, -1.25352e-05, 0.00833, 0, 0, 
0.00837902, -2.72073e-05, 1.9548e-06, 0.00833161, 1.36048e-05, 5.26164e-06, 0.00828728, 3.33963e-06, 2.32462e-06, 0.0083089, 3.33257e-06, -1.36108e-05, 0.00833, 0, 0, 
0.0083045, -1.21101e-05, 2.59262e-06, 0.0083152, -2.46128e-06, 1.10295e-05, 0.00834682, 1.35368e-05, -1.10069e-05, 0.00834997, -7.00289e-07, -3.57854e-06, 0.00833, 0, 0, 
0.00833046, 9.81324e-07, 2.09757e-05, 0.00834374, -8.11123e-06, -8.8443e-06, 0.00835239, 7.15343e-06, -3.65643e-06, 0.00831556, 4.65461e-06, 1.11979e-06, 0.00833, 0, 0, 
0.00834388, -7.11582e-07, 1.61982e-05, 0.00831922, 5.6449e-06, -6.40255e-06, 0.00828497, -1.24148e-05, -4.00277e-06, 0.00832486, 1.15837e-05, 3.02189e-06, 0.00833, 0, 0, 
0.00831668, 1.0321e-05, -5.31923e-06, 0.00834449, -4.01232e-06, 1.09308e-05, 0.00836848, -3.6316e-06, -6.95083e-06, 0.00836539, 1.5639e-06, 3.89965e-07, 0.00833, 0, 0, 
0.00831211, 1.11891e-05, -6.15016e-06, 0.00832406, -5.21916e-06, 1.37475e-06, 0.00830552, 4.54057e-06, 1.00528e-05, 0.00827378, -1.15995e-05, -7.75006e-06, 0.00833, 0, 0, 
0.00835315, -3.05673e-06, -5.63327e-06, 0.00834727, 1.45408e-05, -2.42217e-06, 0.00833826, -7.92552e-06, 1.21273e-05, 0.008384, -1.28689e-05, -3.81316e-06, 0.00833, 0, 0, 
0.00830109, 7.88697e-06, -1.0195e-05, 0.00831334, 4.32241e-06, 6.98677e-06, 0.00831692, -5.15719e-06, -4.07743e-06, 0.00830719, -1.06207e-05, 1.071e-05, 0.00833, 0, 0, 
0.00834661, 2.23367e-05, 1.77456e-06, 0.00835223, -1.11399e-05, -6.06214e-06, 0.00834929, -1.02764e-06, 6.85493e-07, 0.00831262, -4.17561e-06, 1.40326e-05, 0.00833, 0, 0, 
0.00832186, 9.07671e-06, 3.43259e-06, 0.00830604, 3.38026e-06, -1.019e-05, 0.00831673, -1.36846e-05, 7.94745e-06, 0.00837312, 5.26907e-06, 7.68968e-06, 0.00833, 0, 0, 
0.00835154, 5.99519e-07, -1.4396e-05, 0.00833883, 3.45611e-06, 1.00504e-05, 0.00832488, -4.98136e-06, 4.72658e-07, 0.00828716, 1.71692e-06, 1.36281e-06, 0.00833, 0, 0, 
0.00831437, -1.54828e-06, -1.05221e-05, 0.00832718, -6.5948e-06, 6.59844e-06, 0.00836456, 1.38575e-05, 5.8582e-06, 0.0083503, -6.51491e-06, -6.29107e-06, 0.00833, 0, 0, 
0.00834132, -1.72197e-05, 5.95904e-06, 0.00830859, 7.50557e-06, -6.1403e-06, 0.00828988, 5.60229e-06, 8.26849e-06, 0.00833165, -5.76985e-07, -5.96544e-06, 0.00833, 0, 0, 
0.00835849, -1.49088e-05, 7.10873e-06, 0.00836076, 5.57236e-06, 3.41566e-06, 0.00835705, 9.67147e-07, -1.03266e-05, 0.00831786, 8.81386e-06, 4.35012e-06, 0.00833, 0, 0, 
0.00826426, 2.83942e-06, 1.2607e-05, 0.00829138, -1.40291e-05, 9.08163e-07, 0.00833014, 9.53245e-06, -1.17276e-05, 0.00833919, 1.1849e-05, 4.42494e-06, 0.00833, 0, 0, 
0.00840541, -4.60471e-06, 1.64265e-05, 0.00837227, -2.75174e-06, -7.85896e-06, 0.00831193, 7.99331e-07, 2.11139e-06, 0.00832661, 1.30523e-05, -6.42725e-06, 0.00833, 0, 0, 
0.00826712, -1.38005e-05, -8.41467e-07, 0.00830356, 8.62051e-06, 8.32163e-06, 0.00833659, -1.61085e-06, -1.93076e-06, 0.00833452, 5.25383e-06, -1.06663e-05, 0.00833, 0, 0, 
0.00833718, -2.84169e-06, -5.2061e-06, 0.00835013, -3.83304e-06, 1.10159e-05, 0.00834267, 1.24608e-05, -2.86495e-06, 0.00832401, -7.92772e-06, -8.8195e-06, 0.00833, 0, 0, 
0.00835716, -4.56473e-07, 9.66779e-06, 0.00833443, 1.76351e-06, -7.54831e-06, 0.00829815, 3.07231e-06, 5.08588e-06, 0.00833227, -6.93693e-06, -3.07568e-06, 0.00833, 0, 0, 
0.00828127, 3.4325e-06, 6.39769e-06, 0.0083122, 8.55936e-06, -3.07854e-06, 0.0083531, -1.28576e-05, -4.36556e-06, 0.0083433, 9.75982e-07, 8.52757e-06, 0.00833, 0, 0, 
0.00837215, 2.19453e-05, -3.34361e-06, 0.00835826, -8.68731e-06, 4.13692e-06, 0.00833331, -5.23747e-06, -6.98709e-06, 0.00830045, -7.29117e-07, 1.10285e-05, 0.00833, 0, 0, 
0.00831033, 1.78242e-05, -3.10902e-06, 0.00829291, -4.6332e-06, -5.70154e-06, 0.00830442, -4.69578e-06, 1.081e-05, 0.00835981, -4.76485e-06, 5.7195e-07, 0.00833, 0, 0, 
0.00835128, -9.35519e-07, -1.33378e-05, 0.00835485, 1.30487e-05, 2.17746e-06, 0.0083661, -9.86896e-06, 1.11177e-05, 0.00832129, -8.0132e-06, -2.97614e-06, 0.00833, 0, 0, 
0.00831597, 2.87235e-06, -1.73484e-05, 0.00830682, 1.60581e-06, 1.04031e-05, 0.00830806, 3.86958e-06, 8.93207e-07, 0.00830251, -1.24967e-05, 2.64703e-06, 0.00833, 0, 0, 
0.00835142, 5.8315e-06, 2.26025e-06, 0.00833688, -4.55513e-06, -7.01268e-06, 0.00834256, 5.24483e-06, 4.89308e-06, 0.00838297, -5.39683e-06, 6.14148e-06, 0.00833, 0, 0, 
0.00832296, -2.87528e-06, 8.53367e-06, 0.00832845, 5.87671e-06, -8.2868e-06, 0.00831884, -8.84026e-06, 4.27354e-08, 0.00827702, 9.21948e-06, 8.56493e-06, 0.00833, 0, 0, 
0.00831432, 1.32548e-06, -1.83996e-06, 0.00833099, -4.71537e-06, 6.81705e-06, 0.008349, 1.47641e-07, -8.60269e-06, 0.00835718, 1.07674e-05, 5.14094e-06, 0.00833, 0, 0, 
0.00834986, -2.19384e-06, 1.41914e-06, 0.00833512, -8.7685e-06, 9.19787e-07, 0.00830548, 1.14156e-05, 3.38901e-06, 0.00833811, 4.69976e-06, -8.0361e-06, 0.00833, 0, 0, 
0.00830942, -2.11819e-05, 3.80964e-06, 0.00833301, 9.96604e-06, -7.58382e-07, 0.00833425, 4.25127e-06, 6.30378e-06, 0.00829988, 3.03724e-06, -1.30728e-05, 0.00833, 0, 0, 
0.00831851, -1.61364e-05, 6.67136e-07, 0.00833649, 4.62724e-06, 9.41774e-06, 0.00835319, 7.89865e-06, -8.73064e-06, 0.0083651, 1.20613e-06, -4.36749e-06, 0.00833, 0, 0, 
0.00835199, 1.09407e-06, 1.35031e-05, 0.00832342, -9.47585e-06, -2.44298e-06, 0.00827938, 1.05691e-05, -7.41148e-06, 0.00830318, 3.24428e-06, 1.22906e-06, 0.00833, 0, 0, 
0.00831599, 1.43743e-07, 1.79234e-05, 0.00834407, 1.72153e-06, -1.00419e-05, 0.00838087, -6.43141e-06, -1.52443e-06, 0.0083493, 1.01559e-05, 1.21773e-06, 0.00833, 0, 0, 
0.00831616, 3.60874e-06, -1.21175e-06, 0.00830553, 2.26648e-06, 6.61489e-06, 0.00830523, -7.09823e-06, -6.2716e-06, 0.00831385, 5.2168e-06, -1.06217e-07, 0.00833, 0, 0, 
0.00838558, 1.05813e-05, -8.0038e-06, 0.00835241, -6.40005e-06, 6.09755e-06, 0.00832735, 5.61069e-06, 2.93581e-06, 0.00833973, -8.27152e-06, -5.79972e-06, 0.00833, 0, 0, 
0.0082734, 5.20382e-07, -2.94507e-06, 0.00829909, 8.00966e-06, -4.53632e-06, 0.00835149, -2.38825e-06, 1.19948e-05, 0.00833345, -1.15895e-05, -5.6822e-06, 0.00833, 0, 0, 
0.00837469, 2.26102e-06, -7.1328e-06, 0.00834889, 9.89575e-06, 3.04121e-06, 0.00831858, -7.88033e-06, -9.23123e-07, 0.00830607, -8.40622e-06, 6.55797e-06, 0.00833, 0, 0, 
0.00832594, 1.93956e-05, -2.93681e-06, 0.00831897, -8.42492e-06, -2.58712e-07, 0.00832734, -7.62677e-07, -3.81978e-06, 0.00836525, -4.79707e-06, 1.30264e-05, 0.00833, 0, 0, 
0.00830338, 1.39768e-05, 3.65293e-06, 0.00832549, -2.21216e-06, -1.07397e-05, 0.00833812, -8.05588e-06, 7.05699e-06, 0.0083029, 2.27823e-06, 7.34081e-06, 0.00833, 0, 0, 
0.0083626, 5.556e-07, -9.64278e-06, 0.00835614, 7.19079e-06, 3.29035e-06, 0.00833091, -9.11411e-06, 3.45511e-06, 0.00833156, 2.48539e-06, 1.46952e-06, 0.00833, 0, 0, 
0.00829007, 1.74827e-07, -1.42672e-05, 0.0082983, -3.56566e-06, 9.69707e-06, 0.00830814, 9.05834e-06, 1.842e-06, 0.00835664, -5.50001e-06, -3.43448e-06, 0.00833, 0, 0, 
0.00835967, -8.81896e-06, 1.87793e-06, 0.0083739, 1.2991e-06, -4.72393e-06, 0.00835512, 9.03531e-06, 7.81226e-06, 0.00829556, -3.37948e-06, -5.19146e-06, 0.00833, 0, 0, 
0.00828892, -1.45587e-05, 7.27849e-06, 0.00829726, 8.56467e-06, -2.04735e-06, 0.00831195, -1.0522e-06, -4.00424e-06, 0.00834887, 6.85127e-06, 2.18482e-06, 0.00833, 0, 0, 
0.00836896, -1.5958e-07, 7.14951e-06, 0.00835231, -7.98185e-06, 3.69119e-06, 0.00833086, 5.92307e-06, -1.28637e-05, 0.00834099, 1.06452e-05, 5.39993e-06, 0.00833, 0, 0, 
0.00830888, 4.76607e-07, 1.28804e-05, 0.00832173, -8.01831e-06, -5.73676e-06, 0.00833571, 5.42724e-06, -6.05802e-07, 0.0082965, 1.07678e-05, -3.90397e-06, 0.00833, 0, 0, 
0.00832504, -1.2746e-05, 3.6418e-06, 0.00831842, 8.18376e-06, 1.31013e-06, 0.00833731, -1.95532e-06, 1.51239e-06, 0.00836479, 6.83748e-06, -1.02714e-05, 0.00833, 0, 0, 
0.00837735, -6.94669e-06, -6.16265e-06, 0.00834379, 1.23997e-06, 1.16072e-05, 0.00831147, 8.0363e-06, -4.6888e-06, 0.00830946, -3.91195e-06, -8.13215e-06, 0.00833, 0, 0, 
0.00827897, 1.19228e-06, 5.54286e-06, 0.00830468, -2.89146e-06, -2.88845e-06, 0.00835241, 8.2229e-06, 1.496e-06, 0.00833085, -6.6623e-06, -3.74257e-06, 0.00833, 0, 0, 
0.00837009, 1.28864e-06, 9.49673e-06, 0.00834994, 7.46549e-06, -7.44772e-06, 0.00833143, -8.94134e-06, -5.90529e-07, 0.00834012, 9.06917e-07, 4.4778e-06, 0.00833, 0, 0, 
0.00832393, 1.41885e-05, -2.12046e-06, 0.00831254, -1.89759e-06, 3.67465e-06, 0.00829763, -7.87891e-06, -7.91129e-06, 0.00831502, 1.45218e-06, 9.37309e-06, 0.00833, 0, 0, 
0.00830871, 1.91132e-05, -4.48767e-06, 0.0083456, -7.94018e-06, -1.5616e-06, 0.00838007, -1.20446e-06, 4.56547e-06, 0.00835056, -4.10433e-06, 2.00152e-06, 0.00833, 0, 0, 
0.00834268, 2.56922e-06, -8.26611e-06, 0.00832498, 8.97878e-06, -2.77578e-06, 0.0082838, -7.41543e-06, 1.2245e-05, 0.00830121, -6.93461e-06, -3.75653e-06, 0.00833, 0, 0, 
0.00832914, -8.21183e-08, -1.58424e-05, 0.00834013, 7.32687e-06, 8.21086e-06, 0.00834626, -1.51071e-06, 1.76256e-06, 0.00836576, -1.00219e-05, 1.35424e-06, 0.00833, 0, 0, 
0.00830252, 7.99601e-06, -3.79089e-06, 0.00832682, -5.33935e-06, -1.22914e-06, 0.00833642, 6.24139e-06, 1.22069e-06, 0.00830336, -7.17506e-06, 6.02767e-06, 0.00833, 0, 0, 
0.00835567, 1.60001e-06, 7.98719e-06, 0.00833768, 2.43092e-06, -1.06775e-05, 0.00831221, -5.1492e-06, 2.9377e-06, 0.00833127, 5.16994e-06, 7.06888e-06, 0.00833, 0, 0, 
0.00831938, -6.15224e-07, -8.69515e-07, 0.00832307, 1.45708e-06, 2.74027e-06, 0.00834235, -4.8401e-06, -5.80662e-06, 0.00836081, 1.00293e-05, 5.42851e-06, 0.00833, 0, 0, 
0.00832709, 9.82315e-07, -3.2079e-06, 0.00832807, -8.46304e-06, 4.65389e-06, 0.00832564, 9.51274e-06, -1.07375e-06, 0.00827983, 4.16799e-06, -4.09881e-06, 0.00833, 0, 0, 
0.00834983, -1.36617e-05, 3.21614e-06, 0.00833439, 4.08773e-06, -2.84876e-06, 0.00834287, 6.92765e-06, 7.17529e-06, 0.00837247, 1.81791e-06, -1.1451e-05, 0.00833, 0, 0, 
0.00831945, -1.77537e-05, 1.29268e-06, 0.00830673, 8.91781e-06, 4.96003e-06, 0.00830688, 3.97022e-06, -4.36033e-06, 0.00831416, 2.27421e-06, -5.50687e-06, 0.00833, 0, 0, 
0.00834931, -1.32213e-06, 7.32333e-06, 0.00835697, -6.69277e-06, 2.42595e-06, 0.00836336, 9.87564e-06, -9.86306e-06, 0.00831565, 2.95589e-06, 1.34397e-06, 0.00833, 0, 0, 
0.00830199, 2.3348e-06, 1.63066e-05, 0.0082966, -3.25301e-06, -9.53711e-06, 0.00830819, -1.60843e-07, -1.83763e-06, 0.00835741, 8.10633e-06, 6.6403e-07, 0.00833, 0, 0, 
0.00837216, -2.16062e-07, 3.58681e-06, 0.00836066, 5.07678e-06, 8.32432e-07, 0.00832765, -8.00028e-06, -3.61547e-06, 0.00830932, 7.2345e-06, -1.08878e-06, 0.00833, 0, 0, 
0.00827943, 7.10373e-06, -8.43458e-06, 0.0083155, -3.60716e-06, 8.48239e-06, 0.00834916, 3.49742e-06, -1.73981e-06, 0.00833552, -4.50448e-06, -4.37108e-06, 0.00833, 0, 0, 
0.00834929, 3.82432e-06, -3.04952e-06, 0.00833624, 1.77079e-06, -2.88431e-06, 0.00830763, 2.72249e-06, 8.98137e-06, 0.00833642, -1.04145e-05, -6.01723e-06, 0.00833, 0, 0, 
0.00834371, -2.30203e-07, -3.29843e-06, 0.00834656, 1.11146e-05, -1.61281e-06, 0.00833148, -7.52407e-06, 2.69699e-06, 0.00832325, -7.03735e-06, 2.74636e-06, 0.00833, 0, 0, 
0.00827297, 1.40125e-05, -4.9617e-06, 0.00830582, -3.00659e-06, 2.38729e-06, 0.00834355, -2.94538e-06, -5.71275e-06, 0.00833454, -4.11035e-06, 1.12389e-05, 0.00833, 0, 0, 
0.00839656, 1.69872e-05, 1.54722e-06, 0.00836273, -6.34096e-06, -7.73457e-06, 0.00831611, -3.46265e-06, 3.69933e-06, 0.00832483, 1.56895e-08, 7.55702e-06, 0.00833, 0, 0, 
0.00828495, 2.69984e-06, -5.09864e-06, 0.00829462, 6.6632e-06, -2.60334e-06, 0.00832518, -9.36796e-06, 6.10327e-06, 0.00833917, 2.15375e-06, 1.21257e-06, 0.00833, 0, 0, 
0.0083499, -4.66363e-07, -1.46854e-05, 0.00835309, 1.34038e-06, 9.31691e-06, 0.00836127, 3.12025e-06, 6.22013e-07, 0.00832079, -3.83222e-06, -1.85765e-06, 0.00833, 0, 0, 
0.00834211, -2.87935e-06, -3.18091e-06, 0.00831121, -2.42069e-06, -8.5157e-07, 0.00829353, 1.04695e-05, 5.03051e-06, 0.00832528, -5.10181e-06, -3.67306e-06, 0.00833, 0, 0, 
0.0083208, -1.11947e-05, 7.01588e-06, 0.00832928, 7.19211e-06, -5.88974e-06, 0.0083572, 2.03645e-08, 7.67204e-07, 0.00835535, 4.16669e-06, 5.51124e-07, 0.00833, 0, 0, 
0.00833811, -3.55079e-06, 4.79293e-06, 0.00833724, -1.42223e-06, 2.88625e-06, 0.00832663, 1.54615e-06, -1.09959e-05, 0.00828913, 9.74934e-06, 5.19264e-06, 0.00833, 0, 0, 
0.0083245, 2.9936e-06, 8.0948e-06, 0.00831703, -9.81144e-06, -1.83981e-06, 0.00831897, 7.15524e-06, -4.2182e-06, 0.00836506, 9.04912e-06, -1.23898e-06, 0.00833, 0, 0, 
0.00833854, -8.9722e-06, 5.99891e-06, 0.00834671, 4.35937e-06, -2.96953e-06, 0.00833981, 3.6009e-07, 3.29017e-06, 0.00832281, 6.7863e-06, -9.2589e-06, 0.00833, 0, 0, 
0.00830501, -1.02747e-05, -4.56331e-06, 0.00832226, 5.79834e-06, 8.71684e-06, 0.00832236, 3.73244e-06, -3.5221e-06, 0.00830402, -5.94321e-07, -8.03744e-06, 0.00833, 0, 0, 
0.00834514, 5.1185e-07, 1.20052e-06, 0.00834237, -3.77019e-06, 2.06539e-06, 0.00833715, 9.74751e-06, -2.3095e-06, 0.00837722, -5.51996e-06, -3.65788e-06, 0.00833, 0, 0, 
0.00832153, 1.76148e-06, 1.01236e-05, 0.00832355, 3.51211e-06, -8.69872e-06, 0.00830569, -3.40026e-06, 8.80504e-07, 0.00828689, 7.37449e-08, 1.78726e-06, 0.00833, 0, 0, 
0.00832081, 7.87597e-06, 9.67232e-07, 0.00834185, 3.07608e-06, 4.40782e-07, 0.00836737, -9.39809e-06, -6.08001e-06, 0.00835282, 3.04102e-06, 6.99671e-06, 0.00833, 0, 0, 
0.00833948, 1.70113e-05, -5.71015e-06, 0.0083141, -7.17575e-06, 2.14999e-06, 0.00829458, -8.04458e-07, -7.34005e-07, 0.00832924, -2.57991e-06, 3.09134e-06, 0.00833, 0, 0, 
0.00834473, 6.63208e-06, -5.79893e-06, 0.00834287, 3.33401e-06, -4.05601e-06, 0.00834521, -3.44237e-06, 1.07625e-05, 0.00831807, -6.41812e-06, -3.61128e-06, 0.00833, 0, 0, 
0.00830049, -1.60241e-06, -1.21938e-05, 0.00831269, 1.02493e-05, 3.84702e-06, 0.00834829, -4.56124e-06, 4.21497e-06, 0.00834351, -8.00137e-06, -3.83408e-07, 0.00833, 0, 0, 
0.00837326, 6.9117e-06, -7.83153e-06, 0.00833421, -2.64904e-06, 2.85226e-06, 0.00829679, 4.31302e-06, -1.38878e-06, 0.00831497, -7.31811e-06, 5.59687e-06, 0.00833, 0, 0, 
0.00831403, 5.978e-06, 5.36565e-06, 0.00833035, -1.72749e-06, -9.41433e-06, 0.00836095, -1.01211e-06, 2.86109e-06, 0.00834814, 1.56925e-06, 6.36907e-06, 0.00833, 0, 0, 
0.00831094, -6.35527e-07, 1.30279e-06, 0.00831645, 4.16583e-06, -2.25041e-06, 0.00831949, -6.91633e-06, -2.01759e-06, 0.00830889, 8.56308e-06, 4.8821e-06, 0.00833, 0, 0, 
0.00831289, 8.57931e-07, -5.36229e-06, 0.0083206, -5.58596e-06, 7.09884e-06, 0.00834453, 9.6873e-06, -9.4726e-06, 0.00840251, 2.03032e-05, -2.32876e-05, 0.00838076, -4.15096e-05, 6.03278e-05, 0.00833, 0, 0, 
0.00829987, -1.20446e-05, 7.55698e-06, 0.00831234, 2.10553e-06, -5.99278e-06, 0.00830927, 2.68078e-05, -1.94403e-05, 0.00829117, -3.30568e-06, -2.44348e-06, 0.00831527, -4.0243e-05, 6.16003e-05, 0.00833, 0, 0, 
0.00841066, -2.78549e-05, 1.84962e-05, 0.00839475, 2.86162e-05, -2.71531e-05, 0.00834702, 1.81738e-05, -2.1348e-05, 0.00831261, -3.10339e-05, 4.46535e-05, 0.00829195, -1.30882e-05, 1.67801e-05, 0.00833, 0, 0, 
0.0082713, 3.50732e-06, -9.23436e-06, 0.0082903, 1.88216e-05, -2.53075e-05, 0.00831208, 1.43942e-06, 6.51567e-07, 0.00833347, -3.06177e-05, 5.19513e-05, 0.00834347, 3.2719e-06, -1.18166e-05, 0.00833, 0, 0, 
0.00830233, 5.72787e-05, -6.65576e-05, 0.0083197, -1.09219e-05, 2.1045e-06, 0.00834999, -2.05234e-05, 3.53601e-05, 0.00838023, -3.03881e-06, 1.06565e-05, 0.00837053, -1.20239e-06, -7.91023e-07, 0.00833, 0, 0, 
0.00835902, 6.98987e-05, -9.55884e-05, 0.00834549, -9.5532e-06, 2.00799e-05, 0.00832201, -4.19858e-05, 5.05466e-05, 0.00829891, 1.35629e-05, -1.73578e-05, 0.00828896, -3.90144e-06, 1.29778e-05, 0.00833, 0, 0, 
0.00834672, 4.46103e-05, -6.05647e-05, 0.00834434, 3.95997e-06, 3.33373e-06, 0.00833603, -2.74279e-05, 3.13247e-05, 0.00829178, -9.77379e-06, 7.85884e-06, 0.00829959, 8.86918e-06, 8.57851e-07, 0.00833, 0, 0, 
0.00830891, 9.84544e-06, 1.60353e-06, 0.00831053, 1.17416e-05, -2.43168e-05, 0.00834497, 6.62947e-06, -4.14284e-06, 0.00839147, -3.71632e-05, 4.63331e-05, 0.00836284, 1.19648e-05, -1.07213e-05, 0.00833, 0, 0, 
0.00827386, -1.66491e-05, 3.01504e-05, 0.00828875, 1.97653e-05, -2.50614e-05, 0.00832475, 1.54715e-05, -2.57084e-05, 0.00832627, -2.28019e-05, 3.81304e-05, 0.00833776, -1.62885e-05, 1.35657e-05, 0.00833, 0, 0, 
0.00840875, -1.35299e-05, 1.74891e-05, 0.00838738, 7.8637e-06, -2.41232e-06, 0.00835545, 1.43561e-05, -2.24083e-05, 0.00831325, 9.27472e-06, -8.57954e-06, 0.00828401, -4.70295e-05, 5.24494e-05, 0.00833, 0, 0, 
0.00829536, -2.5544e-07, 2.94965e-06, 0.00830307, -8.82089e-06, 1.06955e-05, 0.00831456, 1.73223e-05, -9.47287e-06, 0.00830504, 1.394e-05, -3.0659e-05, 0.00830662, -3.80809e-05, 4.85093e-05, 0.00833, 0, 0, 
0.0082944, -8.04708e-06, 7.56626e-06, 0.00831969, 4.77865e-06, 2.53665e-06, 0.00836379, 4.45335e-06, -1.27444e-06, 0.00839581, -4.32678e-06, -4.80186e-06, 0.00837435, 6.14413e-06, -9.08092e-06, 0.00833, 0, 0, 
0.00830979, -6.39337e-06, 1.12522e-05, 0.00831666, 1.11906e-05, -4.96532e-06, 0.0083183, -1.09877e-05, 6.93436e-06, 0.00832169, -1.27684e-05, 1.84711e-05, 0.00830391, 4.21798e-05, -6.18569e-05, 0.00833, 0, 0, 
0.00836298, 2.02061e-05, -4.18598e-06, 0.00837096, -1.39265e-05, 8.52399e-06, 0.00834898, -1.41876e-05, 1.84149e-05, 0.00828741, 6.71587e-06, -5.79548e-06, 0.00828222, 3.92266e-05, -5.69777e-05, 0.00833, 0, 0, 
0.00830826, 2.2955e-05, -1.54464e-05, 0.00831989, -2.25609e-05, 2.83665e-05, 0.00833649, -1.74597e-05, 1.87814e-05, 0.00836485, 3.52211e-05, -4.74711e-05, 0.00833094, 1.2202e-05, -1.42583e-05, 0.00833, 0, 0, 
0.00824986, -1.13111e-05, 1.29701e-05, 0.00828533, -6.87878e-06, 2.29501e-05, 0.00833654, -3.91329e-06, -3.28774e-06, 0.00835642, 3.13075e-05, -4.72178e-05, 0.00835521, -1.19733e-06, 8.95256e-06, 0.00833, 0, 0, 
0.00837726, -4.68975e-05, 6.65263e-05, 0.00837056, 3.46067e-06, -5.47429e-06, 0.00835557, 3.08222e-05, -3.44851e-05, 0.0083281, -1.65542e-06, -5.61512e-06, 0.00829288, 4.93516e-06, -2.17735e-06, 0.00833, 0, 0, 
0.00832042, -6.23283e-05, 8.68175e-05, 0.0083207, 1.15261e-05, -1.91923e-05, 0.00831856, 3.9806e-05, -4.6769e-05, 0.00828262, -1.08717e-05, 1.75018e-05, 0.00827703, 2.94529e-06, -1.09012e-05, 0.00833, 0, 0, 
0.00830794, -4.14801e-05, 4.80985e-05, 0.00832552, 6.49782e-06, -1.14534e-06, 0.0083724, 1.74991e-05, -2.66042e-05, 0.00838933, 1.51369e-05, -9.11385e-06, 0.00836193, -1.20027e-05, 4.27899e-06, 0.00833, 0, 0, 
0.00827476, 4.26192e-06, -9.05417e-06, 0.00828231, -1.73353e-05, 2.17355e-05, 0.0083191, 5.52414e-07, 7.47664e-06, 0.00834567, 3.16569e-05, -4.20221e-05, 0.0083242, -1.10698e-05, 1.36987e-05, 0.00833, 0, 0, 
0.00837408, 2.22729e-05, -3.29147e-05, 0.00837349, -1.61052e-05, 1.97429e-05, 0.008364, -1.20229e-05, 2.53588e-05, 0.00829694, 1.62047e-05, -2.79045e-05, 0.0082844, 1.68011e-05, -1.28099e-05, 0.00833, 0, 0, 
0.00832773, 1.04341e-05, -2.10775e-05, 0.00832476, 7.47786e-06, -1.27799e-06, 0.00832934, -2.10217e-05, 2.11198e-05, 0.00832964, -9.53334e-06, 1.67097e-05, 0.00829645, 4.2591e-05, -4.84584e-05, 0.00833, 0, 0, 
0.0082544, 1.2832e-05, -9.52765e-06, 0.00829076, 4.3889e-06, -1.21078e-05, 0.00834923, -1.07904e-05, 1.10459e-05, 0.00837028, -1.57167e-05, 3.16686e-05, 0.00836139, 3.2235e-05, -3.94964e-05, 0.00833, 0, 0, 
0.00833443, 1.91899e-05, -1.53084e-05, 0.00834345, -7.26185e-06, -2.47961e-06, 0.00835041, -1.74535e-07, 3.58312e-06, 0.00834957, 3.1239e-06, 4.3497e-06, 0.0083136, -1.04906e-05, 1.66958e-05, 0.00833, 0, 0, 
0.008333, 3.64795e-06, -1.60513e-05, 0.00833935, 3.5389e-06, 3.80542e-06, 0.00832178, 2.77876e-06, -6.05731e-06, 0.00827545, 1.30996e-05, -1.40257e-05, 0.00826464, -4.27283e-05, 6.17498e-05, 0.00833, 0, 0, 
0.00832355, -1.26092e-05, 3.20762e-06, 0.00834664, 1.368e-05, -1.18474e-05, 0.00836886, 1.79965e-05, -1.71174e-05, 0.00836626, -1.18124e-05, 1.19628e-05, 0.00833781, -3.4983e-05, 5.17819e-05, 0.00833, 0, 0, 
0.00824516, -1.18781e-05, 1.3578e-05, 0.00826999, 1.70678e-05, -2.88681e-05, 0.00831534, 2.28382e-05, -1.69074e-05, 0.00836327, -3.68286e-05, 4.81565e-05, 0.00834011, -9.71747e-06, 1.14677e-05, 0.00833, 0, 0, 
0.00835857, 9.19649e-06, -1.611e-05, 0.00837008, 1.68556e-05, -1.91378e-05, 0.00837022, -4.5112e-06, 4.15613e-06, 0.00832012, -2.32578e-05, 4.14851e-05, 0.00830419, -1.23133e-06, -7.01575e-06, 0.00833, 0, 0, 
0.0083426, 4.901e-05, -6.41258e-05, 0.008332, -4.00197e-06, 7.61042e-06, 0.00831908, -2.75822e-05, 3.36056e-05, 0.0082995, 4.90946e-06, -1.83678e-07, 0.00827074, -5.17255e-06, 3.81324e-06, 0.00833, 0, 0, 
0.00828332, 6.46497e-05, -7.69225e-05, 0.00830802, -1.74568e-05, 1.78269e-05, 0.00835903, -2.77812e-05, 4.26956e-05, 0.00836558, 8.27307e-06, -1.81828e-05, 0.00835466, 7.1013e-07, 7.72784e-06, 0.00833, 0, 0, 
0.00830156, 2.93617e-05, -3.6903e-05, 0.00830859, 5.11087e-06, 4.4158e-07, 0.00834368, -1.94416e-05, 2.07676e-05, 0.00836712, -1.15859e-05, 9.72078e-06, 0.00833717, 1.42091e-05, -9.72127e-06, 0.00833, 0, 0, 
0.00834573, -7.65897e-06, 1.61296e-05, 0.00833979, 1.90594e-05, -1.97712e-05, 0.00833048, 1.45403e-06, -1.01029e-05, 0.00828488, -2.58655e-05, 3.6556e-05, 0.008274, 1.2053e-05, -1.62568e-05, 0.00833, 0, 0, 
0.00835423, -1.41914e-05, 3.54751e-05, 0.00835778, 4.63081e-06, -1.55398e-05, 0.00836281, 2.1479e-05, -2.4655e-05, 0.00833348, -1.15836e-05, 1.77329e-05, 0.00831195, -1.47275e-05, 1.21653e-05, 0.00833, 0, 0, 
0.0082487, -1.55788e-05, 2.31474e-05, 0.00826809, -9.74095e-07, 5.21548e-06, 0.00831496, 1.67845e-05, -2.11982e-05, 0.00836571, 1.66767e-05, -2.31903e-05, 0.00834591, -3.89944e-05, 4.42025e-05, 0.00833, 0, 0, 
0.00833506, -1.80749e-05, 1.51411e-05, 0.00835533, 1.60435e-06, 1.21881e-05, 0.00837108, 9.48913e-06, -1.23649e-05, 0.00834752, 1.81542e-05, -3.18209e-05, 0.00833425, -2.55299e-05, 3.10953e-05, 0.00833, 0, 0, 
