0, 0, 0, 0, 0, 0, 0, 0, 0, 0, 0, 0, 0, 0, 0, 0, 0, 0, 0, 0, 0, 0, 0, 0, 0, 0, 0, 0, 0, 0, 
0.00696499, -8.20265e-08, 7.82067e-21, 0.00696551, -8.2053e-08, 4.97414e-21, 0.00696598, -8.20755e-08, -9.49446e-22, 0.00696636, -8.20899e-08, -4.21111e-21, 0.00696661, -8.20959e-08, -4.9919e-21, 0.00696671, -8.20967e-08, -1.1022e-20, 0.00696665, -8.20971e-08, -2.09019e-21, 0.00696647, -8.21014e-08, 1.05198e-21, 0.00696619, -8.21104e-08, 3.60309e-21, 0.00696587, -8.21221e-08, 1.08303e-20, 
0.0117305, -4.66362e-07, -1.45332e-20, 0.0117309, -4.664e-07, 3.05234e-21, 0.0117313, -4.66433e-07, -4.1401e-21, 0.0117316, -4.66457e-07, 4.32442e-21, 0.0117318, -4.66469e-07, 3.45942e-24, 0.0117319, -4.66472e-07, 6.47251e-21, 0.011732, -4.66472e-07, 1.89294e-21, 0.0117319, -4.66473e-07, -2.57984e-21, 0.0117318, -4.66479e-07, -6.2174e-21, 0.0117316, -4.66486e-07, -1.27876e-20, 
0.0149909, -1.13883e-06, -1.86334e-20, 0.014991, -1.13884e-06, -1.37788e-20, 0.0149911, -1.13885e-06, -7.64191e-21, 0.0149912, -1.13886e-06, 1.21488e-20, 0.0149913, -1.13887e-06, 1.17061e-20, 0.0149914, -1.13887e-06, 2.30471e-20, 0.0149915, -1.13887e-06, 6.93227e-21, 0.0149917, -1.13887e-06, -2.26865e-21, 0.0149919, -1.13886e-06, -1.17488e-20, 0.0149921, -1.13885e-06, -2.77914e-20, 
0.0172205, -1.98545e-06, 1.71171e-20, 0.0172208, -1.9855e-06, 4.09425e-21, 0.0172211, -1.98554e-06, -5.06949e-21, 0.0172213, -1.98557e-06, 6.36963e-21, 0.0172215, -1.98558e-06, -8.2549e-21, 0.0172216, -1.98559e-06, -1.20174e-20, 0.0172216, -1.98559e-06, 9.61168e-21, 0.0172216, -1.98559e-06, -1.99823e-20, 0.0172216, -1.98559e-06, 1.53228e-20, 0.0172215, -1.98559e-06, 8.4592e-21, 
0.0187462, -2.89689e-06, -6.12245e-21, 0.0187464, -2.89692e-06, 5.38526e-21, 0.0187465, -2.89695e-06, -3.90027e-21, 0.0187467, -2.89698e-06, 1.99176e-21, 0.0187468, -2.89699e-06, -9.64901e-21, 0.0187469, -2.897e-06, -1.14303e-20, 0.018747, -2.897e-06, -5.07708e-22, 0.018747, -2.897e-06, -1.63938e-20, 0.018747, -2.897e-06, 2.2597e-20, 0.018747, -2.897e-06, -1.13139e-20, 
0.01979, -3.79432e-06, 1.29912e-20, 0.0197901, -3.79433e-06, 5.30395e-21, 0.0197901, -3.79434e-06, -1.31916e-20, 0.0197901, -3.79434e-06, -5.61809e-21, 0.0197902, -3.79435e-06, -1.54541e-20, 0.0197902, -3.79436e-06, 1.9113e-21, 0.0197903, -3.79436e-06, -1.97378e-20, 0.0197904, -3.79436e-06, -1.12834e-20, 0.0197906, -3.79435e-06, 2.22096e-21, 0.0197907, -3.79435e-06, 1.81176e-20, 
0.0205037, -4.62967e-06, 2.5489e-20, 0.0205038, -4.6297e-06, 2.68564e-20, 0.0205039, -4.62972e-06, -6.85462e-21, 0.0205041, -4.62974e-06, -2.04412e-20, 0.0205041, -4.62975e-06, -2.8509e-20, 0.0205042, -4.62976e-06, -4.52703e-20, 0.0205042, -4.62976e-06, -5.86022e-21, 0.0205042, -4.62976e-06, -8.37535e-21, 0.0205042, -4.62976e-06, 3.3543e-21, 0.0205042, -4.62976e-06, 2.76781e-20, 
0.0209921, -5.37871e-06, 2.77396e-21, 0.0209922, -5.37873e-06, 4.53087e-22, 0.0209923, -5.37875e-06, -3.95866e-20, 0.0209924, -5.37876e-06, 8.30764e-21, 0.0209924, -5.37877e-06, 2.21693e-20, 0.0209925, -5.37877e-06, -6.09806e-22, 0.0209925, -5.37877e-06, 1.29617e-23, 0.0209925, -5.37877e-06, -3.30042e-21, 0.0209925, -5.37877e-06, -2.35644e-20, 0.0209925, -5.37877e-06, -1.2185e-21, 
0.0213263, -6.03283e-06, -6.61719e-20, 0.0213263, -6.03283e-06, 8.37123e-21, 0.0213263, -6.03284e-06, -3.71112e-21, 0.0213264, -6.03284e-06, -3.26878e-21, 0.0213264, -6.03284e-06, 4.50944e-20, 0.0213264, -6.03284e-06, 4.06521e-21, 0.0213265, -6.03285e-06, 1.61477e-20, 0.0213265, -6.03285e-06, -3.31714e-21, 0.0213266, -6.03285e-06, -2.00885e-20, 0.0213266, -6.03284e-06, -4.06239e-20, 
0.0215548, -6.59313e-06, -2.1743e-20, 0.0215548, -6.59314e-06, -1.64708e-20, 0.0215549, -6.59315e-06, -9.37308e-21, 0.0215549, -6.59316e-06, 1.6212e-20, 0.0215549, -6.59317e-06, 1.05035e-20, 0.021555, -6.59317e-06, 1.82244e-20, 0.021555, -6.59317e-06, 2.32691e-21, 0.021555, -6.59317e-06, 1.2924e-20, 0.021555, -6.59317e-06, -2.84321e-20, 0.021555, -6.59317e-06, -3.47963e-20, 
0.0217111, -7.06629e-06, 9.59274e-20, 0.0217112, -7.0663e-06, 1.26017e-20, 0.0217112, -7.06631e-06, 1.51518e-20, 0.0217112, -7.06631e-06, -1.09247e-20, 0.0217112, -7.06631e-06, -5.91934e-20, 0.0217113, -7.06632e-06, -2.98464e-20, 0.0217113, -7.06632e-06, -2.57648e-20, 0.0217113, -7.06632e-06, -4.90815e-21, 0.0217113, -7.06632e-06, 2.63292e-21, 0.0217113, -7.06632e-06, 9.72909e-20, 
0.0218181, -7.46146e-06, -6.1308e-20, 0.0218181, -7.46146e-06, -5.19413e-20, 0.0218181, -7.46146e-06, 3.1175e-20, 0.0218181, -7.46146e-06, -4.21417e-21, 0.0218181, -7.46146e-06, 3.84687e-20, 0.0218182, -7.46146e-06, 4.86556e-20, 0.0218182, -7.46146e-06, 8.20489e-21, 0.0218182, -7.46146e-06, -1.84251e-20, 0.0218182, -7.46146e-06, -4.28666e-21, 0.0218183, -7.46146e-06, -1.25443e-19, 
0.0218912, -7.78859e-06, 3.96102e-20, 0.0218913, -7.7886e-06, -2.62966e-20, 0.0218913, -7.78861e-06, 1.85988e-20, 0.0218913, -7.78861e-06, -1.30288e-20, 0.0218913, -7.78861e-06, -2.49575e-20, 0.0218913, -7.78861e-06, 1.68875e-20, 0.0218913, -7.78861e-06, -3.23026e-21, 0.0218913, -7.78861e-06, -1.61052e-20, 0.0218913, -7.78861e-06, -1.35142e-20, 0.0218913, -7.78861e-06, 1.84162e-20, 
0.0219413, -8.05756e-06, 2.33227e-20, 0.0219413, -8.05756e-06, 6.48893e-21, 0.0219413, -8.05756e-06, 2.17189e-20, 0.0219413, -8.05757e-06, 1.64007e-23, 0.0219413, -8.05757e-06, -3.38867e-20, 0.0219414, -8.05757e-06, -3.76872e-20, 0.0219414, -8.05757e-06, -1.01767e-20, 0.0219414, -8.05757e-06, 6.66811e-21, 0.0219414, -8.05757e-06, 1.80591e-20, 0.0219414, -8.05757e-06, 1.82632e-20, 
0.0219756, -8.27739e-06, -4.99134e-20, 0.0219756, -8.27739e-06, -2.76003e-20, 0.0219756, -8.27739e-06, -2.13994e-20, 0.0219756, -8.27739e-06, -2.9362e-21, 0.0219756, -8.27739e-06, 5.65932e-20, 0.0219756, -8.27739e-06, 4.3778e-20, 0.0219756, -8.2774e-06, 2.53995e-20, 0.0219756, -8.2774e-06, -1.0865e-20, 0.0219756, -8.2774e-06, -3.41934e-20, 0.0219756, -8.27739e-06, -7.20512e-20, 
0.021999, -8.45616e-06, 2.52867e-20, 0.021999, -8.45616e-06, 4.57117e-20, 0.021999, -8.45617e-06, 2.97375e-21, 0.021999, -8.45617e-06, -3.8087e-21, 0.021999, -8.45617e-06, -3.31976e-20, 0.021999, -8.45617e-06, -3.19582e-20, 0.021999, -8.45617e-06, -2.723e-20, 0.021999, -8.45617e-06, 1.55686e-20, 0.021999, -8.45617e-06, 9.12115e-21, 0.021999, -8.45617e-06, 5.62693e-20, 
0.022015, -8.60091e-06, 9.07594e-22, 0.022015, -8.60091e-06, -1.97055e-20, 0.022015, -8.60091e-06, -1.98026e-20, 0.022015, -8.60091e-06, 1.12781e-20, 0.022015, -8.60091e-06, 5.26676e-20, 0.022015, -8.60091e-06, -1.31079e-20, 0.022015, -8.60091e-06, 5.94514e-20, 0.022015, -8.60091e-06, 6.38487e-21, 0.022015, -8.60091e-06, -2.83143e-20, 0.022015, -8.60091e-06, -2.7171e-20, 
0.022026, -8.71761e-06, -1.14493e-20, 0.022026, -8.71761e-06, 3.66814e-20, 0.022026, -8.71761e-06, -1.57848e-20, 0.022026, -8.71761e-06, 1.50448e-20, 0.022026, -8.71761e-06, -4.71298e-20, 0.022026, -8.71761e-06, 9.64074e-21, 0.022026, -8.71761e-06, -2.20762e-20, 0.022026, -8.71761e-06, -1.12932e-20, 0.022026, -8.71761e-06, 2.18779e-20, 0.022026, -8.71761e-06, 4.69682e-20, 
0.0220334, -8.8113e-06, 1.24698e-21, 0.0220334, -8.81131e-06, -2.82983e-21, 0.0220335, -8.81131e-06, 2.12263e-20, 0.0220335, -8.81131e-06, -1.34147e-20, 0.0220335, -8.81131e-06, 5.52764e-21, 0.0220335, -8.81131e-06, -1.64297e-20, 0.0220335, -8.81131e-06, 4.13813e-21, 0.0220335, -8.81131e-06, -2.23494e-20, 0.0220335, -8.81131e-06, 3.62458e-20, 0.0220335, -8.81131e-06, -1.80302e-20, 
0.0220386, -8.88622e-06, 5.70986e-21, 0.0220386, -8.88622e-06, -4.93582e-20, 0.0220386, -8.88623e-06, 7.68482e-21, 0.0220386, -8.88623e-06, 1.05962e-20, 0.0220386, -8.88623e-06, 3.41862e-21, 0.0220386, -8.88623e-06, 3.56267e-20, 0.0220386, -8.88623e-06, 7.06753e-21, 0.0220386, -8.88623e-06, -5.72526e-21, 0.0220386, -8.88623e-06, -2.17227e-20, 0.0220386, -8.88623e-06, -5.27721e-21, 
0.0220421, -8.94585e-06, 7.90342e-21, 0.0220421, -8.94585e-06, 1.86742e-20, 0.0220421, -8.94585e-06, 1.2264e-21, 0.0220421, -8.94585e-06, -3.90167e-21, 0.0220421, -8.94585e-06, -6.18569e-20, 0.0220421, -8.94585e-06, 1.85627e-20, 0.0220421, -8.94585e-06, -3.93992e-20, 0.0220421, -8.94585e-06, 6.04668e-21, 0.0220421, -8.94585e-06, 2.74173e-20, 0.0220421, -8.94585e-06, 2.76275e-21, 
0.0220445, -8.99305e-06, 3.6004e-20, 0.0220445, -8.99305e-06, -2.68462e-20, 0.0220445, -8.99305e-06, 7.64787e-21, 0.0220445, -8.99305e-06, -2.27518e-20, 0.0220445, -8.99305e-06, 1.816e-20, 0.0220445, -8.99305e-06, -9.43209e-21, 0.0220445, -8.99305e-06, -5.80901e-23, 0.0220445, -8.99305e-06, -2.68397e-20, 0.0220445, -8.99305e-06, 1.51774e-20, 0.0220445, -8.99305e-06, -9.03946e-22, 
0.0220461, -9.03018e-06, -2.97257e-20, 0.0220461, -9.03018e-06, 8.41468e-21, 0.0220461, -9.03018e-06, 1.40265e-20, 0.0220461, -9.03018e-06, 6.4903e-21, 0.0220461, -9.03018e-06, -2.06798e-20, 0.0220461, -9.03018e-06, 2.53323e-21, 0.0220461, -9.03018e-06, -2.41549e-21, 0.0220461, -9.03018e-06, 5.11776e-21, 0.0220461, -9.03018e-06, -2.33033e-20, 0.0220461, -9.03018e-06, 1.95017e-20, 
0.0220472, -9.05917e-06, 1.55053e-20, 0.0220473, -9.05917e-06, -1.83119e-21, 0.0220473, -9.05917e-06, -1.48033e-20, 0.0220473, -9.05917e-06, -1.10067e-20, 0.0220473, -9.05917e-06, 3.60801e-20, 0.0220473, -9.05917e-06, -8.77065e-21, 0.0220473, -9.05917e-06, -7.5433e-21, 0.0220473, -9.05917e-06, 1.89388e-20, 0.0220473, -9.05917e-06, -1.57472e-20, 0.0220473, -9.05917e-06, -3.07397e-20, 
0.022048, -9.08157e-06, -2.54234e-20, 0.022048, -9.08157e-06, 1.48243e-20, 0.022048, -9.08157e-06, 8.36297e-21, 0.022048, -9.08157e-06, -3.17634e-21, 0.022048, -9.08157e-06, 1.21049e-20, 0.022048, -9.08157e-06, -1.86245e-20, 0.022048, -9.08157e-06, 1.67698e-20, 0.022048, -9.08157e-06, 5.22359e-21, 0.022048, -9.08157e-06, -1.90125e-20, 0.022048, -9.08157e-06, 1.95887e-20, 
0.0220485, -9.09865e-06, 2.56536e-20, 0.0220485, -9.09865e-06, 1.95034e-20, 0.0220485, -9.09866e-06, -1.30768e-20, 0.0220485, -9.09866e-06, -1.30204e-21, 0.0220486, -9.09866e-06, -2.15055e-20, 0.0220486, -9.09866e-06, -1.75789e-21, 0.0220486, -9.09866e-06, -4.33467e-20, 0.0220486, -9.09866e-06, 1.83644e-20, 0.0220486, -9.09866e-06, 6.70546e-21, 0.0220486, -9.09866e-06, 4.11443e-20, 
0.0220489, -9.11146e-06, 4.13788e-21, 0.0220489, -9.11146e-06, -2.7882e-20, 0.0220489, -9.11146e-06, 5.03699e-21, 0.0220489, -9.11146e-06, -1.23942e-20, 0.0220489, -9.11146e-06, 4.72265e-20, 0.0220489, -9.11146e-06, -7.94833e-21, 0.0220489, -9.11146e-06, 4.2543e-20, 0.0220489, -9.11146e-06, -9.02713e-21, 0.0220489, -9.11146e-06, -1.77419e-21, 0.0220489, -9.11146e-06, -3.18646e-20, 
0.0220491, -9.1208e-06, -3.38188e-20, 0.0220491, -9.12081e-06, 1.46144e-20, 0.0220492, -9.12081e-06, 1.9043e-21, 0.0220492, -9.12081e-06, 1.69212e-20, 0.0220492, -9.12081e-06, -1.8298e-20, 0.0220492, -9.12081e-06, -3.77197e-22, 0.0220492, -9.12081e-06, -1.5531e-20, 0.0220492, -9.12081e-06, -4.65859e-22, 0.0220492, -9.12081e-06, 5.96185e-21, 0.0220492, -9.12081e-06, 2.63966e-20, 
0.0220493, -9.12737e-06, 6.88431e-21, 0.0220493, -9.12738e-06, 2.95789e-21, 0.0220493, -9.12738e-06, -1.73188e-20, 0.0220493, -9.12738e-06, 8.71796e-22, 0.0220493, -9.12738e-06, -2.56712e-21, 0.0220493, -9.12738e-06, 4.30886e-21, 0.0220493, -9.12738e-06, 8.1036e-21, 0.0220493, -9.12738e-06, -2.52364e-21, 0.0220493, -9.12738e-06, 1.83886e-21, 0.0220493, -9.12738e-06, -1.76224e-20, 
0.0220494, -9.13171e-06, -3.90707e-20, 0.0220494, -9.13171e-06, -3.73731e-20, 0.0220494, -9.13171e-06, 1.65209e-20, 0.0220494, -9.13171e-06, 1.25651e-20, 0.0220494, -9.13171e-06, 9.31023e-22, 0.0220494, -9.13171e-06, 3.16247e-20, 0.0220494, -9.13171e-06, 1.45849e-20, 0.0220494, -9.13171e-06, -2.30613e-20, 0.0220494, -9.13171e-06, -5.4171e-21, 0.0220495, -9.13171e-06, -3.44077e-20, 
0.0220495, -9.13424e-06, 4.24379e-20, 0.0220495, -9.13424e-06, -5.21794e-21, 0.0220495, -9.13424e-06, -6.24487e-21, 0.0220495, -9.13424e-06, -5.54546e-21, 0.0220495, -9.13424e-06, -5.45e-20, 0.0220495, -9.13424e-06, 7.47235e-21, 0.0220495, -9.13424e-06, -2.22622e-20, 0.0220495, -9.13424e-06, 4.67449e-21, 0.0220495, -9.13424e-06, 1.43117e-20, 0.0220495, -9.13424e-06, 1.03089e-20, 
0.0220496, -9.13532e-06, -2.32949e-20, 0.0220496, -9.13532e-06, -1.96918e-20, 0.0220496, -9.13533e-06, 2.09143e-20, 0.0220496, -9.13533e-06, -2.36502e-20, 0.0220496, -9.13533e-06, -4.66004e-21, 0.0220496, -9.13533e-06, -8.05113e-21, 0.0220496, -9.13533e-06, 5.4359e-21, 0.0220496, -9.13533e-06, -3.69416e-20, 0.0220496, -9.13533e-06, 2.32507e-20, 0.0220496, -9.13533e-06, -2.14087e-20, 
0.0220496, -9.13525e-06, 1.99621e-20, 0.0220496, -9.13525e-06, 2.50763e-20, 0.0220496, -9.13525e-06, -3.51423e-20, 0.0220496, -9.13525e-06, 1.71263e-20, 0.0220496, -9.13525e-06, -3.43425e-20, 0.0220496, -9.13525e-06, 1.27666e-20, 0.0220496, -9.13525e-06, -2.293e-20, 0.0220496, -9.13525e-06, 3.64613e-21, 0.0220496, -9.13525e-06, -4.01623e-21, 0.0220496, -9.13525e-06, -1.26755e-21, 
0.0220496, -9.13423e-06, -6.18877e-20, 0.0220496, -9.13423e-06, -7.59184e-21, 0.0220496, -9.13423e-06, 1.07353e-21, 0.0220496, -9.13423e-06, 1.19217e-20, 0.0220496, -9.13424e-06, 2.09872e-20, 0.0220496, -9.13424e-06, 9.99593e-21, 0.0220496, -9.13424e-06, 7.18459e-21, 0.0220496, -9.13424e-06, -3.32554e-20, 0.0220496, -9.13424e-06, -1.02846e-21, 0.0220496, -9.13424e-06, -7.80274e-20, 
0.0220496, -9.13247e-06, 5.35473e-20, 0.0220496, -9.13247e-06, 9.09168e-21, 0.0220496, -9.13247e-06, -1.53047e-20, 0.0220496, -9.13247e-06, -2.16436e-20, 0.0220497, -9.13247e-06, -1.20947e-20, 0.0220497, -9.13247e-06, -5.89675e-20, 0.0220497, -9.13247e-06, 1.31847e-20, 0.0220497, -9.13247e-06, -2.37304e-20, 0.0220497, -9.13247e-06, 1.33584e-20, 0.0220497, -9.13247e-06, 1.1745e-20, 
0.0220497, -9.1301e-06, -5.43436e-20, 0.0220497, -9.1301e-06, 1.99511e-21, 0.0220497, -9.1301e-06, -2.85427e-20, 0.0220497, -9.1301e-06, 3.13855e-20, 0.0220497, -9.1301e-06, -3.53503e-20, 0.0220497, -9.1301e-06, 3.38923e-20, 0.0220497, -9.1301e-06, -5.69182e-21, 0.0220497, -9.1301e-06, -1.04292e-21, 0.0220497, -9.1301e-06, -3.28967e-20, 0.0220497, -9.1301e-06, -3.61739e-20, 
0.0220497, -9.12725e-06, -5.70511e-20, 0.0220497, -9.12725e-06, -5.31123e-20, 0.0220497, -9.12725e-06, 6.19226e-21, 0.0220497, -9.12725e-06, 1.49303e-20, 0.0220497, -9.12725e-06, 8.31722e-20, 0.0220497, -9.12725e-06, 2.14871e-20, 0.0220497, -9.12725e-06, 1.49058e-20, 0.0220497, -9.12725e-06, -2.94814e-20, 0.0220497, -9.12725e-06, -9.22643e-21, 0.0220497, -9.12725e-06, -9.77965e-20, 
0.0220497, -9.12401e-06, 7.13582e-20, 0.0220497, -9.12401e-06, 2.5642e-20, 0.0220497, -9.12401e-06, -7.86345e-21, 0.0220497, -9.12401e-06, -4.5345e-20, 0.0220497, -9.12401e-06, -7.49601e-20, 0.0220497, -9.12401e-06, -4.09792e-20, 0.0220497, -9.12401e-06, -1.09614e-20, 0.0220497, -9.12401e-06, -4.40524e-21, 0.0220497, -9.12401e-06, 1.59073e-21, 0.0220497, -9.12401e-06, 4.7614e-20, 
0.0220497, -9.12046e-06, -3.70119e-20, 0.0220497, -9.12046e-06, -3.45219e-20, 0.0220497, -9.12046e-06, 8.71492e-21, 0.0220497, -9.12046e-06, 2.90888e-20, 0.0220497, -9.12046e-06, 2.38429e-20, 0.0220497, -9.12046e-06, 1.12891e-20, 0.0220497, -9.12046e-06, -2.25535e-20, 0.0220497, -9.12046e-06, -6.42604e-21, 0.0220497, -9.12046e-06, -1.61851e-20, 0.0220497, -9.12046e-06, -3.21761e-20, 
0.0220497, -9.11665e-06, -1.45243e-20, 0.0220497, -9.11665e-06, -2.26345e-20, 0.0220497, -9.11665e-06, 5.21434e-22, 0.0220497, -9.11665e-06, -6.05418e-21, 0.0220497, -9.11665e-06, 1.00029e-20, 0.0220497, -9.11665e-06, 3.26849e-20, 0.0220497, -9.11665e-06, 1.85297e-20, 0.0220497, -9.11665e-06, 3.04333e-21, 0.0220497, -9.11665e-06, -3.13325e-20, 0.0220497, -9.11665e-06, -2.49288e-20, 
0.0220497, -9.11265e-06, 3.86752e-20, 0.0220497, -9.11265e-06, 7.37019e-21, 0.0220497, -9.11265e-06, 1.23544e-20, 0.0220497, -9.11265e-06, -5.70839e-21, 0.0220497, -9.11265e-06, -8.54839e-22, 0.0220497, -9.11265e-06, -8.97085e-21, 0.0220497, -9.11265e-06, -2.47106e-20, 0.0220497, -9.11265e-06, -5.87033e-21, 0.0220497, -9.11265e-06, 1.76024e-20, 0.0220497, -9.11265e-06, 4.06713e-20, 
0.0220497, -9.10848e-06, -2.11251e-20, 0.0220497, -9.10848e-06, 1.87912e-21, 0.0220497, -9.10848e-06, 1.37364e-20, 0.0220497, -9.10848e-06, -9.61205e-21, 0.0220497, -9.10848e-06, 3.79832e-20, 0.0220497, -9.10848e-06, 3.57198e-21, 0.0220497, -9.10848e-06, 3.26767e-21, 0.0220497, -9.10848e-06, 2.46939e-20, 0.0220497, -9.10848e-06, -1.23915e-20, 0.0220497, -9.10848e-06, -5.20503e-20, 
0.0220497, -9.10418e-06, -1.81325e-20, 0.0220497, -9.10418e-06, 4.07904e-21, 0.0220497, -9.10418e-06, -1.88073e-20, 0.0220497, -9.10418e-06, 4.61098e-21, 0.0220497, -9.10418e-06, 1.05524e-20, 0.0220497, -9.10418e-06, -1.283e-20, 0.0220497, -9.10418e-06, 1.51388e-20, 0.0220497, -9.10418e-06, -9.38239e-22, 0.0220497, -9.10418e-06, -3.45851e-20, 0.0220497, -9.10418e-06, 9.10371e-21, 
0.0220497, -9.09978e-06, 1.12792e-20, 0.0220497, -9.09978e-06, 9.89565e-21, 0.0220497, -9.09978e-06, -1.41494e-20, 0.0220497, -9.09978e-06, -2.76729e-20, 0.0220497, -9.09978e-06, -1.03737e-20, 0.0220497, -9.09978e-06, -4.08557e-20, 0.0220497, -9.09978e-06, -4.06677e-20, 0.0220497, -9.09978e-06, 1.6383e-20, 0.0220497, -9.09978e-06, -8.65533e-21, 0.0220497, -9.09978e-06, -5.9344e-21, 
0.0220497, -9.09529e-06, -4.8185e-20, 0.0220497, -9.09529e-06, -1.15287e-20, 0.0220497, -9.09529e-06, -5.56559e-21, 0.0220497, -9.09529e-06, -7.61655e-21, 0.0220497, -9.09529e-06, -7.90215e-21, 0.0220497, -9.09529e-06, 2.37702e-20, 0.0220497, -9.09529e-06, -1.37507e-20, 0.0220497, -9.09529e-06, -2.08394e-20, 0.0220497, -9.09529e-06, -5.87509e-20, 0.0220497, -9.09529e-06, -4.11628e-20, 
0.0220497, -9.09074e-06, 9.92026e-22, 0.0220497, -9.09074e-06, -4.2595e-20, 0.0220497, -9.09074e-06, 1.71388e-20, 0.0220497, -9.09074e-06, -6.56898e-21, 0.0220497, -9.09074e-06, 5.11685e-20, 0.0220497, -9.09074e-06, -2.2425e-20, 0.0220497, -9.09074e-06, 4.41147e-21, 0.0220497, -9.09074e-06, -5.78067e-21, 0.0220497, -9.09074e-06, -1.30994e-20, 0.0220497, -9.09074e-06, -5.11001e-20, 
0.0220497, -9.08613e-06, 5.1372e-20, 0.0220497, -9.08613e-06, 5.68623e-20, 0.0220497, -9.08613e-06, 7.34186e-22, 0.0220497, -9.08613e-06, -1.13544e-20, 0.0220497, -9.08613e-06, -5.41047e-20, 0.0220497, -9.08613e-06, -1.04961e-20, 0.0220497, -9.08613e-06, -2.91658e-20, 0.0220497, -9.08613e-06, 1.4559e-20, 0.0220497, -9.08613e-06, -6.10095e-21, 0.0220497, -9.08613e-06, 9.50931e-20, 
0.0220497, -9.08148e-06, 2.35341e-20, 0.0220497, -9.08148e-06, 7.10856e-21, 0.0220497, -9.08148e-06, 1.71011e-20, 0.0220497, -9.08148e-06, 4.83194e-20, 0.0220497, -9.08148e-06, 5.38071e-20, 0.0220497, -9.08148e-06, 3.40246e-20, 0.0220497, -9.08148e-06, 3.95352e-21, 0.0220497, -9.08148e-06, 6.18119e-20, 0.0220497, -9.08148e-06, 1.09931e-20, 0.0220497, -9.08148e-06, -2.07315e-20, 
0.0220497, -9.0768e-06, -9.24768e-22, 0.0220497, -9.0768e-06, 4.94551e-20, 0.0220497, -9.0768e-06, 5.92728e-20, 0.0220497, -9.0768e-06, 6.49494e-21, 0.0220497, -9.0768e-06, 6.82486e-20, 0.0220497, -9.0768e-06, 3.60881e-20, 0.0220497, -9.0768e-06, 9.88244e-20, 0.0220497, -9.0768e-06, 4.04732e-20, 0.0220497, -9.0768e-06, 2.89708e-20, 0.0220497, -9.0768e-06, 4.82459e-20, 
0.0220497, -9.07208e-06, 4.6019e-20, 0.0220497, -9.07208e-06, 3.51578e-20, 0.0220497, -9.07208e-06, 1.5391e-20, 0.0220497, -9.07208e-06, 9.57943e-20, 0.0220497, -9.07208e-06, 3.92305e-20, 0.0220497, -9.07208e-06, 6.34534e-20, 0.0220497, -9.07208e-06, 1.67522e-20, 0.0220497, -9.07208e-06, 9.33959e-20, 0.0220497, -9.07208e-06, 6.93706e-20, 0.0220497, -9.07208e-06, 6.0601e-20, 
0.0220497, -9.06735e-06, 2.60257e-20, 0.0220497, -9.06735e-06, 4.68163e-20, 0.0220497, -9.06735e-06, 6.58911e-20, 0.0220497, -9.06735e-06, 2.22607e-20, 0.0220497, -9.06735e-06, 5.64001e-20, 0.0220497, -9.06735e-06, 7.82648e-20, 0.0220497, -9.06735e-06, 1.02961e-19, 0.0220497, -9.06735e-06, 6.30828e-20, 0.0220497, -9.06735e-06, 7.81313e-20, 0.0220497, -9.06735e-06, 1.06636e-19, 
0.0220497, -9.06259e-06, 8.53214e-21, 0.0220497, -9.06259e-06, -1.39103e-20, 0.0220497, -9.06259e-06, 3.91624e-20, 0.0220497, -9.06259e-06, 8.30062e-20, 0.0220497, -9.06259e-06, 7.20479e-20, 0.0220497, -9.06259e-06, 7.70477e-20, 0.0220497, -9.06259e-06, 6.74475e-20, 0.0220497, -9.06259e-06, 8.60831e-20, 0.0220497, -9.06259e-06, 1.15175e-19, 0.0220497, -9.06259e-06, 6.74632e-20, 
0.0220497, -9.05782e-06, -1.37703e-20, 0.0220497, -9.05782e-06, 1.474e-20, 0.0220497, -9.05782e-06, 4.41085e-20, 0.0220497, -9.05782e-06, 1.74142e-20, 0.0220497, -9.05782e-06, 3.45306e-20, 0.0220497, -9.05782e-06, 7.20685e-20, 0.0220497, -9.05782e-06, 9.17603e-20, 0.0220497, -9.05782e-06, 7.0606e-20, 0.0220497, -9.05782e-06, 9.6141e-20, 0.0220497, -9.05782e-06, 1.05213e-19, 
0.0220497, -9.05304e-06, -8.43745e-21, 0.0220497, -9.05304e-06, -1.73338e-20, 0.0220497, -9.05304e-06, -4.64453e-21, 0.0220497, -9.05304e-06, 2.75054e-20, 0.0220497, -9.05304e-06, 3.71647e-20, 0.0220497, -9.05304e-06, 4.88093e-20, 0.0220497, -9.05304e-06, 4.74093e-20, 0.0220497, -9.05304e-06, 7.67625e-20, 0.0220497, -9.05304e-06, 9.29199e-20, 0.0220497, -9.05304e-06, 1.09275e-19, 
0.0220497, -9.04825e-06, -5.33663e-20, 0.0220497, -9.04825e-06, -2.92726e-20, 0.0220497, -9.04825e-06, -1.95065e-20, 0.0220497, -9.04825e-06, 1.4047e-20, 0.0220497, -9.04825e-06, 6.4452e-21, 0.0220497, -9.04825e-06, 3.5291e-20, 0.0220497, -9.04825e-06, 4.18303e-20, 0.0220497, -9.04825e-06, 8.39843e-20, 0.0220497, -9.04825e-06, 5.41755e-20, 0.0220497, -9.04825e-06, 9.09481e-20, 
0.0220497, -9.04345e-06, -4.45793e-20, 0.0220497, -9.04345e-06, -5.01987e-20, 0.0220497, -9.04345e-06, -2.11317e-20, 0.0220497, -9.04345e-06, -2.49014e-20, 0.0220497, -9.04345e-06, 2.07697e-20, 0.0220497, -9.04346e-06, -8.81403e-21, 0.0220497, -9.04346e-06, 4.27554e-20, 0.0220497, -9.04346e-06, 4.32691e-20, 0.0220497, -9.04346e-06, 6.62647e-20, 0.0220497, -9.04346e-06, 1.14883e-19, 
0.0220497, -9.03865e-06, -6.48034e-20, 0.0220497, -9.03865e-06, -9.37308e-20, 0.0220497, -9.03865e-06, -3.49885e-20, 0.0220497, -9.03865e-06, 2.04092e-21, 0.0220497, -9.03865e-06, -1.7248e-20, 0.0220497, -9.03865e-06, 2.95042e-20, 0.0220497, -9.03865e-06, 4.22571e-20, 0.0220497, -9.03865e-06, 7.28251e-20, 0.0220497, -9.03865e-06, 3.13292e-20, 0.0220497, -9.03865e-06, 7.16313e-20, 
0.0220497, -9.03384e-06, -7.95941e-20, 0.0220497, -9.03384e-06, -7.78738e-20, 0.0220497, -9.03384e-06, -3.91478e-20, 0.0220497, -9.03384e-06, -7.89e-20, 0.0220497, -9.03384e-06, -1.81421e-20, 0.0220497, -9.03384e-06, 2.4475e-21, 0.0220497, -9.03384e-06, 1.31336e-20, 0.0220497, -9.03384e-06, 4.24632e-20, 0.0220497, -9.03384e-06, 5.95901e-20, 0.0220497, -9.03384e-06, 8.82424e-20, 
0.0220497, -9.02903e-06, -1.37026e-19, 0.0220497, -9.02903e-06, -1.35408e-19, 0.0220497, -9.02903e-06, -5.68468e-20, 0.0220497, -9.02903e-06, -3.79284e-20, 0.0220497, -9.02903e-06, 6.2067e-21, 0.0220497, -9.02903e-06, 9.07016e-21, 0.0220497, -9.02903e-06, 1.92025e-20, 0.0220497, -9.02903e-06, 3.97906e-20, 0.0220497, -9.02903e-06, 5.18672e-20, 0.0220497, -9.02903e-06, 5.12843e-20, 
0.0220497, -9.02421e-06, -1.25053e-19, 0.0220497, -9.02421e-06, -7.72175e-20, 0.0220497, -9.02421e-06, -8.14814e-20, 0.0220497, -9.02421e-06, -5.37853e-20, 0.0220497, -9.02421e-06, -7.23873e-20, 0.0220497, -9.02421e-06, 1.64335e-20, 0.0220497, -9.02421e-06, 3.85092e-21, 0.0220497, -9.02421e-06, 5.67229e-20, 0.0220497, -9.02421e-06, 7.02113e-20, 0.0220497, -9.02421e-06, 8.41057e-20, 
0.0220497, -9.01939e-06, -5.74312e-20, 0.0220497, -9.01939e-06, -8.49241e-20, 0.0220497, -9.01939e-06, -9.41784e-20, 0.0220497, -9.01939e-06, -6.21763e-20, 0.0220497, -9.01939e-06, -5.55049e-20, 0.0220497, -9.01939e-06, -6.56641e-20, 0.0220497, -9.01939e-06, 1.01416e-20, 0.0220497, -9.01939e-06, 1.29125e-20, 0.0220497, -9.01939e-06, 1.07256e-19, 0.0220497, -9.01939e-06, 1.67804e-19, 
0.0220497, -9.01457e-06, -1.8269e-19, 0.0220497, -9.01457e-06, -1.02582e-19, 0.0220497, -9.01457e-06, -9.81409e-20, 0.0220497, -9.01457e-06, -3.47925e-20, 0.0220497, -9.01457e-06, -1.17679e-20, 0.0220497, -9.01457e-06, -1.52691e-20, 0.0220497, -9.01457e-06, 7.31471e-20, 0.0220497, -9.01457e-06, 4.18182e-20, 0.0220497, -9.01457e-06, 6.93312e-20, 0.0220497, -9.01457e-06, 1.3448e-20, 
0.0220497, -9.00974e-06, -2.15396e-19, 0.0220497, -9.00975e-06, -1.10527e-19, 0.0220497, -9.00975e-06, -1.18174e-19, 0.0220497, -9.00975e-06, -7.19002e-21, 0.0220497, -9.00975e-06, 1.62793e-20, 0.0220497, -9.00975e-06, 6.18278e-20, 0.0220497, -9.00975e-06, 3.94564e-20, 0.0220497, -9.00975e-06, 2.76907e-20, 0.0220497, -9.00975e-06, 3.51491e-20, 0.0220497, -9.00975e-06, 5.19456e-20, 
0.0220497, -9.00492e-06, -2.30222e-20, 0.0220497, -9.00492e-06, -9.44048e-20, 0.0220497, -9.00492e-06, -6.01707e-20, 0.0220497, -9.00492e-06, -7.30947e-20, 0.0220497, -9.00492e-06, -6.42837e-20, 0.0220497, -9.00492e-06, -9.25778e-20, 0.0220497, -9.00492e-06, 3.27359e-20, 0.0220497, -9.00492e-06, 4.07856e-20, 0.0220497, -9.00492e-06, 1.28282e-19, 0.0220497, -9.00492e-06, 1.50176e-19, 
0.0220497, -9.00009e-06, -9.22195e-20, 0.0220497, -9.00009e-06, -8.54306e-20, 0.0220497, -9.00009e-06, -7.2376e-20, 0.0220497, -9.00009e-06, -4.75385e-20, 0.0220497, -9.0001e-06, -5.59465e-20, 0.0220497, -9.0001e-06, 3.42155e-21, 0.0220497, -9.0001e-06, 1.19928e-20, 0.0220497, -9.0001e-06, 3.86425e-20, 0.0220497, -9.0001e-06, 9.13941e-20, 0.0220497, -9.0001e-06, 1.36338e-19, 
0.0220497, -8.99527e-06, -1.5737e-19, 0.0220497, -8.99527e-06, -1.08469e-19, 0.0220497, -8.99527e-06, -5.35682e-20, 0.0220497, -8.99527e-06, -5.32417e-20, 0.0220497, -8.99527e-06, -5.72653e-21, 0.0220497, -8.99527e-06, 4.13297e-20, 0.0220497, -8.99527e-06, 2.68643e-20, 0.0220497, -8.99527e-06, 5.01185e-20, 0.0220497, -8.99527e-06, 9.38415e-20, 0.0220497, -8.99527e-06, 4.05137e-20, 
0.0220497, -8.99044e-06, -9.65744e-20, 0.0220497, -8.99044e-06, -1.08236e-19, 0.0220497, -8.99044e-06, -6.17844e-20, 0.0220497, -8.99044e-06, -2.3768e-20, 0.0220497, -8.99044e-06, -5.23738e-20, 0.0220497, -8.99044e-06, 1.70609e-20, 0.0220497, -8.99044e-06, 3.83167e-20, 0.0220497, -8.99044e-06, 4.23491e-20, 0.0220497, -8.99044e-06, 8.02649e-20, 0.0220497, -8.99044e-06, 1.13348e-19, 
0.0220497, -8.98561e-06, -1.25067e-19, 0.0220497, -8.98561e-06, -1.24055e-19, 0.0220497, -8.98561e-06, -6.48837e-20, 0.0220497, -8.98561e-06, -1.46657e-20, 0.0220497, -8.98561e-06, -1.51014e-21, 0.0220497, -8.98561e-06, 4.93243e-20, 0.0220497, -8.98561e-06, 4.19148e-20, 0.0220497, -8.98561e-06, 5.1473e-20, 0.0220497, -8.98561e-06, 7.84472e-20, 0.0220497, -8.98561e-06, 4.61688e-20, 
0.0220497, -8.98078e-06, -6.75117e-20, 0.0220497, -8.98078e-06, -5.46744e-20, 0.0220497, -8.98078e-06, -4.71968e-20, 0.0220497, -8.98078e-06, -7.1272e-20, 0.0220497, -8.98078e-06, -3.23517e-20, 0.0220497, -8.98078e-06, 6.3007e-21, 0.0220497, -8.98078e-06, 1.54571e-20, 0.0220497, -8.98078e-06, 4.50829e-20, 0.0220497, -8.98078e-06, 1.21626e-19, 0.0220497, -8.98078e-06, 1.51893e-19, 
0.0220497, -8.97595e-06, -7.80476e-20, 0.0220497, -8.97595e-06, -7.98392e-20, 0.0220497, -8.97595e-06, -6.22618e-20, 0.0220497, -8.97595e-06, -2.41184e-20, 0.0220497, -8.97595e-06, 1.6671e-20, 0.0220497, -8.97595e-06, 6.23655e-21, 0.0220497, -8.97595e-06, 3.31379e-20, 0.0220497, -8.97595e-06, 8.48117e-20, 0.0220497, -8.97595e-06, 7.86481e-20, 0.0220497, -8.97595e-06, 8.26745e-20, 
0.0220497, -8.97112e-06, -1.21352e-19, 0.0220497, -8.97112e-06, -9.54435e-20, 0.0220497, -8.97112e-06, -2.65136e-20, 0.0220497, -8.97112e-06, -1.65229e-20, 0.0220497, -8.97112e-06, 2.94038e-21, 0.0220497, -8.97112e-06, 1.91932e-20, 0.0220497, -8.97112e-06, 6.66342e-20, 0.0220497, -8.97112e-06, 5.72272e-20, 0.0220497, -8.97112e-06, 2.94188e-20, 0.0220497, -8.97112e-06, 1.0948e-19, 
0.0220497, -8.96629e-06, -7.50135e-20, 0.0220497, -8.96629e-06, -5.93618e-20, 0.0220497, -8.96629e-06, -4.20426e-20, 0.0220497, -8.96629e-06, -3.20564e-20, 0.0220497, -8.96629e-06, 6.12227e-21, 0.0220497, -8.96629e-06, 4.56003e-20, 0.0220497, -8.96629e-06, 1.83944e-20, 0.0220497, -8.96629e-06, 7.20473e-20, 0.0220497, -8.96629e-06, 1.06673e-19, 0.0220497, -8.96629e-06, 7.19623e-20, 
0.0220497, -8.96145e-06, -7.75856e-20, 0.0220497, -8.96145e-06, -7.15913e-20, 0.0220497, -8.96145e-06, -1.48201e-20, 0.0220497, -8.96145e-06, -2.77464e-20, 0.0220497, -8.96146e-06, -1.03267e-20, 0.0220497, -8.96146e-06, 4.1215e-20, 0.0220497, -8.96146e-06, 5.66777e-20, 0.0220497, -8.96146e-06, 5.95016e-20, 0.0220497, -8.96146e-06, 8.56632e-20, 0.0220497, -8.96146e-06, 9.86485e-20, 
0.0220497, -8.95662e-06, -4.58216e-20, 0.0220497, -8.95662e-06, -7.3309e-20, 0.0220497, -8.95662e-06, -2.35298e-20, 0.0220497, -8.95662e-06, 2.79896e-21, 0.0220497, -8.95662e-06, -1.089e-20, 0.0220497, -8.95662e-06, 4.79765e-20, 0.0220497, -8.95662e-06, 2.45384e-20, 0.0220497, -8.95662e-06, 6.37039e-20, 0.0220497, -8.95662e-06, 1.01426e-19, 0.0220497, -8.95662e-06, 1.15099e-19, 
0.0220497, -8.95179e-06, -2.78258e-20, 0.0220497, -8.95179e-06, -7.36308e-20, 0.0220497, -8.95179e-06, 3.66122e-21, 0.0220497, -8.95179e-06, -5.00434e-20, 0.0220497, -8.95179e-06, 1.19728e-20, 0.0220497, -8.95179e-06, 3.78106e-20, 0.0220497, -8.95179e-06, 5.31916e-20, 0.0220497, -8.95179e-06, 5.40295e-20, 0.0220497, -8.95179e-06, 1.22894e-19, 0.0220497, -8.95179e-06, 7.83111e-20, 
0.0220497, -8.94696e-06, -6.51092e-20, 0.0220497, -8.94696e-06, -8.47859e-20, 0.0220497, -8.94696e-06, -6.67482e-21, 0.0220497, -8.94696e-06, 1.48246e-20, 0.0220497, -8.94696e-06, 1.18675e-20, 0.0220497, -8.94696e-06, 7.19049e-20, 0.0220497, -8.94696e-06, 2.4471e-20, 0.0220497, -8.94696e-06, 8.71031e-20, 0.0220497, -8.94696e-06, 6.82913e-20, 0.0220497, -8.94696e-06, 1.01614e-19, 
0.0220497, -8.94212e-06, -4.80609e-20, 0.0220497, -8.94212e-06, -4.17318e-20, 0.0220497, -8.94212e-06, -1.29081e-20, 0.0220497, -8.94212e-06, -4.53247e-20, 0.0220497, -8.94212e-06, 2.40002e-20, 0.0220497, -8.94212e-06, 3.3863e-20, 0.0220497, -8.94212e-06, 3.18834e-20, 0.0220497, -8.94212e-06, 1.07129e-19, 0.0220497, -8.94212e-06, 6.40114e-20, 0.0220497, -8.94212e-06, 1.4145e-19, 
0.0220497, -8.93729e-06, -6.88773e-20, 0.0220497, -8.93729e-06, -9.18094e-21, 0.0220497, -8.93729e-06, -4.09666e-20, 0.0220497, -8.93729e-06, -1.77601e-20, 0.0220497, -8.93729e-06, 5.39432e-20, 0.0220497, -8.93729e-06, 2.5539e-21, 0.0220497, -8.93729e-06, 2.97395e-20, 0.0220497, -8.93729e-06, 9.93557e-20, 0.0220497, -8.93729e-06, 6.00887e-20, 0.0220497, -8.93729e-06, 1.44432e-19, 
0, -2.91374e-07, -2.15469e-23, 0, -1.85198e-07, -1.36641e-23, 0, -8.47843e-08, -6.14576e-24, 0, -5.89183e-09, -2.38133e-25, 0, 4.62274e-08, 3.5958e-24, 0, 7.39929e-08, 5.54063e-24, 0, 8.49372e-08, 6.21249e-24, 0, 8.73772e-08, 6.28333e-24, 0, 8.67921e-08, 6.18527e-24, 0, 8.4469e-08, 6.0079e-24, 
0, -2.2014e-07, -1.6076e-23, 0, -1.42183e-07, -1.03749e-23, 0, -6.45594e-08, -4.68182e-24, 0, -3.88074e-09, -2.31425e-25, 0, 3.5978e-08, 2.67367e-24, 0, 5.7011e-08, 4.1808e-24, 0, 6.50646e-08, 4.73274e-24, 0, 6.64905e-08, 4.8084e-24, 0, 6.52886e-08, 4.70706e-24, 0, 6.17198e-08, 4.4468e-24, 
0, -1.66346e-07, -1.20945e-23, 0, -1.09143e-07, -7.93325e-24, 0, -4.91465e-08, -3.56464e-24, 0, -2.4832e-09, -1.66872e-25, 0, 2.79931e-08, 2.04738e-24, 0, 4.39186e-08, 3.19761e-24, 0, 4.98305e-08, 3.61792e-24, 0, 5.0581e-08, 3.6651e-24, 0, 4.90922e-08, 3.5535e-24, 0, 4.50612e-08, 3.26098e-24, 
0, -1.25718e-07, -9.12659e-24, 0, -8.37692e-08, -6.08073e-24, 0, -3.74036e-08, -2.71307e-24, 0, -1.52352e-09, -1.07005e-25, 0, 2.17741e-08, 1.58387e-24, 0, 3.38265e-08, 2.45679e-24, 0, 3.81547e-08, 2.76849e-24, 0, 3.84663e-08, 2.7892e-24, 0, 3.6898e-08, 2.67452e-24, 0, 3.28709e-08, 2.38243e-24, 
0, -9.50268e-08, -6.89491e-24, 0, -6.42854e-08, -4.66424e-24, 0, -2.8459e-08, -2.06431e-24, 0, -8.74245e-10, -6.24871e-26, 0, 1.6932e-08, 1.22937e-24, 0, 2.60488e-08, 1.89032e-24, 0, 2.92081e-08, 2.1189e-24, 0, 2.92441e-08, 2.12101e-24, 0, 2.77207e-08, 2.01027e-24, 0, 2.39566e-08, 1.73726e-24, 
0, -7.18391e-08, -5.21152e-24, 0, -4.93265e-08, -3.57832e-24, 0, -2.16476e-08, -1.57025e-24, 0, -4.4337e-10, -3.19151e-26, 0, 1.3163e-08, 9.55115e-25, 0, 2.00556e-08, 1.45499e-24, 0, 2.23544e-08, 1.62158e-24, 0, 2.22259e-08, 1.61213e-24, 0, 2.08168e-08, 1.50986e-24, 0, 1.74428e-08, 1.26513e-24, 
0, -5.43176e-08, -3.94018e-24, 0, -3.78432e-08, -2.74513e-24, 0, -1.64621e-08, -1.19411e-24, 0, -1.64799e-10, -1.18891e-26, 0, 1.02301e-08, 7.42146e-25, 0, 1.54385e-08, 1.11992e-24, 0, 1.71049e-08, 1.24076e-24, 0, 1.68867e-08, 1.2249e-24, 0, 1.56251e-08, 1.13337e-24, 0, 1.2687e-08, 9.20248e-25, 
0, -4.10756e-08, -2.97954e-24, 0, -2.90293e-08, -2.10573e-24, 0, -1.25154e-08, -9.07829e-25, 0, 8.76246e-12, 6.52816e-28, 0, 7.94852e-09, 5.76585e-25, 0, 1.18821e-08, 8.61909e-25, 0, 1.30853e-08, 9.49175e-25, 0, 1.2826e-08, 9.30359e-25, 0, 1.17229e-08, 8.50341e-25, 0, 9.21762e-09, 6.68613e-25, 
0, -3.10662e-08, -2.25347e-24, 0, -2.22651e-08, -1.61506e-24, 0, -9.51221e-09, -6.89989e-25, 0, 1.10914e-10, 8.04994e-27, 0, 6.1741e-09, 4.47858e-25, 0, 9.14325e-09, 6.6323e-25, 0, 1.0008e-08, 7.25952e-25, 0, 9.73871e-09, 7.06418e-25, 0, 8.79099e-09, 6.37672e-25, 0, 6.68904e-09, 4.85203e-25, 
0, -2.34994e-08, -1.70458e-24, 0, -1.70748e-08, -1.23856e-24, 0, -7.22773e-09, -5.24279e-25, 0, 1.65332e-10, 1.1994e-26, 0, 4.79456e-09, 3.47785e-25, 0, 7.0344e-09, 5.10257e-25, 0, 7.65264e-09, 5.55102e-25, 0, 7.39214e-09, 5.36205e-25, 0, 6.58924e-09, 4.77964e-25, 0, 4.84785e-09, 3.51649e-25, 
0, -1.7778e-08, -1.28957e-24, 0, -1.30926e-08, -9.49705e-25, 0, -5.49032e-09, -3.98253e-25, 0, 1.88634e-10, 1.36833e-26, 0, 3.72226e-09, 2.70003e-25, 0, 5.41091e-09, 3.92493e-25, 0, 5.85025e-09, 4.24361e-25, 0, 5.60914e-09, 4.06872e-25, 0, 4.93646e-09, 3.58077e-25, 0, 3.50864e-09, 2.54507e-25, 
0, -1.34515e-08, -9.75732e-25, 0, -1.00379e-08, -7.28118e-25, 0, -4.16937e-09, -3.02435e-25, 0, 1.92304e-10, 1.39493e-26, 0, 2.88898e-09, 2.09558e-25, 0, 4.16135e-09, 3.01853e-25, 0, 4.47133e-09, 3.24338e-25, 0, 4.25484e-09, 3.08634e-25, 0, 3.69638e-09, 2.68125e-25, 0, 2.53555e-09, 1.83922e-25, 
0, -1.01792e-08, -7.38373e-25, 0, -7.69478e-09, -5.58158e-25, 0, -3.16533e-09, -2.29604e-25, 0, 1.84133e-10, 1.33565e-26, 0, 2.24165e-09, 1.62603e-25, 0, 3.19976e-09, 2.32102e-25, 0, 3.41665e-09, 2.47834e-25, 0, 3.22645e-09, 2.34038e-25, 0, 2.76637e-09, 2.00665e-25, 0, 1.82942e-09, 1.32701e-25, 
0, -7.70399e-09, -5.58826e-25, 0, -5.89784e-09, -4.27813e-25, 0, -2.40236e-09, -1.74261e-25, 0, 1.69434e-10, 1.22903e-26, 0, 1.7389e-09, 1.26135e-25, 0, 2.45987e-09, 1.78432e-25, 0, 2.61013e-09, 1.89331e-25, 0, 2.44578e-09, 1.7741e-25, 0, 2.06927e-09, 1.50099e-25, 0, 1.31762e-09, 9.55766e-26, 
0, -5.83138e-09, -4.22992e-25, 0, -4.51992e-09, -3.27863e-25, 0, -1.82276e-09, -1.32218e-25, 0, 1.51629e-10, 1.09987e-26, 0, 1.34856e-09, 9.78208e-26, 0, 1.89072e-09, 1.37147e-25, 0, 1.99351e-09, 1.44604e-25, 0, 1.8534e-09, 1.3444e-25, 0, 1.54696e-09, 1.12212e-25, 0, 9.47199e-10, 6.87072e-26, 
0, -4.41449e-09, -3.20215e-25, 0, -3.46345e-09, -2.51229e-25, 0, -1.38258e-09, -1.00288e-25, 0, 1.32965e-10, 9.64489e-27, 0, 1.04562e-09, 7.58465e-26, 0, 1.45299e-09, 1.05396e-25, 0, 1.52224e-09, 1.10419e-25, 0, 1.40404e-09, 1.01845e-25, 0, 1.1557e-09, 8.3831e-26, 0, 6.7945e-10, 4.92854e-26, 
0, -3.34231e-09, -2.42442e-25, 0, -2.65358e-09, -1.92483e-25, 0, -1.04838e-09, -7.60465e-26, 0, 1.14798e-10, 8.32717e-27, 0, 8.10498e-10, 5.87913e-26, 0, 1.11641e-09, 8.09811e-26, 0, 1.16206e-09, 8.42928e-26, 0, 1.06324e-09, 7.71248e-26, 0, 8.62967e-10, 6.25973e-26, 0, 4.86272e-10, 3.52728e-26, 
0, -2.53079e-09, -1.83576e-25, 0, -2.03278e-09, -1.47453e-25, 0, -7.94678e-10, -5.76438e-26, 0, 9.7934e-11, 7.10386e-27, 0, 6.28112e-10, 4.55615e-26, 0, 8.57604e-10, 6.22082e-26, 0, 8.86875e-10, 6.43314e-26, 0, 8.04848e-10, 5.83815e-26, 0, 6.43918e-10, 4.6708e-26, 0, 3.4713e-10, 2.51798e-26, 
0, -1.91661e-09, -1.39025e-25, 0, -1.55707e-09, -1.12946e-25, 0, -6.02258e-10, -4.36862e-26, 0, 8.26147e-11, 5.99264e-27, 0, 4.86665e-10, 3.53013e-26, 0, 6.58709e-10, 4.77809e-26, 0, 6.76753e-10, 4.90898e-26, 0, 6.09082e-10, 4.41811e-26, 0, 4.80241e-10, 3.48353e-26, 0, 2.4714e-10, 1.79269e-26, 
0, -1.4516e-09, -1.05295e-25, 0, -1.19248e-09, -8.64994e-26, 0, -4.56214e-10, -3.30925e-26, 0, 6.91921e-11, 5.01901e-27, 0, 3.76981e-10, 2.73452e-26, 0, 5.05857e-10, 3.66935e-26, 0, 5.16294e-10, 3.74505e-26, 0, 4.60771e-10, 3.34231e-26, 0, 3.57769e-10, 2.59516e-26, 0, 1.75259e-10, 1.27128e-26, 
0, -1.09948e-09, -7.97533e-26, 0, -9.13111e-10, -6.62345e-26, 0, -3.45402e-10, -2.50545e-26, 0, 5.75768e-11, 4.17646e-27, 0, 2.91886e-10, 2.11726e-26, 0, 3.88371e-10, 2.81714e-26, 0, 3.9372e-10, 2.85594e-26, 0, 3.48397e-10, 2.52718e-26, 0, 2.66359e-10, 1.9321e-26, 0, 1.23887e-10, 8.98639e-27, 
