0.0294731, 0, 0, 0.0294731, 0, 0, 
5.21492, 0.121676, 0.463758, -1.20488, 0.0653192, 0.246087, 0.0383495, -0.173817, -0.657661, 0.0294731, 0, 0, 
1.7268, -0.715608, -1.52034, -0.246101, -0.0414751, 0.467522, 0.0582539, 0.848798, 0.745672, 0.50599, -0.356571, -0.189005, 0.0294731, 0, 0, 
1.07414, -0.224568, -0.202344, 0.187988, 0.222448, 0.428148, -0.240307, -0.247423, 0.307562, -0.238528, -0.0236497, -0.142883, 0.20541, 0.32145, -0.473558, -0.109703, -0.257614, 0.226541, 0.0294731, 0, 0, 
0.229723, -0.0144242, -0.47079, -0.0403614, 0.060804, 0.0913799, -0.0581424, -0.25308, 0.0175595, -0.0852005, -0.0457665, 0.137514, 0.0109587, -0.163951, 0.010289, 0.136873, 0.0184776, 0.19948, -0.0554204, -0.208514, -0.210999, 0.0294731, 0, 0, 
-0.239351, 0.265025, -0.136832, 0.0206287, -0.107186, -0.00794897, 0.110421, -0.266175, 0.0210171, -0.0519104, 0.10082, 0.0625183, 0.103738, -0.0341533, 0.00752824, 0.0901903, -0.259614, 0.04663, 0.0605273, -0.0695991, 0.0488178, -0.14247, -0.0874636, -0.0528155, 0.0605989, -0.108844, 0.0569337, 0.0294731, 0, 0, 
-0.0381378, 0.129995, 0.017385, -0.0285086, 0.108199, 0.00302811, -0.0932037, -0.0675318, 0.0390717, 0.0139623, 0.0161157, 0.0114516, 0.169669, 0.0510164, -0.0398495, 0.00671021, 0.0256043, -0.0108649, -0.0748698, 0.0403669, -0.0725639, -0.00982515, 0.0930676, -0.0532105, 0.00504342, -0.108858, 0.0176961, 8.14028e-05, 0.0139681, 0.062508, 0.0294731, 0, 0, 
-0.0914664, -0.121916, -0.0222974, 0.0442477, 0.00752861, 0.00369675, 0.0286797, -0.0287987, 0.0153103, -0.0186517, 0.00204129, -0.0257708, -0.0320102, -0.0574277, 0.019845, 0.0534794, -0.0824103, 0.0239673, 0.0807099, -0.00589785, 0.0225677, 0.0471534, -0.119732, 0.0146756, 0.0555336, -0.0409487, -0.0105191, 0.0190797, -0.0505648, 0.00668722, -0.0951908, -0.0435201, -0.0183241, -0.0507, -0.00585657, -0.0116433, 0.0294731, 0, 0, 
0.13425, 0.0891133, -0.00788661, 0.0248672, 0.0448275, -0.00887902, -0.114568, -0.0986759, 0.0132015, 0.0494458, -0.0705247, 0.00582353, 0.084852, -0.0448797, 0.0129716, -0.0248623, -0.0346761, 0.00630603, -0.0112423, 0.0430563, -0.00630034, 0.0265612, -0.0541976, 0.0256236, 0.00483329, -0.0772934, 0.0091496, 0.107653, -0.0452407, 0.00917137, 0.0225111, -0.0854412, -0.00681914, -0.0555757, -0.0383473, 0.00773962, -0.0295457, -0.0332639, 0.00814799, 0.0294731, 0, 0, 
0.0200944, 0.000836375, 0.012343, -0.00647093, -0.0695281, 0.0157669, -0.0123079, -0.0547621, -0.00250842, 0.0110173, -0.0239689, 0.0017831, 0.0667542, -0.0658433, 0.00770288, 0.0539382, -0.0683686, 0.0212817, 0.00391456, -0.0246392, 0.0123225, -0.0778284, -0.0451058, 0.00552291, 0.0149418, 0.01962, -0.0087026, 0.0148286, 0.0201966, -0.0044096, -0.0211404, -0.00770462, 0.00384651, -0.0213141, -0.0391513, 0.00425673, 0.0117591, -0.081539, 0.0145955, 0.1753, 0.00754721, 0.0040076, 0.185867, 0.0267792, -0.00123045, 0.0294731, 0, 0, 
0.0721687, 0.000709368, 0.0110432, 0.0295543, -0.0344416, 0.00837662, -0.0102528, -0.0231238, 0.00175384, -0.0301412, -0.0333593, 0.00126823, 0.0126654, -0.0549789, 0.00574271, 0.038537, -0.0321307, 0.00535823, -0.0366295, -0.02295, 0.00638841, -0.0499519, -0.00449898, -0.00219426, 0.0802328, 0.00721106, -3.86708e-05, 0.0425017, -0.086602, 0.0202872, 0.0693914, -0.0638273, 0.0126998, 0.0583454, -0.0105901, -0.00105813, -0.0823578, -0.025635, 0.00361415, 0.00417243, -0.0210154, 0.0058277, 0.0057699, -0.0259675, 0.00026054, -0.0666483, -0.0605582, 0.00468264, 0.0294731, 0, 0, 
0.099303, -0.0448544, 0.0113952, 0.0735115, -0.0358314, 0.00798632, -0.0268889, -0.048663, 0.00374898, -0.108823, 0.00353343, -0.00258406, -0.0266621, 0.00913948, 0.00052338, 0.0686836, -0.00425057, 0.00502647, 0.0382547, -0.000486385, -0.000103512, 0.0476241, -0.0275949, 0.00137213, -0.00138817, -0.0310056, 0.00340377, -0.00392036, -0.0175311, 0.00123965, 0.02703, -0.0369394, 0.0101585, -0.0164322, -0.0122096, 0.00475645, -0.0496089, -0.0453111, 0.00733731, -0.0408666, -0.0113161, -0.00104029, -0.0113668, 0.0141416, -0.00477992, 0.0346847, -0.000743965, -0.000706388, 0.0992915, 0.0189635, 2.28333e-05, 0.0294731, 0, 0, 
-0.0267554, -0.0625014, 0.00677148, -0.0213622, -0.0317006, 0.00382775, 0.0083237, -0.00199063, 0.00302564, 0.0279896, -0.0146672, 0.00310088, 0.0583641, -0.0213373, 0.00326072, -0.0116951, -0.00785401, -0.00103152, -0.0245706, -0.00992886, 0.00131274, -0.0148848, 0.0472778, -0.00664202, -0.0101021, 0.0524104, -0.00712296, 0.0141309, 0.0213699, -0.00213849, -0.0536579, -0.0612567, 0.00896681, -0.0568419, -0.103324, 0.0128608, 0.0980068, -0.0482339, 0.00799505, 0.170514, -0.0134499, 0.00540072, -0.000615087, -0.0212563, 0.00365528, -0.0858764, -0.0579207, 0.00879121, -0.0196047, -0.0462652, 0.00675651, 0.0209056, -0.0676351, 0.0114575, 0.0593795, -0.0744232, 0.0129873, 0.0294731, 0, 0, 
0.0179359, -0.0537509, 0.011472, -0.00804799, -0.0441588, 0.00804211, -0.0546103, -0.0401643, 0.0033751, 0.0500202, -0.0392931, 0.00523351, 0.0819897, -0.00404054, 0.00392379, -0.0301054, 0.0187095, -0.00141869, -0.0498477, -0.00495182, -0.00103053, -0.00176023, -0.0168298, 0.0029513, -0.00893417, -0.0408508, 0.00655794, 0.00260061, -0.0331047, 0.00448525, 0.039269, -0.0447996, 0.00692436, 0.0678029, 0.0112876, -0.00157953, 0.0195506, 0.0367794, -0.00576045, -0.00639268, -0.0201598, 0.00429998, -0.00414053, -0.0504948, 0.00970046, -0.0441598, -0.0881741, 0.0128347, -0.0140101, -0.0568261, 0.00677908, 0.037121, 0.0492616, -0.00658241, 0.000788412, 0.0689435, -0.0100867, -0.0105914, 0.0331509, -0.00513687, 0.0294731, 0, 0, 
0.0727728, 0.00623432, -0.000124615, 0.0398695, 0.00310264, -0.000233993, -0.00710742, -0.0277211, 0.00430372, -0.036113, -0.0791913, 0.0118214, -0.0587878, -0.111891, 0.0182856, 0.015177, -0.0727041, 0.0126621, 0.029675, -0.0328828, 0.0042695, -0.0162819, 0.0145092, -0.0030037, -0.00264216, 0.0223231, -0.00219455, 0.0502162, -0.0368429, 0.00693613, 0.0403503, -0.0563184, 0.00749885, 0.0032961, -0.0327838, 0.00503915, -0.00189692, -0.0137948, 0.0032776, 0.0319845, -0.00991342, 0.00237404, 0.0171962, -0.0253216, 0.00460303, -0.035606, -0.0320395, 0.00500019, 0.0762704, 0.0149023, -0.00281641, 0.130961, -0.00439793, 0.000984238, 0.0202899, -0.0392428, 0.00731492, -0.0115809, -0.0186887, 0.00335426, -0.016735, 0.0192492, -0.00325545, -0.00427168, 0.0257728, -0.00375677, 0.0294731, 0, 0, 
-0.00643221, -0.00208936, 0.0006686, 0.00242144, -0.00340745, 0.000985674, 0.00772637, 0.0285372, -0.00474767, 0.00253465, 0.0176469, -0.00311713, 0.00619674, -0.00551399, 0.000871732, -0.0279811, -0.00221973, 0.000850249, -0.00244485, -0.035522, 0.00510374, 0.035957, -0.0669305, 0.00982553, 0.0496229, -0.0380401, 0.00747618, -0.00963045, 0.00867775, -0.000115146, -0.0410432, 0.00937119, -0.00261871, -0.012472, -0.00201467, 0.000361368, 0.0047295, -0.00278472, 0.000122624, 0.0161036, -0.045063, 0.00624396, 0.0431997, -0.0596534, 0.0106397, 0.0265985, -0.0257905, 0.00469265, -0.0366127, 0.00246094, -0.000727292, -0.0526778, -0.016748, 0.00227439, 0.0351463, -0.0517646, 0.00878534, 0.0548772, -0.0656007, 0.0120974, 0.0164571, -0.0463893, 0.00742492, 0.0020153, -0.000759456, -0.000870505, 0.018932, 0.0254144, -0.00439983, 0.0294731, 0, 0, 
-0.0893848, -0.0442489, 0.00830595, -0.0317256, -0.045111, 0.00739966, 0.0601469, -0.0171519, 0.00175047, 0.00233708, 0.041859, -0.00674667, -0.0108109, 0.0086461, -0.000392518, 0.0233117, -0.0391644, 0.00682232, 0.00200644, 0.0024849, -0.000813741, -0.0121818, -0.00954968, 0.000751374, -0.0351337, -0.056482, 0.0087905, -0.0162657, -0.0464667, 0.00787901, 0.0177996, -0.0353128, 0.00595388, 0.0270811, -0.0464226, 0.00747903, 0.0382157, -0.0421515, 0.0069886, 0.0271499, -0.020023, 0.00328256, -0.00491208, -0.00637978, 0.00112148, -0.0179242, 0.00180275, -0.000229758, -0.031477, 0.0215506, -0.00398787, 0.0110611, -0.00451831, 0.00131312, 0.0385972, -0.0495827, 0.00895195, 0.0330844, -0.0589782, 0.0102542, 0.0394899, -0.00466689, -0.000113046, 0.0788322, 0.0468266, -0.00831571, 0.0388461, -0.050445, 0.00877844, 0.0282013, -0.0745708, 0.0133629, 0.0333675, -0.0521298, 0.009821, 0.0294731, 0, 0, 
-0.000758051, -0.049834, 0.00723823, 0.00261965, -0.0421152, 0.00642106, -0.00304954, -0.00523823, 0.000965781, -0.0254607, -0.0124709, 0.0023457, -0.0054958, -0.0325115, 0.00569693, -0.00552473, -0.0530404, 0.00792251, 0.000754766, -0.040727, 0.00603558, 0.00646038, -0.0167361, 0.00283127, -0.0177111, -0.0300031, 0.00478045, 6.68273e-05, 0.00139285, 0.000474629, 0.0232674, 0.038999, -0.00611731, 0.048476, -0.00363781, 0.000140418, 0.0183679, -0.0424571, 0.00646091, -0.0289432, -0.0114734, 0.00258321, -0.0254566, -0.00670888, 0.00147938, 0.0286212, -0.0436885, 0.00708276, 0.0207785, -0.0719961, 0.0116089, 0.0244902, -0.0407178, 0.00673183, 0.0696784, 0.0143008, -0.00180341, 0.0246225, -0.00232218, 0.000180036, 0.0126601, -0.00565483, 0.000649781, 0.0275516, -0.00409429, 0.00172073, 0.0197918, -0.00767166, 0.00209832, -0.00368432, 0.00895691, -0.001469, 0.0137472, -0.0126641, 0.00181225, 0.0317244, -0.0242452, 0.00321544, 0.0294731, 0, 0, 
-0.00144079, -0.000300019, 0.0008364, 0.00224103, -0.00444552, 0.000859882, 0.00519213, -0.0343197, 0.00482474, -0.00692194, -0.0465214, 0.00723334, -0.0443986, -0.0405031, 0.00703604, -0.0315456, 0.00155833, -0.000207196, 0.0260054, 0.0139538, -0.00272417, 0.0364605, 0.00431928, -0.000360245, 0.0133183, 0.00875126, -0.00150073, 0.00248793, -0.0332725, 0.00552663, -0.00565325, -0.0459992, 0.00811125, -0.0122059, -0.0280693, 0.00411374, -0.0114087, -0.0189561, 0.00233261, -0.00534919, -0.014033, 0.00232553, 0.0229451, -0.00872154, 0.00204496, 0.0301746, 0.0166976, -0.00248392, 0.0191509, 0.0147214, -0.00247555, 0.00606693, 0.00995843, -0.00147665, -0.0124739, -0.0187738, 0.00250551, 0.0322013, -0.0583992, 0.0101266, 0.0596872, -0.0800622, 0.0141648, 0.0469166, -0.0571668, 0.00929261, 0.00570115, -0.0150184, 0.00234254, 0.00909505, -0.00293389, 0.000992321, 0.0292347, 0.0149094, -0.00236817, 0.0585159, 0.0584904, -0.0104329, 0.00853865, -0.0107581, 0.00307823, 0.00708031, -0.0772848, 0.0135176, 0.0294731, 0, 0, 
-0.0207192, -0.0280074, 0.00451617, -0.0209819, -0.0300943, 0.00484613, -0.0184402, -0.037173, 0.00599634, 0.0314743, -0.00549897, 0.000829604, -0.000427555, -0.00160195, -0.00036363, -0.0219666, 0.00453786, -0.000948382, 0.00882712, -0.0109336, 0.00269331, 0.00716419, -0.0235618, 0.00363936, -0.00458854, -0.0188823, 0.00281103, -0.0174518, -0.0107125, 0.00192512, -0.000464545, -0.0248083, 0.00383641, 0.0110783, -0.0216575, 0.00363435, 0.009933, 0.00202188, -0.000378768, 0.0132423, -0.0118034, 0.00213424, -0.00222141, -0.00897952, 0.00139822, 0.00130068, -0.0330075, 0.00479386, 0.034273, -0.0578432, 0.00950101, 0.00745223, -0.043057, 0.00776101, -0.0224948, -0.0171201, 0.00356294, 0.0248693, 0.053509, -0.00923788, 0.0271696, 0.0774453, -0.0128146, -0.0013107, -0.00744134, 0.000778262, 0.0191917, -0.0375756, 0.00636778, -0.0181643, -0.0376125, 0.00705529, -0.000412971, -0.0118962, 0.00174722, 0.0239228, -0.00574848, 0.00119426, 0.0398246, -0.0298698, 0.00520166, 0.0585048, -0.0148691, 0.0026673, 0.0497092, -0.00438155, 0.00103602, 0.0294731, 0, 0, 
0.00372551, -0.0185183, 0.00284325, -0.00183046, -0.0160502, 0.00243342, -0.00889415, -0.0101165, 0.00150616, -0.0202428, -0.0196384, 0.0033014, 0.00694056, -0.00466292, 0.000809232, -0.00988286, -0.0150061, 0.00253486, 0.00169577, -0.0232466, 0.00332381, 0.0149949, -0.0105388, 0.00152451, -0.00539669, 0.0213346, -0.00287746, -0.00592267, 0.019558, -0.00293913, 0.024738, -0.00292238, -0.000318069, 0.0201618, 0.00265296, -5.11825e-05, -0.00141894, -0.020769, 0.00370803, -0.01254, -0.0468179, 0.00745354, -0.0169395, -0.0306585, 0.00486825, -0.00569167, -0.0158313, 0.00268664, 0.0221191, -0.0476585, 0.00767334, 0.0010603, -0.0274459, 0.00429783, 0.0172041, -0.0168656, 0.00249629, 0.0171541, -0.0200835, 0.00377125, 0.0198939, 0.0060298, -0.000799581, 0.0131114, -0.00962998, 0.00191302, 0.0038589, -0.00866715, 0.00127489, 0.00864328, 0.0069949, -0.000768704, 0.0237571, -0.00600823, 0.00115607, -0.00164739, -0.00615114, 0.00103177, 0.0288439, -0.0269153, 0.00459665, 0.0749369, -0.0344368, 0.00636907, 0.0491028, 0.00691265, -0.00100949, 0.0420459, -0.00500992, 0.00124022, 0.0294731, 0, 0, 
0.00153047, 0.0169976, -0.00323934, 0.00760045, 0.0108103, -0.00189108, 0.00398644, -0.0059195, 0.00129513, -0.0188061, -0.028354, 0.00453834, -0.0134813, -0.0147577, 0.0022905, 0.00450175, 0.0035882, -0.00040029, -0.0138985, -0.0118031, 0.00161314, -2.6922e-05, -0.0255198, 0.0038745, 0.0232455, 0.00542125, -0.000824916, 0.0100262, 0.0229723, -0.00344444, 0.0065417, -0.018648, 0.00297153, -0.0110813, -0.00618434, 0.00102415, 0.00742108, -0.00270312, 0.000536655, 0.00388154, 0.00831938, -0.000986874, -0.0095948, -0.0220425, 0.00319107, -0.00708719, -0.0326094, 0.0053068, 0.0118778, -0.0260492, 0.0039638, 0.00443964, -0.0232665, 0.00385521, 0.00743709, -0.0246481, 0.00393314, -0.00294206, -0.0318753, 0.00516624, 0.0197568, -0.00606908, 0.000997865, 0.00591225, 0.0181423, -0.00204707, -0.00752688, -0.0138178, 0.00272453, 0.0139326, -0.0277341, 0.00383087, 0.034014, -0.00138517, -0.000424875, 0.0407724, -0.0354309, 0.00673732, 0.0763305, -0.0379671, 0.00653531, 0.0501351, -0.0183081, 0.0038704, 0.0356984, 0.00249661, 6.81996e-05, 0.0529996, -0.000441972, 0.000878458, 0.0547427, -0.00449335, 0.00131201, 0.0569517, 0.00128004, 0.000178888, 0.0294731, 0, 0, 
-0.00166718, 0.00688308, -0.000850257, -0.00414656, -0.00170799, 0.000439188, -0.019805, -0.0458184, 0.00711679, -0.00642622, -0.0233677, 0.00339201, 0.00292856, 0.0159956, -0.00267453, -0.00559247, -0.0134394, 0.00230959, -0.00316205, -0.00661635, 0.000930531, -0.0051885, -0.00375545, 0.00104084, 0.017253, -0.00377378, 0.000379796, -0.000169425, 0.00126381, -0.000367657, -0.00325569, -0.0108699, 0.00223145, -0.0148056, -0.0423941, 0.00639116, -0.00396748, -0.0330171, 0.00522314, 0.0184256, 0.0410065, -0.0058911, 0.00533251, 0.00840704, -0.00188348, 0.00707578, -0.0257785, 0.0037509, 0.0175015, 0.00357512, -0.000352892, -0.0143535, -0.0167659, 0.00346064, 0.00780973, -0.0370757, 0.00582357, 0.00879195, -0.00575151, 0.00144057, 0.00920843, -0.00787245, 0.00100622, 0.0165163, -0.00280323, 0.000330468, 0.0125321, -0.021666, 0.00361603, 0.0183507, -0.0305702, 0.00496904, 0.0194051, 0.00174835, 0.000248272, 0.0289043, -0.0224438, 0.0037754, 0.0491916, -0.0206692, 0.00377928, 0.0266177, 0.000583492, 0.000378711, 0.0146569, 0.00659958, -0.00104804, 0.00153274, 0.00647834, -0.000729118, 0.0134448, -7.2006e-05, -8.27174e-05, 0.0152037, 0.00107578, -8.40396e-05, 0.0451959, -0.00957, 0.00165521, 0.0294731, 0, 0, 
-0.0302041, -0.0469048, 0.00718787, -0.0246646, -0.0445284, 0.0070006, -0.0103186, -0.0257685, 0.00415875, -0.0198124, -0.0300716, 0.00442756, 0.00458427, 0.00528494, -9.76439e-05, 0.0114118, 0.0232007, -0.00500727, 0.00474102, -0.00901871, 0.00182648, -0.00146899, 0.00451738, -0.000287513, 0.0135835, 0.0156655, -0.00246746, -0.0194784, -0.038485, 0.00679123, -0.0125627, -0.0198335, 0.00222335, 0.0175973, 0.00885644, -0.000929602, 0.00565723, 0.00186149, -0.000858291, 0.0077746, 0.00933648, -0.00127295, 0.0200407, 0.00899241, -0.00107558, -0.0104563, -0.00656218, 0.00108874, -0.00317413, -0.0389056, 0.00676655, 0.00604288, -0.00926703, 0.000800141, 0.00159697, -0.0163103, 0.00307486, 0.0119227, -0.0135093, 0.00165287, 0.00529074, 0.0262155, -0.00348435, 0.00916427, 0.0050234, -0.00121503, 0.00637306, -0.00844517, 0.00132501, 0.0166198, -0.0467158, 0.00834123, 0.0267494, -0.035188, 0.00484355, -0.00238912, 0.018533, -0.00191468, 0.0110291, 0.00307258, -0.000464499, 0.0319488, -0.020828, 0.00460934, 0.0340188, -0.0207901, 0.00215797, 0.0577516, -0.0153498, 0.00207687, 0.0236444, 0.00097632, 0.00160883, 0.00351452, 0.00442175, -0.00136214, 0.0157661, 0.00944835, -0.000808419, 0.0242573, -0.00489709, 0.00122023, 0.0252103, 0.00464417, -0.000722196, 0.0294731, 0, 0, 
0.0103869, 0.011949, -0.00211241, 0.00579526, 0.0125164, -0.0021641, -0.00387528, 0.00175641, -0.000160255, -0.0114469, -0.0277572, 0.00476913, -0.0180958, -0.0257535, 0.00296112, -0.0131021, -0.0321331, 0.00639238, -0.0136865, -0.0283835, 0.00366926, -0.00100535, -0.00519321, 0.00138759, 0.0107493, 0.019083, -0.00351113, -0.00468064, -0.0120597, 0.00142253, 0.00476096, 3.73333e-05, 0.00103921, 0.000888713, -0.00161419, -0.00103667, 2.85434e-05, -0.0110375, 0.00320065, 0.00506688, -0.00458544, 2.11657e-05, -0.0127565, -0.0323189, 0.00553582, 0.0021476, -0.0191806, 0.00310808, 0.00317847, -0.00132298, -0.000650972, 0.0101439, -0.0146594, 0.00411767, 0.0110745, 0.00221774, -0.00181269, 0.00899111, 0.0243916, -0.00320881, 0.00954149, 0.0106203, -0.00241112, 0.0168816, 0.0123792, -0.000754665, 0.00745712, 0.0165411, -0.00234205, 0.00336951, -0.0183906, 0.00252005, 0.00616061, -0.00861593, 0.00176609, -0.00179501, -0.00663565, 0.000153567, 0.0130697, -0.0167696, 0.00334299, 0.00876288, -0.0146908, 0.00195356, 0.00925235, -0.00803721, 0.0015826, 0.025865, -0.0167429, 0.0031466, 0.0450187, -0.0182013, 0.00390803, 0.0316604, -0.00266977, 0.000129134, 0.0319586, -0.00220713, 0.00126711, 0.0354715, -0.00609239, 0.000783308, 0.0208176, 0.00404183, -0.00018609, 0.021782, -0.0047887, 0.000473264, 0.0294731, 0, 0, 
-0.0225893, -0.0307006, 0.00434106, -0.0156986, -0.0241376, 0.00375651, 0.0109131, 0.0168095, -0.00232496, -0.000255433, 0.00281744, -0.00110957, -0.00483412, -0.0160888, 0.00355108, 0.00666251, 0.0121989, -0.00286422, 0.0097664, 0.0214462, -0.00260828, 0.000422514, -0.0128562, 0.00198632, -0.0102968, -0.0150544, 0.00195638, 0.0099593, 0.016929, -0.00250386, 0.00398288, 0.0142159, -0.00339251, -0.0111607, -0.0482334, 0.00965292, -0.0148202, -0.0370975, 0.00544291, 0.00361635, 0.000402019, -0.000729768, -0.00372564, -0.00107579, 0.000649461, 0.0143901, 0.0134784, -0.00279113, 0.00483995, 0.01683, -0.00211866, 0.0138342, 0.00589197, -0.000537344, -0.00184047, -0.0091814, 0.000878281, -0.00697638, -0.0341628, 0.00608859, 0.00493786, -0.017322, 0.0026859, -0.00399327, -0.0104709, 0.00110138, 0.00755875, -0.0122873, 0.00270314, 0.00334338, -0.0591575, 0.00883083, 0.0148189, -0.0328956, 0.00584134, 0.0102976, 0.0182686, -0.00285513, 0.00428174, 0.0117355, -0.00216692, 0.00246827, 0.0173021, -0.00223566, 0.0174164, -0.0125471, 0.00193594, 0.0423526, -0.0280246, 0.00503561, 0.0189446, 0.00484537, -3.80696e-05, 0.0375989, 0.0015411, 0.000249474, 0.0569593, -0.0147326, 0.00271496, 0.0135417, -0.0258683, 0.00215356, 0.0373728, 0.0185888, -0.00101742, 0.0318346, 0.0237479, -0.00329485, -0.00520941, 0.00669745, -0.00101845, 0.0177249, 0.00757616, -0.00101351, 0.0294731, 0, 0, 
8.14256e-05, 0.00559416, -0.0017671, 0.00125419, 0.00605627, -0.000983109, 0.00609041, 0.00634539, -0.000135273, -0.00205804, -0.0141658, 0.00156691, -0.0187092, -0.0206367, 0.00363364, -0.0158422, -0.0174332, 0.00193139, -0.0174713, -0.023915, 0.00340204, -0.00967924, -0.0220472, 0.00429014, -0.0202468, -0.038367, 0.00538618, 0.0012187, -0.0147658, 0.00314751, 0.0141957, 0.0139155, -0.00179146, -0.00318681, -0.00372747, -0.000576193, 0.0207051, 0.0306591, -0.00383264, 0.0166289, 0.0333689, -0.00602744, 0.0115078, 0.0112201, -0.00179903, 0.00928865, 0.00381058, 0.000235154, 0.00544384, -0.000790375, -0.000348313, 0.00921953, 0.00312481, 9.38125e-05, -0.00765997, -0.0251623, 0.00403409, -0.00589105, -0.0250076, 0.00353562, 0.0063549, 0.0106074, -0.0016798, 0.00552837, -0.0238831, 0.00448118, 0.0020321, -0.0429343, 0.00670016, -0.00507643, -0.0190007, 0.00247406, -0.00456104, -0.00448881, 0.000334156, 0.0234595, 0.0383469, -0.00533098, 0.0263322, 0.0173088, -0.00114551, 0.00936377, -0.0327429, 0.00410126, 0.0202847, -0.0229791, 0.00408291, 0.00338341, -0.00228692, 0.000164989, -0.00741533, 0.0011983, -0.000852307, 0.0231615, -0.00463626, 0.00142675, 0.0139699, -0.000865378, 0.000568786, 0.00210407, 0.00644048, -0.00114882, 0.0277422, -0.00204359, 0.0011927, 0.0679496, 0.00559586, -0.00051946, 0.0390711, 0.000287306, -1.23593e-05, 0.0185026, 0.00725874, -0.000619234, 0.0448728, 0.00355954, -0.000647584, 0.0294731, 0, 0, 
0.0141917, 0.00912488, -0.00163875, 0.00850472, 0.0101506, -0.0014468, -0.0036544, 0.00267738, -9.52535e-05, -0.0103194, -0.0158072, 0.00162863, -0.036643, -0.0440724, 0.00733762, -0.00863044, -0.0107414, 0.00115174, 0.0185329, 0.00346291, -0.00013058, -0.00254931, -0.00847321, 0.00200287, 0.0149659, 0.0254721, -0.00477685, -0.00260808, 0.00163391, -7.98525e-05, -0.00409294, -0.00918158, 0.00141929, 0.0144253, 0.00929003, -0.00157171, -0.0188385, -0.0264032, 0.00476033, -0.00384525, -0.0252788, 0.00364904, -0.00500213, 0.00470951, -0.00123518, -0.0020131, 0.0114452, -0.00145203, 0.0367059, 0.0101036, -0.00123238, 0.0254702, 0.0154251, -0.0016836, -0.0102819, -0.00171183, -0.000358092, -0.0141162, -0.00259911, -0.000487038, 0.0111404, 0.0256602, -0.00293179, 0.00588968, 0.0237363, -0.00479276, 0.0074819, -0.00876384, 0.0024933, -0.00142653, -0.0603092, 0.0097727, -0.00361953, -0.0584874, 0.0086651, 0.0155316, -0.0417706, 0.00800176, 0.00610222, -0.00117458, -0.000801001, -0.00272779, 0.0272485, -0.0044031, 0.0231396, -0.031976, 0.00566573, 0.0383257, -0.0293778, 0.00457898, 0.0254673, -0.00117148, 0.00128623, 0.0197077, 0.00745398, -0.00137247, 0.0240179, 0.0112116, -0.00181078, 0.0220356, 0.0119148, -0.000848499, -0.00287972, 0.0165393, -0.00333187, 0.0294941, 0.0116451, -0.000987049, 0.0618152, 0.0140463, -0.00154875, 0.0408276, -0.0388429, 0.00454093, 0.0214083, 0.0110198, -0.000452733, 0.0314675, 0.0773452, -0.0114215, 0.0669358, 0.0397936, -0.00511821, 0.0294731, 0, 0, 
-0.00298175, 0.00745972, -0.00139046, -0.00358133, 0.00526301, -0.00101826, -0.00488592, -0.00493375, 0.000701905, 0.0174955, 0.00883057, -0.000887507, 0.0182817, 0.0203767, -0.00314005, -0.0104448, -0.00645749, 0.00086366, -0.0236205, -0.0265492, 0.00391291, -0.00832252, -0.0347687, 0.0058809, -0.0115917, -0.0242411, 0.00382709, -0.0210328, -0.0021404, -0.000688882, -0.00138876, 0.00652902, -0.00102266, 0.000601712, -0.017928, 0.00340843, 0.00527933, -0.0114155, 0.00181139, 0.0109158, 0.00511275, -0.000370625, -0.000983004, -0.0114349, 0.00182865, 0.019116, 0.0298091, -0.00506225, 0.00914344, 0.0143418, -0.00204735, -0.0262699, -0.034891, 0.00515015, -0.0161998, -0.0228865, 0.00336644, 0.0100943, -0.0152035, 0.00282102, 0.00967738, -0.0105849, 0.00184341, 0.00825945, -0.00859096, 0.00171519, 0.014621, 0.0114005, -0.00175598, 0.00667394, 0.00330459, -0.000489697, 0.00546691, -0.00760375, 0.00123075, 0.00196671, 0.0185281, -0.00315237, 0.0149231, 0.00445872, -0.000419586, 0.011162, -0.0284318, 0.00450155, -0.0119865, -0.0137333, 0.00160557, 0.00227363, 0.00588426, -0.000634863, 0.0527686, 0.035386, -0.00385995, -0.00386219, 0.0280797, -0.00500281, -0.0167089, -0.0335951, 0.00474515, 0.0253576, -0.0162378, 0.00279596, 0.00986981, -0.0280292, 0.00396444, 0.0210912, 0.00617654, 2.8978e-05, 0.0253465, -0.000781366, -1.75811e-05, 0.0517041, 0.0203631, -0.00234236, 0.0501671, 0.0234262, -0.00297884, 0.0087793, 0.00393915, -0.00102799, 0.0168735, -0.0011177, 0.000826825, 0.0222822, 0.00169142, -0.000754242, 0.0294731, 0, 0, 
-0.00274256, 0.0518547, -0.00880812, 0.0168918, 0.0384072, -0.00613959, 0.0406248, 0.0118697, -0.0011227, -0.000577582, 0.00386069, -0.000371904, -0.00469586, 0.0113434, -0.00226975, -0.00510259, -0.00198569, 5.99284e-05, -0.0125649, -0.0132887, 0.00194795, -0.0123335, -0.0192001, 0.00307086, -0.0017132, -0.00972744, 0.0017293, 0.0119476, 0.00844269, -0.00119804, 0.00457608, -0.00816944, 0.00154774, -0.0207887, -0.0294471, 0.00439946, -0.0385922, -0.0543744, 0.00821008, -0.0291114, -0.0585103, 0.00930097, -0.0240404, -0.0350047, 0.00516947, 0.00197389, 0.00332486, -0.000422229, 0.0133997, 0.0240113, -0.0037681, 0.00193685, -0.00911127, 0.00149379, 0.00946366, -0.016132, 0.00286087, -0.00326834, 0.0201128, -0.00376488, 0.0136828, 0.0203209, -0.00294669, 0.0318644, -0.0270003, 0.00539691, 0.0180595, -0.0177491, 0.00303677, -0.0195933, 0.0310623, -0.0060475, -0.00494128, 0.00805001, -0.00141461, 0.0121636, -0.00752665, 0.00145504, 0.00260378, 0.00222348, -0.000279744, 0.0319073, -0.0284578, 0.00538805, 0.0320262, -0.0155273, 0.00283652, 0.0143036, 0.00585146, -0.000769237, 0.0244805, -0.00703697, 0.00139099, -0.000506336, 0.00373149, -0.00101486, 0.0145108, 0.00450845, -0.000439395, 0.029108, -0.0159015, 0.00257632, 0.0279023, 0.0092397, -0.00107118, 0.0137789, 0.0127053, -0.00190226, 0.0190826, 0.0172978, -0.00247247, 0.0276056, 0.0216128, -0.0031092, 0.0220766, 0.0183452, -0.00277806, 0.0256194, 0.015789, -0.00217285, 0.0205344, 0.012881, -0.00192794, 0.0628989, 0.0136532, -0.00210554, 0.102063, -0.0200111, 0.00304344, 0.00922746, 0.0465495, -0.00650593, 0.0294731, 0, 0, 
0.00474763, -0.0158044, 0.00287956, 0.00152688, -0.0128026, 0.00225836, -0.00447847, -0.00170173, 0.000176448, -0.00330629, 0.0217498, -0.00381071, 0.0157538, 0.0348192, -0.00556466, 0.0160572, 0.0175412, -0.00269765, -0.00205334, -0.00803894, 0.00139235, -0.0123701, -0.0425044, 0.00698448, -0.0258386, -0.0434803, 0.00685986, -0.0110125, -0.00503762, 0.000522224, -0.00349948, -0.00289869, 0.000192597, -0.00700689, -0.0205058, 0.00346551, 0.00917746, -0.0158246, 0.00304086, -0.0118913, -0.00855508, 0.000920274, -0.022079, 0.0125084, -0.00286483, -0.00843454, -0.00505345, 0.00081328, -0.00572035, -0.0393189, 0.00660795, 0.0224326, 0.00161587, 0.000190888, 0.0431592, 0.0330853, -0.00460908, 0.014598, 0.0113592, -0.00178858, -0.0269314, -0.0109294, 0.00114736, -0.0108897, -0.0134015, 0.00190535, 0.00135563, 0.00218477, -0.000478938, 0.0115882, 0.0122619, -0.00167392, 0.020181, -0.00351351, 0.000930351, 0.00654209, -0.000710468, 0.000316316, 0.0132613, -0.00193874, 0.000609136, 0.0104952, -0.0100406, 0.00157763, -0.000704607, 0.0191026, -0.00304669, -0.00103772, 0.0187894, -0.00321201, 0.00226177, -0.0115531, 0.0018524, 0.0221, -0.0299474, 0.00508001, 0.0208958, -0.0513706, 0.00806189, 0.0297358, -0.0307245, 0.00515243, 0.0482628, 0.0286367, -0.00345197, 0.0749854, 0.0598551, -0.00792534, 0.0244221, -0.0103195, 0.00116826, 0.00536167, -0.0293773, 0.00408419, 0.0190863, 0.0190854, -0.00293183, 0.0306005, 0.0051487, -0.000676956, 0.0141734, 0.0512596, -0.007753, 0.00606495, 0.0243909, -0.00380733, 0.000272564, 0.0252573, -0.00376627, -0.00283452, 0.00503434, -0.000973555, 0.000531389, -0.00662009, 0.00106034, 0.0294731, 0, 0, 
0.00364549, 0.0324415, -0.00553329, 0.00832165, 0.0228567, -0.0037166, 0.00454124, -0.0130559, 0.00241153, 0.00668985, -0.00904608, 0.00170383, -0.00622145, 0.0030345, -0.00082638, -0.0166649, 0.0152004, -0.00277758, 0.00659371, -0.00166891, 0.000572566, 0.00644936, -0.0205096, 0.0034255, -0.0072092, -0.0129611, 0.00198392, -0.00519279, -0.0130816, 0.00201944, 0.00396188, 0.0100815, -0.00170623, -0.000788428, 0.0233205, -0.00383917, -0.0148935, -0.0178065, 0.00274408, 0.00148681, -0.0149265, 0.00254319, 0.00896368, 0.00510775, -0.000683512, -0.000518386, -0.0243581, 0.00401311, -0.00574743, -0.0206806, 0.00325753, -0.00531751, 0.0156822, -0.00271694, 0.00574605, 0.0160676, -0.00262463, -0.00266567, -0.00626872, 0.000873502, 0.00573952, -0.0115131, 0.0021086, 0.00194614, -0.00855958, 0.00154637, 0.00149516, -0.00810367, 0.00140877, 0.00784412, 0.00995954, -0.00174938, -0.00402191, 0.0383629, -0.00641814, 0.0340674, 0.019459, -0.00217935, 0.0280431, -0.0284337, 0.00508515, -0.0285742, -0.0315735, 0.0041424, -0.0517503, -0.0309396, 0.00386496, 0.0118156, -0.0138101, 0.00261197, 0.0281062, 0.0149489, -0.00187964, 0.0181963, 0.0189948, -0.0024402, 0.0377288, 0.00745486, -0.000533291, 0.00932334, -0.025753, 0.0038866, 0.028843, -0.0281133, 0.00479344, 0.0310154, -0.0121942, 0.00204796, -0.00069682, -0.00300168, 0.000252566, 0.00418541, 0.0211174, -0.00319421, 0.00729714, 0.00387663, -0.000634788, -0.00870073, 0.0124028, -0.00197287, -0.0153078, -0.000924544, 0.000161578, 0.0219743, 0.019606, -0.00278418, 0.0429004, 0.0210687, -0.00307314, 0.0383223, 0.0166542, -0.00235963, 0.0423804, 0.0165068, -0.00242965, 0.0218374, 0.0077641, -0.00116226, 0.0294731, 0, 0, 
0.0139988, 0.0476226, -0.0077812, 0.0149265, 0.0367868, -0.00593088, -0.00223247, -0.0142911, 0.0023599, -0.0155745, -0.0382499, 0.00629238, -0.0253013, -0.0239002, 0.00352094, 0.00623078, -0.00294821, 0.000465708, 0.0275898, 0.0175324, -0.00244507, -0.00702914, -0.000782749, 3.69042e-05, -0.0370265, -0.0132621, 0.00149122, -0.000933799, 0.0083973, -0.00145676, 0.0111709, 0.00144461, -6.37526e-05, 0.00699042, 0.000557938, 0.000121134, 0.014903, -0.0050667, 0.00117809, 0.00265499, -0.0131089, 0.00215092, -0.0029247, 0.000380413, -0.000146639, -0.00929197, 0.0132098, -0.00239154, 0.00620784, -0.00214989, 0.000567064, 0.0140846, -0.0212247, 0.00373218, -0.0132968, 0.0319147, -0.00588035, -0.00472943, 0.0436949, -0.0073176, 0.0247281, -0.0166412, 0.00355533, 0.00038072, -0.057786, 0.00965765, -0.0136498, -0.0452419, 0.00708682, 0.000989757, -0.0175496, 0.00284699, 0.00215406, 0.0056959, -0.00112418, -0.0126343, 0.0439545, -0.00761185, 0.00333306, 0.0411594, -0.00654938, -0.00425849, -0.0188639, 0.00306955, 0.0186764, -0.0429237, 0.00729884, 0.0334458, -0.0100182, 0.00217286, 0.00902109, -0.0129022, 0.00217961, 0.0214877, -0.0155115, 0.00290121, 0.0128321, -0.00731704, 0.00106919, -0.000629293, 0.00554554, -0.00105432, -0.00834156, 0.015962, -0.00279936, -0.0115717, 0.0197351, -0.00329624, -0.0153322, 0.016591, -0.0028951, 0.00123112, -0.0285596, 0.00439499, 0.0353788, 0.00846065, -0.000718056, 0.0658679, 0.0662218, -0.00902076, 0.0550111, 0.0460255, -0.00677492, 0.0695641, -0.0829351, 0.0126064, 0.0446521, -0.00358089, 0.000823432, 0.0372527, 0.0402225, -0.00614897, 0.0307231, 0.0512413, -0.00789569, -0.00238707, 0.0621361, -0.00954839, -0.0119092, 0.0160337, -0.00260421, -0.000300898, -0.00377653, 0.000453575, 0.0294731, 0, 0, 
0.00967259, 0.00778057, -0.0010345, 0.00418221, 0.00520981, -0.000748357, -0.0148471, -0.0140999, 0.00207442, 0.00700949, 0.00564999, -0.000849985, 0.0101968, 0.0117719, -0.00187477, -0.00498303, 0.00353644, -0.000755935, -0.0117268, -0.0183443, 0.00298532, -0.00440853, -0.0125219, 0.00213793, 0.0150377, -0.00170639, 0.000483536, -0.0141437, 0.0074448, -0.00162597, -0.0250331, 0.00383234, -0.00105568, 0.0239284, -0.0280721, 0.0052455, 0.0127032, -0.017009, 0.00303807, -0.0169771, 0.00590673, -0.00135799, -0.00616154, 0.00384941, -0.000890939, 0.00443276, 0.015573, -0.00266417, 0.017429, 0.0348087, -0.00535836, 0.0171055, 0.00775567, -0.000749467, -0.0146019, -0.046118, 0.00738397, -0.0196963, -0.0414487, 0.0064303, 0.00414115, -0.0113517, 0.00194108, -0.00315232, -0.000802051, -8.07454e-05, 0.000862963, 0.0121925, -0.00207161, 0.0161693, 0.0296967, -0.0046064, 0.00268687, 0.0350624, -0.00567992, 0.00849532, 0.00340878, -0.00036042, 0.00232593, -0.0143753, 0.00242686, 0.00796784, -0.0160856, 0.00279744, -0.0042003, -0.0108106, 0.00148128, -0.00264315, -0.00284531, 0.000535104, 0.0487552, 0.0125163, -0.000973778, -0.0086918, 0.00987695, -0.00211159, -0.057352, -0.0360384, 0.00445444, -0.0140438, -0.0123898, 0.00181176, 0.0502217, 0.0147366, -0.00121606, 0.0422835, -0.00338608, 0.00127118, 0.0434701, -0.010558, 0.0023397, 0.0505057, 0.0171157, -0.00217923, 0.0250589, -0.0345845, 0.00532074, 0.0149641, 0.0081909, -0.00121108, 0.00882339, -0.00709509, 0.0008559, 0.000755972, 0.0219229, -0.00341642, -0.0178652, 0.0113294, -0.00195606, -0.0182534, 0.0143895, -0.00222825, 0.0181865, 0.0235298, -0.00356805, 0.0372893, 0.0342531, -0.00523408, 0.0131962, 0.0179423, -0.00273084, 0.00400946, -0.00438031, 0.000594779, 0.00303955, -0.0183721, 0.00292947, 0.0294731, 0, 0, 
