0.0216537, 0, 0, 0.0216537, 0, 0, 0.0216537, 0, 0, 0.0216537, 0, 0, 0.0216537, 0, 0, 0.0216537, 0, 0, 0.0216537, 0, 0, 0.0216537, 0, 0, 
0.022002, 0.000290345, 6.77795e-06, 0.0220086, -4.57204e-05, 7.43239e-06, 0.0220133, -0.000283938, 7.31569e-06, 0.0220196, -0.000633686, 4.28101e-06, 0.0220232, -0.000957733, 6.06549e-05, 0.0220214, -0.00129648, 0.000253148, 0.0221301, 0.00151437, -0.00189907, 0.0224725, 0.00523931, -0.00487807, 0.0221021, -0.0138539, 0.00939359, 0.0211236, -2.21861e-05, 5.56646e-05, 
0.0209837, 0.000129141, 0.000391492, 0.0209872, 0.000130861, 8.22852e-05, 0.0209922, -2.93454e-06, -0.000139497, 0.0209969, -3.49187e-05, -0.000446805, 0.0210056, -0.000488586, -0.000696239, 0.021014, -0.00156567, -0.0011532, 0.0210527, 0.000787409, -0.000158984, 0.0214917, 0.00697482, 0.00248992, 0.0206294, -0.00576086, -0.00324316, 0.0206644, -0.00669286, -0.00369677, 0.0210467, -3.83638e-05, 2.53558e-05, 
0.0206777, -6.61692e-05, 0.000345446, 0.0206763, 0.000123309, 0.000250524, 0.0206791, 0.000150622, 8.50135e-05, 0.0206784, 0.00033403, 1.19445e-05, 0.0206874, 0.000283053, -0.000408357, 0.0207173, 1.55404e-05, -0.00198256, 0.0207095, 3.39584e-05, -0.00116858, 0.0209652, 0.00099716, 0.00569039, 0.020531, 0.000474253, -0.0003285, 0.0204261, -0.000125084, -0.00723607, 0.0203631, 0.000623765, -0.000979924, 0.0210415, -3.97568e-05, -8.7369e-06, 
0.0205165, 5.62764e-05, 0.000247082, 0.0205145, 6.48445e-05, 0.000313971, 0.020516, 5.99108e-05, 0.0002607, 0.0205135, 1.63375e-05, 0.000377073, 0.0205166, 7.17788e-05, 0.00023085, 0.0205493, 0.00119575, -0.000815005, 0.0205683, 0.00165585, -0.00140653, 0.0205359, -0.00268328, 0.00217256, 0.0205141, -0.00194638, 0.00199758, 0.0202695, 0.00403366, -0.00259233, 0.020313, 0.00154559, -0.000150055, 0.0203298, 0.001642, -0.000775894, 0.0210143, -1.84524e-05, -3.30236e-05, 
0.0203799, 0.000234551, 0.000441145, 0.0203843, 8.7314e-05, 0.000369757, 0.0203886, -1.35244e-05, 0.000281244, 0.0203936, -0.000254782, 0.000203776, 0.0203984, -0.000465544, 5.10073e-05, 0.0204057, 0.000577402, 0.000284925, 0.0204584, 0.0022164, 0.000553398, 0.0203196, -0.00129225, -0.000557212, 0.0203257, -0.00350303, -0.000905021, 0.0202419, 0.00207674, 0.000894187, 0.0202618, 0.000978517, 0.000960733, 0.0202547, 0.00137692, 0.00103843, 0.0202657, 0.000901814, 0.000658886, 0.0209874, 9.10336e-06, -3.2649e-05, 
0.0202626, 0.000238313, 0.000677827, 0.0202715, 0.000102288, 0.000493386, 0.0202789, -2.25661e-07, 0.000334908, 0.0202904, -0.000138024, 6.86009e-05, 0.0203081, -0.00033778, -0.00042594, 0.0202999, -0.000202931, -1.96546e-05, 0.0203239, 0.000580577, 0.00167871, 0.0202581, 6.99263e-05, -3.08984e-05, 0.0201585, -0.00120665, -0.00297236, 0.020216, 5.46029e-05, 0.000415479, 0.0202215, -2.30831e-05, 0.000804056, 0.0202206, -0.00010172, 0.000997512, 0.0202134, 9.06563e-05, 0.00157995, 0.0202265, -7.66787e-05, 0.000626113, 0.0209638, 2.44437e-05, -1.29767e-05, 
0.0201664, 0.00020635, 0.000826493, 0.0201772, 0.000122799, 0.000618378, 0.0201876, 9.98336e-06, 0.000433274, 0.0201989, -5.6417e-05, 0.000198886, 0.0202217, 7.5537e-05, -0.000372067, 0.0202264, -8.32314e-06, -0.000541019, 0.0202034, -0.000778441, 0.000791877, 0.0202019, -0.000533726, 0.000519676, 0.0201221, 0.000863768, -0.00202486, 0.0201718, 0.000159839, -0.000524311, 0.0201896, -0.000170031, 0.000131007, 0.0201898, -0.000186216, 1.02064e-05, 0.0201844, -0.000784247, 0.000927597, 0.020189, -0.000498902, 0.00042365, 0.0201909, -0.000418621, 0.000516108, 0.0209402, 1.69338e-05, 6.66515e-06, 
0.0200723, 0.000287147, 0.000997924, 0.0200875, 0.000173607, 0.000772256, 0.0201048, 2.79313e-05, 0.000524908, 0.0201199, -0.000117081, 0.00030466, 0.0201342, 0.00010948, -1.9435e-05, 0.0201491, 0.000343575, -0.000355838, 0.020128, -0.000637225, -0.000331202, 0.0201191, -0.0010318, -0.000289604, 0.0201296, 0.000856337, -0.0006902, 0.0201406, 0.000551816, -0.000441118, 0.0201562, 9.00793e-05, -0.000142214, 0.0201526, 0.000454847, -0.000104369, 0.0201551, -0.000347126, 0.000127658, 0.0201556, -0.000116868, 0.000112403, 0.0201553, -0.000389907, 0.00017921, 0.020154, -0.000177049, 0.000108516, 0.0209172, -4.11813e-06, 8.91836e-06, 
0.0199399, 0.00039242, 0.00128194, 0.0199643, 0.000241782, 0.000996067, 0.019991, 0.000101651, 0.000673194, 0.0200202, -9.05829e-05, 0.000324398, 0.0200348, -8.45173e-05, 0.000100227, 0.020041, 9.92614e-05, -1.07345e-05, 0.0200498, -0.000141067, -0.000545368, 0.0200383, -0.000426587, -0.00105077, 0.0200726, 0.000230023, -0.000499886, 0.0200838, 0.00032945, -0.000287247, 0.0200876, 0.000191857, -0.000235181, 0.0200966, 0.000494432, 0.000241221, 0.0200969, 0.000340958, 0.000224095, 0.0200984, 0.000460935, 0.000471422, 0.0200985, 0.000385621, 0.000463915, 0.0200997, 0.000310715, 0.000399457, 0.0201049, 0.000157963, 0.000224447, 0.0208979, -2.22141e-05, -1.04838e-05, 
0.019718, 0.000463477, 0.00163505, 0.0197554, 0.000297159, 0.00127013, 0.0197917, 0.000166639, 0.000904796, 0.019832, 6.84077e-05, 0.000476518, 0.0198656, -8.4874e-05, 0.000108877, 0.0198821, -0.000355663, -0.000126234, 0.0199002, -0.000235414, -0.000507221, 0.0199195, 0.000247232, -0.000946429, 0.0199208, 0.000103488, -0.000797041, 0.0199311, -9.04162e-07, -0.00060538, 0.0199386, 0.000195275, -0.00044857, 0.0199628, 0.000120983, 9.03782e-05, 0.0199749, 0.000395842, 0.000495472, 0.0199868, 0.000545465, 0.00100849, 0.0199914, 0.000701083, 0.00139317, 0.01999, 0.000805198, 0.0015061, 0.0199975, 0.000658524, 0.00131483, 0.0200314, 0.000383957, 0.000715829, 0.0208855, -2.49722e-05, -4.28598e-05, 
0.0193534, 0.000536618, 0.00201716, 0.0194083, 0.000359188, 0.0015735, 0.0194605, 0.000191265, 0.00115417, 0.0195003, 0.000167375, 0.000791102, 0.0195492, 6.17849e-05, 0.000346411, 0.0196212, -0.000448457, -0.00042103, 0.0196495, -0.000557217, -0.000908331, 0.0196762, 0.000213056, -0.000681556, 0.0196679, 0.000180333, -0.00087854, 0.019648, -9.78147e-05, -0.00112023, 0.0196742, 0.000204019, -0.000759289, 0.0196912, -2.49574e-05, -0.000519631, 0.019734, 0.000177622, 0.000204518, 0.0197787, 0.000355916, 0.00107148, 0.0198089, 0.000420985, 0.00189836, 0.0198174, 0.000681336, 0.00269831, 0.0198152, 0.000611616, 0.0028771, 0.0198337, 0.000596051, 0.00252368, 0.0199301, 0.000301649, 0.00138192, 0.0208829, -1.3127e-05, -7.54659e-05, 
0.018781, 0.000636161, 0.00244143, 0.0188585, 0.00045023, 0.00192084, 0.0189405, 0.00023602, 0.00138251, 0.0189843, 0.000150349, 0.00108295, 0.0190254, 8.13257e-05, 0.000781833, 0.0191617, -0.000266157, -0.000365062, 0.0192544, -0.000537477, -0.00146535, 0.0192495, -0.0001557, -0.000940517, 0.0192565, 1.76985e-05, -0.000924325, 0.0192091, -0.000114226, -0.00159442, 0.0192486, 0.000123673, -0.00116161, 0.019249, 7.35275e-05, -0.00115648, 0.0193118, 0.000168379, -0.000512666, 0.0194203, 0.000312816, 0.000638422, 0.0194973, 0.000257845, 0.00164159, 0.0195672, 0.000361837, 0.00317443, 0.0195728, 0.000254182, 0.00396574, 0.0195543, 0.000257149, 0.00441368, 0.0196159, 0.000155148, 0.00367491, 0.0197985, 9.58848e-05, 0.00207752, 0.0208926, 2.37785e-06, -0.000102543, 
0.0178856, 0.000739403, 0.00288141, 0.0179877, 0.000545664, 0.002309, 0.018109, 0.000333944, 0.00162796, 0.01818, 0.000147507, 0.00125582, 0.0182061, -2.38864e-05, 0.0011382, 0.0183673, -0.000173526, 5.449e-05, 0.0185663, -0.000285457, -0.00162104, 0.018556, -0.000310214, -0.00148651, 0.0185584, -0.000262028, -0.0012293, 0.0185112, -0.000191483, -0.00208115, 0.0185458, -4.97134e-05, -0.00173606, 0.0185471, 0.000109747, -0.00173763, 0.0186097, 0.000290043, -0.00131423, 0.018804, 0.000424402, -4.29646e-05, 0.0189478, 0.000442232, 0.000992493, 0.0191449, 0.000367586, 0.00292166, 0.0192142, 0.00020143, 0.0043385, 0.0191972, 1.37323e-05, 0.00564158, 0.0191844, -0.000134166, 0.00585667, 0.0192961, -0.00018272, 0.00492403, 0.0196334, -0.000111411, 0.00272778, 0.0209195, 1.05274e-05, -0.000129052, 
0.0169102, 0.000840034, 0.00331451, 0.0170337, 0.000637564, 0.00273129, 0.017192, 0.000449481, 0.0019622, 0.0173104, 0.000220447, 0.00143229, 0.0173391, -8.87289e-05, 0.0013693, 0.0174962, -0.000264125, 0.000532982, 0.017803, -0.000229462, -0.00142421, 0.0178604, -0.000298774, -0.00198962, 0.0178516, -0.000380745, -0.00182145, 0.0178225, -0.000242649, -0.00275265, 0.0178359, -0.000191315, -0.00261639, 0.0178448, 2.24463e-06, -0.00257838, 0.017901, 0.000314104, -0.00231702, 0.0182012, 0.000540155, -0.000974675, 0.0184794, 0.000764694, 0.000267424, 0.0188999, 0.000715608, 0.00252563, 0.0191505, 0.000528169, 0.0046071, 0.0192301, 0.000182086, 0.00666118, 0.0191767, -0.000165042, 0.00798421, 0.0191665, -0.000401959, 0.00811288, 0.0194337, -0.000412828, 0.00654871, 0.0214987, 0.000858267, -0.00300933, 0.0186382, -0.00164971, 0.00942114, 0.0203235, -3.19376e-05, 2.47076e-06, 
0.0158739, 0.000928003, 0.00367837, 0.0160094, 0.000721245, 0.00313445, 0.0161995, 0.000534522, 0.0023363, 0.0163721, 0.000296552, 0.00165876, 0.0164124, -6.28236e-05, 0.00158393, 0.0165591, -0.000350928, 0.000969289, 0.016971, -0.000352222, -0.00110671, 0.017141, -0.000355787, -0.00223889, 0.0171489, -0.000398728, -0.00236973, 0.0171499, -0.000287465, -0.00349128, 0.0171389, -0.000276533, -0.00364474, 0.0171279, -0.000121931, -0.0037485, 0.0171519, 0.00025417, -0.00370144, 0.017558, 0.000630945, -0.00234463, 0.0180509, 0.00103279, -0.000830469, 0.0188509, 0.00112433, 0.00186013, 0.0194945, 0.000962529, 0.00470008, 0.0198579, 0.000559418, 0.00758135, 0.0199035, 4.04875e-05, 0.0100458, 0.0197423, -0.000453838, 0.0119982, 0.0197249, -0.000754136, 0.0121365, 0.0231906, 0.000167859, -0.00118164, 0.0236128, 6.31861e-05, -0.00244361, 0.0184356, -0.00228867, 0.0246839, 0.0211472, -1.47592e-06, -4.45618e-05, 
0.0138745, 0.000909986, 0.00371112, 0.0140062, 0.000708454, 0.00325754, 0.0142268, 0.000513371, 0.00244791, 0.0144654, 0.0002881, 0.00160916, 0.0145019, 1.16819e-05, 0.00155074, 0.0145817, -0.000219924, 0.00128653, 0.015055, -0.000308938, -0.000667574, 0.0153292, -0.000380603, -0.00207356, 0.0153517, -0.000434474, -0.00227791, 0.0153997, -0.000376119, -0.00347019, 0.0153883, -0.000286261, -0.0037875, 0.0153789, -0.000105494, -0.00390416, 0.0153518, 0.000208917, -0.00407699, 0.0157172, 0.000563406, -0.00308573, 0.0161997, 0.000915603, -0.00196416, 0.017137, 0.00110269, 0.000246343, 0.01811, 0.00107102, 0.00295819, 0.0188511, 0.000804475, 0.00597523, 0.0191991, 0.000335933, 0.00903626, 0.0191203, -0.000258558, 0.0130977, 0.0185833, -0.000825351, 0.0171464, 0.0221521, -0.000506845, 0.00363349, 0.0266756, -0.000271795, -0.00704815, 0.0162086, -0.0018276, 0.0219092, 0.0179302, -0.0012508, 0.0131782, 0.0210362, 1.33166e-05, -0.000112106, 
0.012021, 0.000860374, 0.00360968, 0.0121324, 0.000671958, 0.00328276, 0.0123745, 0.00046363, 0.00249849, 0.0127034, 0.000229394, 0.00145785, 0.0127563, 3.28202e-05, 0.00134032, 0.0127161, -9.83098e-05, 0.00149537, 0.0132, -0.000256149, -0.000194802, 0.0136039, -0.000387256, -0.00187251, 0.0136549, -0.000451001, -0.00219087, 0.0137586, -0.000434365, -0.00343966, 0.0137609, -0.00029145, -0.00375572, 0.0137713, -6.93496e-05, -0.00376243, 0.0136991, 0.000199523, -0.00410953, 0.0140186, 0.000514505, -0.00336007, 0.0144057, 0.000811469, -0.00263239, 0.0152898, 0.00103679, -0.00104627, 0.0164633, 0.00110615, 0.00126009, 0.0174809, 0.000964021, 0.00386308, 0.0181382, 0.000580995, 0.00660067, 0.0185404, -0.00013965, 0.0116691, 0.0180197, -0.00115691, 0.0205141, 0.0201625, -0.000830107, 0.0104868, 0.0284021, 0.000186305, -0.00808656, 0.0172557, -0.00204398, 0.0136527, 0.0150897, -0.00287415, 0.0199335, 0.0184397, -0.00147498, 0.00820129, 0.0210756, 2.71189e-05, -0.000134041, 
0.0103906, 0.000788669, 0.00341012, 0.0104733, 0.00060657, 0.00321345, 0.0107159, 0.000399934, 0.00251097, 0.0111415, 0.000182369, 0.00127931, 0.011258, 3.16318e-05, 0.0009822, 0.0110777, -6.35933e-05, 0.00152068, 0.0114981, -0.000206754, 0.000246405, 0.0120215, -0.000366039, -0.00158829, 0.0121179, -0.000432283, -0.00204967, 0.0122802, -0.000436829, -0.0033356, 0.0122972, -0.000294147, -0.00373301, 0.0123261, -5.67837e-05, -0.00358844, 0.0122703, 0.000196389, -0.00388302, 0.0125508, 0.00047353, -0.0032856, 0.0128275, 0.000743484, -0.00284806, 0.0135703, 0.000986025, -0.00177487, 0.0147957, 0.00112121, 4.799e-05, 0.0159063, 0.00110051, 0.00204102, 0.0165885, 0.000899627, 0.00379446, 0.0174734, 0.000163145, 0.00813065, 0.0179705, -0.00160399, 0.0203904, 0.0183943, -0.00151937, 0.017139, 0.0268636, 0.00120338, -0.00480603, 0.0204411, -0.00117909, 0.0060942, 0.0135901, -0.00412327, 0.0198188, 0.017179, -0.00293765, 0.0111795, 0.0175935, -0.00241108, 0.00999421, 0.0211454, 3.66524e-05, -0.000140554, 
0.00898786, 0.000702696, 0.00315367, 0.009052, 0.000518054, 0.00303653, 0.00926882, 0.00033366, 0.00246998, 0.00975488, 0.000165169, 0.00116695, 0.00997983, 2.63119e-05, 0.000612965, 0.00972299, -8.25417e-05, 0.0012969, 0.0100132, -0.000197993, 0.000520672, 0.010591, -0.000326811, -0.00123871, 0.0107386, -0.000389964, -0.00182152, 0.010954, -0.000381956, -0.00310658, 0.0109914, -0.000266918, -0.00361075, 0.0110211, -6.07398e-05, -0.00340734, 0.0109751, 0.000183417, -0.00368235, 0.011248, 0.000432639, -0.00313165, 0.011534, 0.000691342, -0.00272918, 0.0121033, 0.000951611, -0.00203833, 0.0133139, 0.00112073, -0.000606279, 0.0144849, 0.00118881, 0.000967414, 0.0148883, 0.00122107, 0.00170505, 0.0157345, 0.000738653, 0.00410728, 0.0177351, -0.00156601, 0.0168241, 0.0176963, -0.00245841, 0.0207962, 0.0232717, 0.00139587, 0.000952983, 0.0223295, 0.000346738, 0.00263485, 0.0138949, -0.00400798, 0.0164716, 0.0166633, -0.00352947, 0.011427, 0.0156561, -0.0043079, 0.0135295, 0.0184452, -0.00217393, 0.00602533, 0.0211568, 4.78181e-05, -0.000154761, 
0.0078062, 0.000602658, 0.00287486, 0.0078724, 0.00042863, 0.00276267, 0.00804371, 0.000275191, 0.00235851, 0.00853213, 0.000147097, 0.00114302, 0.00887725, 2.01591e-05, 0.000343877, 0.00864168, -0.000105028, 0.000920087, 0.00879226, -0.000207778, 0.000562185, 0.00934537, -0.000291828, -0.000934664, 0.00952333, -0.000339959, -0.0015396, 0.00976746, -0.000315246, -0.00272815, 0.00983179, -0.000215806, -0.00334487, 0.00985297, -5.30731e-05, -0.00317796, 0.00981367, 0.000173082, -0.00344332, 0.0100509, 0.00040669, -0.00298688, 0.0103636, 0.000653126, -0.00258002, 0.0108525, 0.000917759, -0.0020646, 0.0120894, 0.00109458, -0.00085425, 0.0133758, 0.00120506, 0.000497209, 0.0135086, 0.0014036, 0.000708908, 0.0137254, 0.00131437, 0.00112287, 0.0167919, -0.000869438, 0.0116685, 0.0176782, -0.00283651, 0.0205635, 0.0199315, 0.000584176, 0.00643639, 0.0218179, 0.0012886, 0.00252795, 0.0149607, -0.0030321, 0.0132108, 0.016411, -0.00336469, 0.0109793, 0.0150185, -0.00472531, 0.0131184, 0.0166428, -0.0040492, 0.00973658, 0.0186048, -0.00218382, 0.00507143, 0.0211593, 5.87139e-05, -0.000161702, 
0.00683616, 0.000494878, 0.00260304, 0.00692576, 0.000352584, 0.00243278, 0.00704783, 0.000225853, 0.00217557, 0.00748735, 0.000115175, 0.00116159, 0.00792496, 1.53988e-06, 0.000211134, 0.0077849, -0.000116529, 0.000536036, 0.0078355, -0.000205343, 0.000431269, 0.00831125, -0.000266207, -0.000734539, 0.00849132, -0.000292259, -0.0012773, 0.0087305, -0.000263362, -0.00227779, 0.00881939, -0.000173218, -0.00295156, 0.00883363, -3.22014e-05, -0.00288117, 0.00879712, 0.000170956, -0.00314822, 0.0089839, 0.000396524, -0.00281027, 0.00931343, 0.000630012, -0.00240553, 0.00973044, 0.000889346, -0.00201422, 0.0109517, 0.00106963, -0.000993613, 0.012498, 0.00118386, 0.000317041, 0.0126691, 0.00143072, 0.000529521, 0.0120121, 0.00164249, -0.00037842, 0.0152216, 7.24944e-05, 0.00688183, 0.017591, -0.00239348, 0.0176726, 0.0178655, -0.000390327, 0.0100536, 0.0200627, 0.00134169, 0.00394557, 0.0157334, -0.0020491, 0.0111606, 0.0161725, -0.0029266, 0.010538, 0.0153426, -0.00425279, 0.0115248, 0.0154435, -0.00507476, 0.0112109, 0.0174722, -0.0036755, 0.00736352, 0.018731, -0.00235946, 0.00447493, 0.0211712, 7.02328e-05, -0.0001583, 
0.00605416, 0.000393499, 0.00234926, 0.00618183, 0.000284088, 0.00209285, 0.00626591, 0.000183714, 0.00193448, 0.00662697, 8.12048e-05, 0.00116199, 0.00710801, -3.08493e-05, 0.000181986, 0.00709222, -0.000124526, 0.000231417, 0.0070947, -0.000191893, 0.000232302, 0.00747705, -0.000243868, -0.000629961, 0.0076384, -0.000250988, -0.0010711, 0.00784554, -0.000222975, -0.00184167, 0.00794817, -0.000144847, -0.00249967, 0.00796072, -9.91077e-06, -0.0025246, 0.00792819, 0.000172522, -0.00278418, 0.00806396, 0.000388373, -0.0025609, 0.00838896, 0.000608957, -0.00218069, 0.00873358, 0.00085533, -0.00188857, 0.00985529, 0.00104481, -0.00106763, 0.0116359, 0.00116195, 0.00018446, 0.0121675, 0.0014025, 0.000644867, 0.0108856, 0.0017489, -0.000695876, 0.0134076, 0.000844457, 0.00340952, 0.0170088, -0.00153438, 0.0136757, 0.0168154, -0.000930609, 0.011517, 0.0181691, 0.000985091, 0.00561134, 0.0158675, -0.00135664, 0.0101339, 0.0157808, -0.00248268, 0.0102945, 0.0158424, -0.00355479, 0.0101575, 0.0149549, -0.00531924, 0.0110714, 0.0169876, -0.00458004, 0.00798022, 0.0175751, -0.00431227, 0.00681238, 0.019275, -0.00211553, 0.00303551, 0.021177, 8.37158e-05, -0.000143925, 
0.00542747, 0.000309091, 0.0021147, 0.00560092, 0.00021661, 0.00177029, 0.00566494, 0.000141955, 0.00165788, 0.0059379, 5.41076e-05, 0.0011136, 0.0064138, -5.75735e-05, 0.000200568, 0.00651284, -0.000134869, 2.69061e-05, 0.00650884, -0.000180951, 3.88346e-05, 0.006805, -0.000225884, -0.000584637, 0.00693854, -0.000217712, -0.000921904, 0.00709915, -0.000186206, -0.00146605, 0.00720172, -0.000116096, -0.00204559, 0.00721546, 1.42983e-05, -0.00212437, 0.00719052, 0.000177007, -0.00235301, 0.00728605, 0.000374452, -0.00221627, 0.00759541, 0.000575432, -0.00186852, 0.0078686, 0.000803116, -0.00165808, 0.0088003, 0.000995617, -0.00104976, 0.0106695, 0.00110284, 6.61136e-05, 0.0117175, 0.00134331, 0.000778019, 0.0102816, 0.00180556, -0.000368548, 0.0116881, 0.0014014, 0.00136192, 0.0158453, -0.000725578, 0.00966103, 0.0161414, -0.00107499, 0.0111166, 0.0165204, 0.00066582, 0.00677921, 0.0154152, -0.000852953, 0.00958265, 0.0150892, -0.00205218, 0.0101682, 0.0158236, -0.00280711, 0.00937411, 0.0148166, -0.00501068, 0.0102552, 0.0167746, -0.00498079, 0.00782689, 0.017158, -0.00547258, 0.00706633, 0.0185487, -0.00415153, 0.00440068, 0.0194977, -0.0023773, 0.00243058, 0.0211777, 9.80151e-05, -0.000116823, 
0.00493021, 0.000244241, 0.00189633, 0.00514786, 0.000156333, 0.00147995, 0.00521081, 9.40799e-05, 0.00137267, 0.00540255, 2.88201e-05, 0.00101311, 0.00583369, -6.29775e-05, 0.000226341, 0.00601634, -0.000135036, -9.00196e-05, 0.00603065, -0.000177423, -0.000112195, 0.00625755, -0.000213475, -0.00056377, 0.0063639, -0.000195739, -0.000815816, 0.00647469, -0.000154028, -0.0011629, 0.00656543, -7.95204e-05, -0.00162452, 0.00658049, 4.58793e-05, -0.00171033, 0.00656777, 0.000191326, -0.0018788, 0.00664003, 0.000361781, -0.00178763, 0.00693134, 0.000529968, -0.00146878, 0.00715038, 0.0007386, -0.00131494, 0.00783877, 0.000922482, -0.000908779, 0.00958011, 0.000965037, -9.68298e-06, 0.0110776, 0.00117098, 0.000821403, 0.00998516, 0.00185412, 0.000192128, 0.0103139, 0.00190477, 0.000548955, 0.014234, -7.49864e-05, 0.00627561, 0.0153333, -0.00108696, 0.00939324, 0.0150864, 0.000439806, 0.00711005, 0.014539, -0.000443566, 0.00898776, 0.0140934, -0.00162799, 0.00988552, 0.0149916, -0.00199648, 0.00897901, 0.0144509, -0.00428456, 0.00938883, 0.0162807, -0.00481987, 0.00752337, 0.0170469, -0.00577127, 0.0063782, 0.018247, -0.00555516, 0.00435463, 0.0190742, -0.00440867, 0.00277184, 0.0198471, -0.00242838, 0.00128977, 0.0211823, 0.000109157, -7.58058e-05, 
0.00454875, 0.000194265, 0.00169005, 0.00479603, 0.000115754, 0.00123409, 0.00487421, 4.59004e-05, 0.00110584, 0.00500558, -7.11252e-06, 0.000874695, 0.00536523, -5.23372e-05, 0.000240358, 0.00559125, -0.000110077, -0.000139643, 0.00563269, -0.000170184, -0.000206379, 0.00580741, -0.000200146, -0.000538803, 0.00589286, -0.000182597, -0.000731836, 0.0059595, -0.000135202, -0.000926633, 0.00603169, -4.22117e-05, -0.0012572, 0.00604727, 8.15854e-05, -0.00131527, 0.00605069, 0.000218022, -0.00140321, 0.00611587, 0.000362671, -0.00132225, 0.00639008, 0.000483144, -0.00102487, 0.00658952, 0.000678421, -0.000894968, 0.0070457, 0.000864727, -0.000650857, 0.00845935, 0.000779647, -1.00271e-05, 0.010149, 0.000813923, 0.000767502, 0.00971861, 0.00176085, 0.000686409, 0.00938444, 0.00242276, 0.0005881, 0.0124592, 0.000557928, 0.0039128, 0.0141834, -0.00107027, 0.0070969, 0.0137704, 0.000208144, 0.00659408, 0.0134205, -0.00016054, 0.00805481, 0.0129378, -0.00129052, 0.0091851, 0.0135136, -0.00122649, 0.00858431, 0.0135168, -0.00328685, 0.00861021, 0.0151235, -0.0041629, 0.00725552, 0.0165399, -0.00525302, 0.0057506, 0.0178663, -0.00602113, 0.0038466, 0.0189197, -0.00550971, 0.00199274, 0.0194688, -0.00456154, 0.000821205, 0.0200754, -0.00233573, 0.000205736, 0.0211967, 0.000112855, -2.48893e-05, 
0.00427571, 0.00014901, 0.00149442, 0.00452721, 0.000103024, 0.00103993, 0.00462919, 1.30069e-05, 0.00088055, 0.00472853, -5.74601e-05, 0.000723403, 0.00500714, -4.63806e-05, 0.000239801, 0.00523824, -6.29133e-05, -0.000141978, 0.00530375, -0.000145283, -0.000244576, 0.00543854, -0.000175238, -0.00049204, 0.00551017, -0.000167244, -0.000648735, 0.00554317, -0.000132698, -0.000739936, 0.0055954, -1.7551e-05, -0.000949652, 0.00561121, 0.000110057, -0.000966646, 0.00563247, 0.000247189, -0.000970464, 0.00570242, 0.000379423, -0.000879404, 0.00595554, 0.000442083, -0.000603012, 0.00616972, 0.000626184, -0.000469203, 0.0064705, 0.000862289, -0.000326054, 0.00745926, 0.000651418, 7.27167e-05, 0.00900558, 0.00032579, 0.000657685, 0.00925728, 0.00136297, 0.000949666, 0.00881607, 0.00281664, 0.0010102, 0.0108226, 0.00130449, 0.002631, 0.0127613, -0.000929947, 0.0049517, 0.012527, -6.12036e-05, 0.00554796, 0.0122345, -4.46969e-05, 0.00681322, 0.0118285, -0.00110407, 0.00800346, 0.011831, -0.000689237, 0.00791715, 0.0121117, -0.00226228, 0.00780352, 0.0134103, -0.003266, 0.00689218, 0.0152098, -0.00419907, 0.00545844, 0.0169238, -0.00558864, 0.00354214, 0.0184453, -0.00562502, 0.00138599, 0.0191487, -0.00563139, -0.000302536, 0.0196391, -0.00417069, -0.00108196, 0.0200848, -0.00230473, -0.00076826, 0.0212216, 0.000108906, 2.74083e-05, 
0.00410108, 9.93413e-05, 0.00131078, 0.00432856, 0.000114768, 0.000896293, 0.00445213, 9.8177e-06, 0.000710117, 0.00454619, -0.000110031, 0.000584258, 0.00475123, -6.32402e-05, 0.000230719, 0.00495964, -1.32208e-05, -0.000114564, 0.00504037, -0.000100982, -0.000238289, 0.00514238, -0.000133803, -0.000420388, 0.00520437, -0.000137013, -0.000553267, 0.00521507, -0.000137124, -0.000583878, 0.00524906, -1.14229e-05, -0.000695516, 0.00526519, 0.000121908, -0.000675698, 0.00530244, 0.000263949, -0.000609487, 0.00538303, 0.000401995, -0.000503765, 0.00560443, 0.000405458, -0.000257092, 0.00584545, 0.000563099, -0.000108359, 0.00609895, 0.000909292, -5.02012e-06, 0.00671012, 0.000683761, 0.000218039, 0.00784454, -0.000113054, 0.000550093, 0.00851496, 0.000636508, 0.000950157, 0.00838603, 0.00284233, 0.00140335, 0.00950307, 0.00211279, 0.00219081, 0.0112598, -0.000534355, 0.00340777, 0.0113559, -0.00027845, 0.00437361, 0.0111051, -5.55541e-05, 0.00548771, 0.0108765, -0.00105802, 0.00653092, 0.0103658, -0.00047717, 0.00692228, 0.0105818, -0.00143443, 0.00687279, 0.0115545, -0.00241021, 0.00630666, 0.013225, -0.00302116, 0.00526645, 0.0153005, -0.00459338, 0.00351096, 0.0172393, -0.00502324, 0.00140142, 0.0184892, -0.0056501, -0.000910534, 0.0191097, -0.00504049, -0.0024195, 0.0193973, -0.00392609, -0.00269616, 0.0199555, -0.00202969, -0.00160965, 0.0212545, 9.96286e-05, 7.44264e-05, 
0.00403124, 4.58933e-05, 0.00114594, 0.00421471, 0.00013621, 0.000796436, 0.00434829, 3.97115e-05, 0.000597028, 0.00445388, -0.00014319, 0.000476413, 0.00460587, -0.000106919, 0.000221782, 0.00477906, 1.15519e-05, -7.17131e-05, 0.00486739, -5.46446e-05, -0.000206376, 0.00494456, -8.68273e-05, -0.000341139, 0.0049996, -9.08761e-05, -0.00045707, 0.00499955, -0.000138552, -0.000464732, 0.00502023, -2.70623e-05, -0.000516146, 0.00503666, 0.000105126, -0.000488742, 0.00508052, 0.000248239, -0.000397451, 0.00516454, 0.000413706, -0.000300599, 0.00533289, 0.000378344, -0.000108639, 0.00557266, 0.000481701, 3.98951e-05, 0.00586789, 0.000973042, 0.000144998, 0.00629212, 0.000934452, 0.000288929, 0.00698366, -0.000243746, 0.000417498, 0.00775227, -0.000173944, 0.000716084, 0.0081192, 0.00243567, 0.00152015, 0.00884086, 0.00287491, 0.00227565, 0.0102995, 0.000276222, 0.00283207, 0.0107801, -0.000163046, 0.0039319, 0.0105906, 2.55328e-05, 0.00522916, 0.0104555, -0.00107946, 0.00635356, 0.00953443, -0.000719939, 0.00725754, 0.00943705, -0.00126971, 0.00741605, 0.0104532, -0.00228675, 0.00692512, 0.0123025, -0.00269945, 0.00600198, 0.0153807, -0.00421601, 0.00407976, 0.0185221, -0.0049688, 0.00149399, 0.0213419, -0.00590492, -0.00213103, 0.0231316, -0.00610274, -0.00588257, 0.0238047, -0.00586427, -0.00890555, 0.0244, -0.00350226, -0.00764908, 0.0304186, 0.00734627, 0.0068308, 0.0185334, -0.0129819, -0.021432, 0.0203269, 1.54196e-05, 2.09595e-05, 
0.00403155, -3.48375e-06, 0.000985352, 0.004169, 0.000141968, 0.000704712, 0.00429807, 8.47583e-05, 0.000506251, 0.00441724, -0.000140282, 0.000380909, 0.00454058, -0.000160046, 0.000192336, 0.00467894, 8.41107e-07, -4.92621e-05, 0.00476695, -2.02376e-05, -0.000184833, 0.00482381, -4.40892e-05, -0.000282437, 0.0048687, -3.00042e-05, -0.000374501, 0.00486201, -0.000115647, -0.000370327, 0.00487017, -3.59912e-05, -0.000374309, 0.00488556, 8.58986e-05, -0.000334064, 0.00493315, 0.000216196, -0.000221057, 0.00503208, 0.000413226, -0.000112921, 0.00516556, 0.000355026, 4.33995e-05, 0.00537557, 0.000344186, 0.000183032, 0.00571708, 0.000922929, 0.000294326, 0.00610176, 0.00123124, 0.000416198, 0.00642487, -8.10363e-05, 0.000419538, 0.00693175, -0.000922894, 0.000469203, 0.00751244, 0.00149589, 0.00130362, 0.00806791, 0.00308645, 0.00225942, 0.00911865, 0.00100528, 0.00245295, 0.00979418, 3.22056e-05, 0.00322443, 0.00972284, 0.000121061, 0.00430257, 0.00984526, -0.00102864, 0.00506809, 0.00898059, -0.000860816, 0.00600259, 0.00849529, -0.00096816, 0.00636725, 0.00919809, -0.00182965, 0.00609831, 0.0103099, -0.00196066, 0.00564432, 0.0130489, -0.00315982, 0.00433265, 0.0161099, -0.00398254, 0.00240272, 0.0193255, -0.00488661, -0.000636676, 0.0219925, -0.00562514, -0.00468222, 0.0237493, -0.00658076, -0.0100299, 0.0241607, -0.00517503, -0.0108145, 0.0302856, 0.00566454, 0.0079632, 0.0226378, -0.000891557, -0.00777709, 0.0149159, -0.0154904, -0.0371765, 0.0215896, 4.22026e-06, 9.5851e-06, 
0.00405666, -2.21276e-05, 0.000858025, 0.00416268, 0.000128648, 0.000633571, 0.00427605, 0.000131581, 0.000446381, 0.00439683, -8.81185e-05, 0.000321007, 0.00450785, -0.000187817, 0.000176303, 0.00462073, -3.26005e-05, -2.17453e-05, 0.00470483, -8.39201e-06, -0.000153286, 0.00474851, -1.64676e-05, -0.000227263, 0.00478347, 3.51241e-05, -0.000295175, 0.00477376, -6.38051e-05, -0.000285602, 0.00477202, -2.5929e-05, -0.000260013, 0.0047845, 7.09218e-05, -0.000214365, 0.00482754, 0.000168728, -0.000101246, 0.00493709, 0.000395335, 1.01058e-05, 0.00504621, 0.0003523, 0.00013448, 0.0051925, 0.000193771, 0.000250913, 0.00552724, 0.000748988, 0.00035364, 0.00596348, 0.00148359, 0.00048084, 0.00613265, 0.000396804, 0.0004599, 0.00630903, -0.00130058, 0.000280963, 0.00683846, 0.000358509, 0.000891137, 0.00733399, 0.00278214, 0.00204045, 0.00805452, 0.00159897, 0.00226029, 0.00878711, 0.000373796, 0.00275237, 0.00882322, 0.000324155, 0.00363603, 0.00916152, -0.000866797, 0.00403029, 0.00861107, -0.00101034, 0.00476455, 0.00791005, -0.000849674, 0.00521683, 0.00834641, -0.00151518, 0.00509698, 0.0087921, -0.00145434, 0.00494329, 0.0108507, -0.00225161, 0.00418985, 0.0135013, -0.00301502, 0.00290864, 0.0164662, -0.00368452, 0.000805898, 0.0194731, -0.00450949, -0.00257549, 0.0228241, -0.00646166, -0.00940068, 0.0240601, -0.00728831, -0.0147873, 0.0275827, 0.00267235, 0.00582912, 0.0278065, 0.00393425, 0.00551457, 0.0107034, -0.0103905, -0.0364431, 0.0160408, -0.00406756, -0.0172769, 0.0214875, 1.40028e-05, 4.69873e-05, 
0.00409226, 1.57726e-06, 0.000769568, 0.00418718, 9.67968e-05, 0.000585505, 0.00428243, 0.000160971, 0.000411412, 0.00439094, -3.07425e-07, 0.00029108, 0.00449474, -0.000172381, 0.000178988, 0.00459189, -6.96085e-05, 1.67392e-05, 0.00467218, -1.91719e-05, -0.000109708, 0.00471031, -1.20553e-05, -0.000173599, 0.00473871, 8.78784e-05, -0.000223775, 0.00472896, 7.16581e-06, -0.00021147, 0.00472029, 9.00279e-06, -0.000168757, 0.00472836, 7.11018e-05, -0.000120785, 0.00475998, 0.000117017, -2.01607e-05, 0.00487267, 0.000360702, 8.56056e-05, 0.00497233, 0.00037691, 0.000183437, 0.0050453, 7.19534e-05, 0.000273618, 0.00530709, 0.000461068, 0.000352893, 0.00579213, 0.0015672, 0.000483524, 0.00598889, 0.00104111, 0.000503556, 0.00593907, -0.0011929, 0.000200457, 0.0062694, -0.000659816, 0.000455666, 0.0066801, 0.00204851, 0.00161573, 0.00715315, 0.00187254, 0.00204253, 0.00782714, 0.000739006, 0.00240692, 0.00791524, 0.000648692, 0.00322168, 0.00838924, -0.000550372, 0.00332496, 0.00828604, -0.00110077, 0.00374782, 0.00757491, -0.000834099, 0.00417255, 0.00786404, -0.00134789, 0.00412344, 0.00787845, -0.00119089, 0.00411196, 0.00913969, -0.00156831, 0.00376719, 0.0113002, -0.00225015, 0.00297683, 0.0135889, -0.00259368, 0.00176745, 0.0160501, -0.00303628, -0.000297916, 0.0206119, -0.0053479, -0.00701267, 0.0245214, -0.008657, -0.0175199, 0.0243043, -0.000767832, -9.76487e-06, 0.0296944, 0.00498701, 0.0143679, 0.0118295, -0.00475238, -0.0237273, 0.0113635, -0.00440411, -0.0252525, 0.0160539, -0.00214243, -0.0133348, 0.0214207, 1.68054e-05, 8.54519e-05, 
0.00413054, 6.56217e-05, 0.000712299, 0.00422913, 5.50504e-05, 0.000560553, 0.00431054, 0.000162682, 0.000397028, 0.00439997, 9.82273e-05, 0.0002796, 0.00449488, -0.000114697, 0.000193521, 0.00458072, -9.13994e-05, 6.45091e-05, 0.0046577, -4.13195e-05, -5.54788e-05, 0.00469601, -3.04846e-05, -0.000119087, 0.00472301, 0.000113464, -0.000162496, 0.0047172, 7.89233e-05, -0.000152886, 0.00470493, 6.22171e-05, -0.000101471, 0.00470851, 9.08239e-05, -5.15329e-05, 0.00472464, 7.23461e-05, 3.23396e-05, 0.00483065, 0.000308279, 0.000125519, 0.00493321, 0.00042157, 0.000200046, 0.00494457, 1.75388e-05, 0.000266819, 0.00508743, 0.000112701, 0.000316421, 0.00556029, 0.00140441, 0.000436313, 0.00587105, 0.00164451, 0.000520133, 0.00574998, -0.000638441, 0.000212267, 0.00587274, -0.00130245, 0.000117848, 0.00616413, 0.00110161, 0.00108428, 0.00644478, 0.00177402, 0.00171252, 0.00698431, 0.000970388, 0.00205394, 0.00706333, 0.000978523, 0.0029161, 0.00752537, -7.59061e-05, 0.00291125, 0.00784836, -0.00100959, 0.00302831, 0.00733245, -0.000846383, 0.00334322, 0.00761594, -0.00128844, 0.00330223, 0.00745259, -0.0011265, 0.00333128, 0.00802041, -0.00115524, 0.00321976, 0.00976379, -0.00175747, 0.00275526, 0.0113275, -0.00184312, 0.00216068, 0.0125366, -0.00165408, 0.00147069, 0.0170091, -0.00349141, -0.00352179, 0.024586, -0.00866852, -0.0174861, 0.0227648, -0.00414755, -0.00814746, 0.0273845, 0.00391196, 0.0169586, 0.01629, -0.00105965, -0.00897406, 0.00980108, -0.00320298, -0.0247693, 0.0135716, -0.00169332, -0.0166759, 0.0145492, -0.00166323, -0.0144372, 0.0214719, 1.02e-05, 8.24942e-05, 
0.00416976, 0.000156573, 0.00067821, 0.00427721, 1.7877e-05, 0.000557727, 0.00435109, 0.000138987, 0.000403685, 0.00442262, 0.000182287, 0.000282922, 0.00450661, -2.97158e-05, 0.000214446, 0.00458147, -8.57592e-05, 0.000117419, 0.00465361, -5.70409e-05, 7.88723e-06, 0.00469461, -5.96777e-05, -5.95859e-05, 0.00472397, 0.000105761, -0.000105649, 0.00472609, 0.000131916, -0.000106496, 0.00471432, 0.000120102, -5.48474e-05, 0.00471531, 0.000129708, -3.42345e-06, 0.00471543, 4.77445e-05, 6.39812e-05, 0.00480405, 0.000241216, 0.000140937, 0.00491619, 0.000467509, 0.000194606, 0.00489178, 5.32946e-05, 0.000242, 0.00490375, -0.00020497, 0.000264424, 0.0052895, 0.00100308, 0.000358538, 0.0057103, 0.00200092, 0.000498585, 0.00564353, 0.000181854, 0.000276428, 0.00562737, -0.00142464, -6.04336e-05, 0.00580877, 0.000221472, 0.000577796, 0.00594643, 0.00138181, 0.00129011, 0.00632247, 0.000977313, 0.00163965, 0.00634759, 0.00118093, 0.00258178, 0.00665375, 0.000443572, 0.00267519, 0.00725597, -0.000718131, 0.00257515, 0.00699917, -0.000772649, 0.00277852, 0.00737645, -0.0012108, 0.00271247, 0.00732824, -0.00119783, 0.00272157, 0.00741881, -0.00100181, 0.00270743, 0.00886912, -0.00151161, 0.00244855, 0.010048, -0.00155025, 0.00213528, 0.00983434, -0.000755504, 0.0023972, 0.012633, -0.00147062, 3.68852e-05, 0.023021, -0.00727159, -0.0144164, 0.0236727, -0.00667563, -0.0153333, 0.0232051, 0.00170353, 0.0129839, 0.0199156, 0.000497679, 0.00180112, 0.0113889, -0.00190474, -0.018998, 0.013509, -0.00073847, -0.0149092, 0.0104866, -0.00139448, -0.0207759, 0.0163096, -0.000389397, -0.00923831, 0.0214739, 6.20013e-06, 9.44275e-05, 
0.00421005, 0.00025142, 0.000661199, 0.00432371, 2.01032e-07, 0.000570795, 0.00439514, 0.000102127, 0.000428536, 0.00445447, 0.000232149, 0.000301284, 0.00452815, 5.8762e-05, 0.000239416, 0.00459212, -5.22991e-05, 0.000169161, 0.00465677, -5.11956e-05, 7.43342e-05, 0.00469984, -8.12361e-05, 4.05099e-06, 0.00473201, 7.09235e-05, -4.83437e-05, 0.00474378, 0.000151628, -6.50908e-05, 0.00473637, 0.000163339, -2.24534e-05, 0.00473822, 0.000177559, 2.75684e-05, 0.00472618, 5.26045e-05, 8.02656e-05, 0.00478803, 0.000170257, 0.00013981, 0.00490841, 0.000490381, 0.000175946, 0.00487986, 0.00016824, 0.000207923, 0.00478227, -0.000401118, 0.000210966, 0.00502293, 0.00046473, 0.000268159, 0.00548724, 0.00198815, 0.000438933, 0.00553892, 0.0009908, 0.000345134, 0.00546968, -0.00106908, -8.43129e-05, 0.00557973, -0.000356408, 0.00020298, 0.0056252, 0.000883985, 0.000853839, 0.0058557, 0.000779943, 0.00117784, 0.00581858, 0.00116181, 0.00212276, 0.00588595, 0.000849234, 0.00244607, 0.00656346, -0.000307717, 0.00225184, 0.00652972, -0.00058234, 0.00237618, 0.00700725, -0.00103483, 0.00228441, 0.00723129, -0.00123563, 0.00226346, 0.00708179, -0.000964561, 0.00227049, 0.00838159, -0.00142497, 0.00213693, 0.00961408, -0.0016187, 0.00191219, 0.00839327, -0.000468777, 0.00252135, 0.00845794, 0.000147278, 0.00264824, 0.0193057, -0.00500699, -0.00933544, 0.0250182, -0.00772288, -0.0184454, 0.0199759, -0.000659259, 0.00516517, 0.0205133, 0.00060577, 0.00686852, 0.0139917, -0.00123864, -0.0120645, 0.0145369, -0.000179378, -0.0112922, 0.00984348, -0.0005911, -0.0196802, 0.0124278, 8.6742e-06, -0.0150223, 0.0157759, -8.41948e-05, -0.00914824, 0.0214395, 2.21974e-06, 0.000123743, 
0.00425251, 0.000326154, 0.000657696, 0.00436519, 1.17172e-05, 0.000591757, 0.00443678, 6.9782e-05, 0.000465141, 0.00449095, 0.000241449, 0.000333954, 0.00455712, 0.000127693, 0.000268953, 0.00461204, -1.95644e-06, 0.000215776, 0.00466799, -1.95006e-05, 0.000136244, 0.00471098, -7.87898e-05, 6.6693e-05, 0.00474382, 2.67403e-05, 9.60813e-06, 0.00476386, 0.000137574, -2.37199e-05, 0.00476295, 0.000177315, 1.98023e-06, 0.00476883, 0.000216685, 4.46674e-05, 0.00475151, 8.36518e-05, 8.34939e-05, 0.00478158, 0.000109059, 0.000125285, 0.00489969, 0.000475122, 0.000145936, 0.00489362, 0.00032337, 0.000165785, 0.00473248, -0.000427017, 0.000159601, 0.00480749, -5.59242e-05, 0.000176549, 0.00522351, 0.00163129, 0.000344357, 0.00539174, 0.00154309, 0.000376002, 0.00534219, -0.000441386, -1.38236e-05, 0.00542558, -0.00054709, -1.24153e-07, 0.00542739, 0.000477235, 0.000493968, 0.00555762, 0.000506908, 0.000743472, 0.00548692, 0.000949408, 0.00156903, 0.00532314, 0.0010427, 0.00212538, 0.00589563, 8.52709e-05, 0.00195919, 0.00598905, -0.000322727, 0.00204622, 0.00648432, -0.000764808, 0.00195356, 0.00700359, -0.00116254, 0.00191283, 0.00680177, -0.000930214, 0.00191473, 0.00796491, -0.00133937, 0.00186952, 0.0096145, -0.00183389, 0.00169042, 0.00828578, -0.000749509, 0.00214602, 0.00555357, 0.00105003, 0.00380587, 0.0143293, -0.00261836, -0.00400135, 0.0247239, -0.00740726, -0.0171955, 0.0189928, -0.00259086, -0.0027499, 0.019094, 9.24904e-05, 0.00713801, 0.0158688, -0.00106895, -0.00685262, 0.0156863, -0.000175159, -0.00774769, 0.0115346, -9.76836e-05, -0.0151352, 0.0104344, 0.00053211, -0.0170922, 0.0129484, 0.0003974, -0.0130125, 0.0158387, 0.000366156, -0.00823516, 0.0214282, -3.59963e-06, 0.000141305, 
0.00429965, 0.000365627, 0.000665977, 0.00440301, 5.21098e-05, 0.000615497, 0.00447512, 5.69258e-05, 0.000506977, 0.00453044, 0.000219306, 0.000377768, 0.00459268, 0.000165306, 0.000304239, 0.00464199, 4.94389e-05, 0.000257156, 0.00469061, 2.88814e-05, 0.000189199, 0.00473169, -4.82697e-05, 0.000123271, 0.00476258, -6.71869e-06, 6.52931e-05, 0.00478761, 0.000104038, 1.86135e-05, 0.00479311, 0.000162193, 2.28955e-05, 0.00480412, 0.000233417, 5.16026e-05, 0.00478841, 0.000126952, 7.60142e-05, 0.0047879, 6.57868e-05, 0.000101061, 0.00488795, 0.000419406, 0.000106269, 0.00491568, 0.000469606, 0.000114819, 0.0047456, -0.000294095, 0.000108565, 0.00467879, -0.000424681, 9.24874e-05, 0.00497084, 0.00107573, 0.000226016, 0.00520068, 0.00173247, 0.000348356, 0.00521039, 0.000209486, 7.59898e-05, 0.00530266, -0.000425096, -6.21484e-05, 0.00530123, 0.000260551, 0.000258517, 0.00537709, 0.000292316, 0.000410372, 0.00531657, 0.000656999, 0.00102763, 0.00499676, 0.00103675, 0.00171775, 0.00536357, 0.000369508, 0.00166116, 0.0054921, -7.01658e-05, 0.00174165, 0.00589672, -0.000463676, 0.0016791, 0.00661854, -0.000985878, 0.00163457, 0.00647348, -0.000849399, 0.00163118, 0.00743338, -0.00118161, 0.00164435, 0.00959458, -0.00199787, 0.0015609, 0.00902662, -0.0013487, 0.00171233, 0.00444859, 0.00119612, 0.00371199, 0.00954612, -0.000644554, 0.000121566, 0.0223059, -0.00622145, -0.0131983, 0.0194881, -0.0039422, -0.00804404, 0.0174029, -0.000601033, 0.00448653, 0.0166453, -0.00110117, -0.00423867, 0.0164608, -0.000463574, -0.00531434, 0.0139005, 2.51859e-05, -0.010345, 0.0103861, 0.00080981, -0.016218, 0.0120849, 0.000905299, -0.0136543, 0.0122458, 0.00104641, -0.0134077, 0.0168668, 0.00052212, -0.00624217, 0.0214276, -1.04281e-05, 0.000148346, 
0.00435234, 0.000368742, 0.000684898, 0.00444056, 0.000111921, 0.000639756, 0.00451214, 6.9505e-05, 0.000548809, 0.00457245, 0.000183988, 0.000427827, 0.00463412, 0.000174521, 0.000344748, 0.00468186, 9.00703e-05, 0.000294791, 0.00472633, 7.85555e-05, 0.000232523, 0.00476518, 8.5908e-07, 0.000170659, 0.00479261, -1.81439e-05, 0.000114986, 0.00481924, 6.9677e-05, 5.97545e-05, 0.00482957, 0.000130881, 4.22803e-05, 0.00484461, 0.000226538, 5.1894e-05, 0.00483473, 0.000168288, 6.04996e-05, 0.00480995, 4.22677e-05, 7.13023e-05, 0.004878, 0.000331792, 6.14983e-05, 0.0049322, 0.000565678, 5.64735e-05, 0.004795, -6.19454e-05, 5.4089e-05, 0.00464158, -0.000580208, 1.99486e-05, 0.00478131, 0.000499688, 0.000101298, 0.00499853, 0.00159987, 0.000265789, 0.00506367, 0.000705511, 0.000129917, 0.00518077, -0.00013894, -5.06173e-05, 0.00520331, 0.00022472, 0.000135397, 0.00525709, 0.000200512, 0.000201676, 0.00524144, 0.000394209, 0.000586726, 0.0048636, 0.000905184, 0.00127892, 0.00501002, 0.000527594, 0.00135039, 0.00511783, 0.000128527, 0.00143705, 0.00536533, -0.000188139, 0.00142124, 0.00615522, -0.000752696, 0.00138574, 0.00610279, -0.000722886, 0.00138401, 0.00676101, -0.000938159, 0.0014213, 0.00924392, -0.00198041, 0.00147801, 0.0099387, -0.00199713, 0.00144909, 0.00491809, 0.000717523, 0.00297371, 0.00595245, 0.000703951, 0.00249741, 0.0184707, -0.00461679, -0.00835539, 0.0199372, -0.00469018, -0.00999127, 0.0163205, -0.00134071, 0.0010021, 0.0167116, -0.00125814, -0.00353414, 0.0166721, -0.000823803, -0.00435704, 0.0157591, -9.33751e-05, -0.00674945, 0.0116422, 0.000796343, -0.013769, 0.0123559, 0.00126467, -0.0127969, 0.0108302, 0.00162969, -0.0149673, 0.0138783, 0.00135643, -0.0104712, 0.016618, 0.000794226, -0.00638489, 0.0214149, -1.91257e-05, 0.000159267, 
0.00440898, 0.000346096, 0.000714415, 0.00448151, 0.000178102, 0.000664421, 0.00455123, 0.000103684, 0.000587891, 0.00461702, 0.000152733, 0.00048, 0.00468049, 0.000167054, 0.000389277, 0.00473029, 0.00011619, 0.000331054, 0.00477437, 0.000117328, 0.000268686, 0.00481229, 5.39122e-05, 0.000208775, 0.00483638, -7.53141e-06, 0.000156518, 0.00486227, 4.72468e-05, 9.7186e-05, 0.00487536, 9.81695e-05, 6.09615e-05, 0.00489216, 0.000203608, 4.92152e-05, 0.00488913, 0.000199906, 4.01206e-05, 0.00484855, 3.83184e-05, 3.92014e-05, 0.00487807, 0.000229225, 1.75114e-05, 0.00494003, 0.00059043, -3.56848e-06, 0.00485184, 0.00019377, -4.69387e-06, 0.00467108, -0.000535551, -4.18416e-05, 0.00468036, 3.88375e-05, -1.27869e-05, 0.00483164, 0.00126667, 0.000149276, 0.00491787, 0.0009769, 0.000127778, 0.00505209, 0.000174987, -2.65531e-05, 0.00510896, 0.000306278, 8.0498e-05, 0.00515813, 0.000230375, 9.70741e-05, 0.00520161, 0.000226798, 0.000282354, 0.00485184, 0.000726459, 0.000876218, 0.0048212, 0.000583536, 0.00104615, 0.0048855, 0.000259455, 0.00114014, 0.00496617, 3.10984e-05, 0.00116952, 0.00570771, -0.000509295, 0.00114953, 0.00575122, -0.000576987, 0.0011553, 0.00604815, -0.000648678, 0.00118232, 0.00850272, -0.0017416, 0.00136617, 0.0104848, -0.00245862, 0.00136542, 0.00633203, -0.000169385, 0.00216046, 0.00402391, 0.00130405, 0.00326985, 0.0142805, -0.00295478, -0.00402275, 0.0193881, -0.00479003, -0.00924096, 0.0158587, -0.00204895, -0.00189284, 0.0164805, -0.00155513, -0.00376343, 0.0165431, -0.0011881, -0.00462639, 0.0167208, -0.000384976, -0.00473246, 0.0133148, 0.00058843, -0.0111474, 0.0132238, 0.00138885, -0.0114236, 0.0112263, 0.0019918, -0.0140744, 0.0123142, 0.00221404, -0.0125904, 0.0139861, 0.0017784, -0.0102236, 0.0171778, 0.00103539, -0.00545303, 0.0213946, -3.04125e-05, 0.000170337, 
0.00446661, 0.000313156, 0.000754189, 0.00452789, 0.000239178, 0.000690755, 0.00459522, 0.000149853, 0.000623736, 0.0046645, 0.000135467, 0.000531326, 0.00473061, 0.000155278, 0.000436512, 0.00478487, 0.000130113, 0.000368238, 0.00483168, 0.000140154, 0.000301738, 0.00487096, 9.87934e-05, 0.000240169, 0.00489349, 1.81026e-05, 0.000189747, 0.00491763, 4.09127e-05, 0.00012922, 0.00493171, 7.37214e-05, 7.88983e-05, 0.00494781, 0.000173394, 4.70147e-05, 0.00495041, 0.000218817, 1.90947e-05, 0.00490211, 5.26082e-05, 7.16508e-06, 0.00489461, 0.000132583, -2.14117e-05, 0.00494535, 0.00054499, -5.76776e-05, 0.00489989, 0.00040732, -6.34237e-05, 0.00473249, -0.000350067, -9.47548e-05, 0.00465918, -0.000237671, -0.000105183, 0.00473098, 0.000866276, 2.49155e-05, 0.0048018, 0.0010354, 7.75024e-05, 0.00492915, 0.000425852, -2.37393e-05, 0.00501261, 0.000431871, 4.89558e-05, 0.005062, 0.000342949, 5.56866e-05, 0.00515684, 0.00017588, 0.000102194, 0.00489176, 0.000562398, 0.00055178, 0.00475403, 0.000573299, 0.000770501, 0.00477651, 0.000327328, 0.000866716, 0.00472338, 0.00018148, 0.000927662, 0.00534151, -0.000288492, 0.000923359, 0.00547634, -0.000436675, 0.000940238, 0.00543003, -0.000374084, 0.000933391, 0.00750324, -0.00132704, 0.00117999, 0.0103955, -0.00257176, 0.00134695, 0.00792912, -0.00114351, 0.00158782, 0.00370259, 0.00115861, 0.00298104, 0.010647, -0.00159168, -0.00094359, 0.0177461, -0.00433665, -0.00699589, 0.0155788, -0.00257981, -0.00344989, 0.0160898, -0.00192837, -0.00406988, 0.0163289, -0.00156751, -0.00552535, 0.016869, -0.000807452, -0.0041847, 0.01472, 0.000241564, -0.00916348, 0.0142108, 0.0012455, -0.0101739, 0.0126034, 0.00209414, -0.0122566, 0.0121051, 0.00284927, -0.0128839, 0.0131511, 0.00270237, -0.0115238, 0.0146451, 0.00239257, -0.0093715, 0.0176914, 0.00121454, -0.00478999, 0.021375, -4.29785e-05, 0.000172873, 
