0.0586522, 0, 0.0586522, 0, 
0.0429685, 0.0897796, 0.0247751, 0.00857993, 0.0412546, -0.117594, -0.0858972, 0.0688281, -0.0541227, -0.0854914, -0.0204405, 0.0820966, 0.0291266, 0.0105459, 0.0586522, 0, 
0.10508, 0.0181927, 0.106076, 0.0101862, 0.093856, 0.0522487, 0.0447094, 0.034048, -0.0359812, 0.0550609, 0.0204801, -0.032895, 0.106144, -0.0973983, 0.119455, 0.010021, 0.0568474, -0.0527754, 0.03944, 0.0783353, 0.0821383, -0.0196883, 0.0486917, -0.0586237, 0.0586522, 0, 
0.114295, -0.0360006, 0.0489889, 0.0117821, 0.0315002, 0.0761846, 0.0630688, -0.0102876, 0.0686215, 0.0440972, 0.148806, 0.131762, 0.0759581, -0.0972115, 0.0901637, -0.0569923, 0.109747, -0.00866432, 0.0851442, -0.0117271, 0.10115, -0.0629223, 0.0728907, 0.0051285, -0.00469131, 0.0559867, -0.127624, 0.0837275, -0.0500695, -0.0692473, 0.0054173, 0.0458115, 0.0446935, -0.0224462, 0.0586522, 0, 
0.127153, 0.0715073, 0.112322, -0.0630204, 0.0784984, 0.0489898, 0.191092, -0.0369384, 0.0783029, 0.0642469, -0.0266648, 0.104391, 0.0656494, 0.00850327, 0.105064, 0.0279081, 0.0688948, -0.0227147, 0.0903495, -0.0876712, 0.0998113, -0.095299, 0.0535507, 0.0570869, -0.0342095, 0.0193161, -0.0570768, 0.0278841, 0.0238601, 0.0193252, 0.0306191, 0.0309184, 0.0190367, 0.0313271, 0.0628811, -0.123148, 0.0979381, 0.088427, 0.16856, 0.0514591, 0.151575, 0.00610982, 0.0920879, 0.00626355, 0.0586522, 0, 
0.111614, -0.085781, 0.0224519, 0.00669143, 0.0485412, 0.0688475, 0.108766, 0.016877, 0.100731, 0.0256117, 0.0621815, -0.0452001, 0.0736717, -0.021687, 0.0777517, 0.0735797, 0.0661333, -0.157646, 0.104138, 0.0878591, 0.0885224, 0.0649004, 0.12123, -0.00468961, 0.186772, -0.1117, 0.0798987, 0.119962, 0.0472669, 0.122127, 0.100708, -0.142, 0.0781851, 0.129499, 0.0561381, -0.110562, 0.0656739, 0.0199808, 0.0350158, -0.0254586, 0.0197806, 0.11135, 0.0352416, 0.111722, -0.00479545, -0.0688995, 0.0222017, -0.0502652, 0.0569512, 0.00238248, 0.0593948, 0.0362006, 0.0101993, 0.0752843, 0.117718, -0.010185, 0.0586522, 0, 
0.040093, -0.00733238, 0.0479967, -0.00935786, 0.0664399, -0.0683948, 0.0287838, 0.00113683, -0.0238703, 0.128586, 0.0510054, -0.0320231, 0.0307838, 0.0163436, 0.0448382, -0.0864174, 0.121795, 0.115301, 0.0537688, -0.0769711, 0.0929872, -0.00398249, 0.101542, 0.00497751, 0.0519398, 0.0623091, 0.107724, 0.106863, 0.162434, 0.00981403, 0.0783607, -0.0740779, 0.10892, 0.00738903, 0.0383843, -0.00235779, 0.00553373, 0.0138757, 0.0133336, 0.0263389, 0.0888298, -0.00779611, 0.0803195, -0.0362866, 0.0334058, -0.0479603, 0.0787095, 0.0041834, 0.021407, 0.0767456, 0.027032, -0.0769652, 0.0647955, -0.0783359, 0.0839371, 0.113922, 0.0725054, -0.0427865, 0.0984853, 0.125226, 0.12483, 0.0299799, 0.0837233, 0.0253249, 0.0884255, 0.011116, 0.0586522, 0, 
0.0203063, -0.00198021, 0.0778414, -0.0601129, 0.0834479, 0.0890024, 0.13958, -0.0188461, 0.0540944, -0.0115494, 0.0913973, 0.0363019, 0.0710489, 0.0560586, 0.0186794, 0.0830536, 0.080301, -0.0526078, 0.0470461, -0.120999, 0.0469925, 0.0329739, 0.10966, 0.0131709, 0.0860666, 0.0527563, 0.0665371, -0.0236359, 0.0659062, -0.142606, 0.0246434, 0.103532, -0.00533767, 0.00712296, 0.0528014, -0.00657018, 0.0329781, -0.0633165, 0.0748652, 0.0181599, 0.0161084, -0.0204551, -0.0277903, 0.00620498, -0.0173411, 0.0240935, 0.0126278, 0.037635, 0.0103381, -0.0778868, 0.0291069, 0.0548766, 0.078385, 0.0279362, 0.12697, -0.0231341, 0.0380689, 0.066232, 0.0640409, 0.0159331, 0.0901405, -0.0569325, 0.031196, -0.027346, 0.00700894, -0.0884387, 0.0071668, 0.14103, 0.130347, 0.0531478, 0.123333, -0.0131986, 0.104717, -0.00107348, 0.106055, 0.0294581, 0.0586522, 0, 
-0.0159337, -0.100843, -0.0206893, 0.0220285, 0.00501752, 0.0767371, 0.0572373, -0.0363415, 0.129494, -0.0162257, 0.0405441, -0.00543048, 0.0599606, -0.0208416, 0.0708767, 0.0953, 0.0623461, -0.118856, 0.0687457, 0.109959, 0.0688736, -0.0770647, 0.047258, -0.00950604, 0.0509421, 0.0804105, 0.0749898, -0.00860914, 0.0787297, -0.0925759, 0.0569062, 0.0158111, 0.0579128, 0.0543548, 0.135572, 0.0372471, 0.0795208, -0.0115317, 0.0330685, -0.032771, 0.0686304, 0.0028656, 0.00652014, 0.107724, 0.10303, -0.089068, 0.092836, -0.0986512, 0.0503489, 0.0674356, 0.0389919, -0.0259168, 0.0782381, 0.0528354, 0.0337093, 0.0624613, 0.0460419, -0.0430184, 0.0661736, 0.00507297, 0.080586, -0.0642995, 0.100623, 0.0128002, 0.0346808, 0.0296394, 0.0708056, 0.114937, 0.0350174, 0.0187124, 0.0416203, -0.0543277, 0.0558504, 0.00820243, 0.0764362, -0.126398, 0.042473, 0.0699936, 0.0868652, 0.0371953, 0.0537761, -0.0500783, 0.0757712, 0.0254636, 0.047781, 0.0436388, 0.0586522, 0, 
0.0387849, -0.0800642, 0.00118369, 0.0741851, 0.048416, -0.105997, 0.0184647, 0.0276157, 0.0660571, 0.0351183, 0.0150425, -0.0298652, 0.056545, -0.0264762, 0.0901344, 0.0207402, 0.0648499, 0.029978, 0.123516, 0.0279682, 0.131325, 0.00362536, 0.0930483, 0.0389982, 0.122191, 0.0129518, 0.0841228, -0.0455932, 0.0464188, -0.00710703, 0.0288751, -0.0262017, -0.0322228, -0.00990677, -0.00311968, 0.0411878, -0.0485037, 0.0700816, 0.0568547, -0.0119932, 0.120552, -0.117183, 0.0794389, 0.0485099, 0.0713983, -0.0354582, 0.0695644, 0.100586, 0.0608849, 0.000407227, 0.149155, -0.0296151, 0.118738, -0.0269825, 0.0584482, 0.00817874, 0.076687, 0.0892807, 0.0621643, 0.00583503, 0.0890303, -0.103241, 0.0913589, 0.0562548, 0.0812384, -0.0785618, 0.0745941, -0.00338444, 0.0772776, 0.0723253, 0.0409719, 0.0390063, 0.0343851, -0.0568603, -0.0120681, 0.0161226, 0.0422826, 0.00403382, 0.0412793, -0.0540284, 0.058513, -0.007126, 0.0847041, 0.0607119, 0.0388125, -0.00209298, 0.0230983, 0.0289881, 0.0228476, -0.016794, 0.0284617, -0.0232141, 0.0802147, 0.00103083, 0.0721976, 0.0234913, 0.0453308, -0.0264711, 0.0586522, 0, 
0.0317967, -0.0218061, 0.068838, -0.0734991, 0.00370091, 0.0668792, 0.0331209, 0.0277213, 0.0430184, 0.00137204, -0.000905848, 0.0665778, 0.0461558, -0.0047574, 0.0726952, -0.0702575, 0.109389, -0.0102215, 0.145125, -0.0574206, 0.0894175, -0.040143, 0.0783384, 0.0776851, 0.0868373, 0.0451854, 0.0357316, -0.0272339, 0.0102283, 0.0575098, 0.0354308, 0.0123922, 0.0642949, -0.0655351, 0.0586387, -0.0399894, 0.0294767, 0.0745675, 0.0429158, 0.0217558, 0.0225718, -0.103489, 0.106338, -0.041735, 0.0727477, 0.0722817, 0.040761, 0.0481003, 0.0813123, 0.0215374, 0.0853375, -0.0133685, 0.103076, 0.0249613, 0.113, -0.0912946, 0.0719639, -0.00647096, 0.0997669, 0.0282492, 0.0774842, -0.0130286, 0.0947885, 0.1068, 0.103261, -0.0364802, 0.0814798, -0.0184099, 0.0131987, 0.0551713, 0.0469989, 0.0379123, 0.071552, -0.0373904, 0.068948, -0.0516544, 0.0362078, 0.0383062, 0.04506, 0.00148556, 0.0399065, 0.0604524, 0.0720478, -0.0406067, 0.121946, -0.00696976, 0.0743562, -0.038134, 0.121513, -0.0697321, 0.0781975, 0.0886102, 0.100041, -0.0312304, 0.0498143, -0.0260264, 0.0838231, 0.0726118, 0.0220199, 0.093618, 0.0408052, -0.0628479, -0.0045267, 0.0587063, 0.0493405, -0.112537, 0.0494058, -0.00737203, 0.0586522, 0, 
0.0607175, 0.0349211, 0.0711436, 0.0107983, 0.0916498, 0.00695437, 0.0274171, -0.0695959, 0.0605565, -0.0194511, -0.0148819, 0.00696507, 0.0422266, 0.00603046, 0.0124377, 0.0549907, 0.00273193, 0.00800683, 0.0467788, 0.00255589, 0.0637516, 0.00918698, 0.106999, -0.0360566, 0.0384094, 0.0117219, 0.072636, 0.0217387, 0.0909627, -0.0520186, 0.0589774, -0.0711771, 0.0746695, 0.0566338, 0.0780646, 0.0213744, 0.0384582, -0.0345415, 0.0442354, 0.0475437, 0.0277122, 0.0360283, 0.0698768, -0.00238213, 0.0754806, -0.0304942, 0.0258344, -0.0736414, 0.0376514, -0.0131205, 0.0385119, -0.0400614, 0.0162945, 0.0948095, 0.0498169, 0.0657506, 0.0508291, -0.0168094, 0.090188, 0.00353842, 0.0932752, -0.0227043, 0.0828819, -0.00260279, 0.0785447, 0.0171502, 0.0360536, -0.00217286, 0.0785587, 0.0029988, 0.0504951, 0.00908835, 0.0389773, -0.0641309, 0.0345142, -0.0176621, 0.0306503, 0.0736939, 0.00548443, -0.0554917, 0.0272786, 0.119998, 0.0557062, -0.0488579, 0.091313, -0.0460177, 0.0791319, 0.0531192, 0.0461397, 0.0374062, 0.0405058, 0.0603024, 0.0994957, -0.0637252, 0.028141, -0.0134738, 0.0676082, -0.0646758, 0.0736295, -0.00724199, 0.0495084, 0.065403, 0.0617392, 0.0335353, 0.0384631, -0.0526992, 0.0291796, 0.00483235, 0.0662014, 0.0679359, 0.0239054, -0.0286576, 0.0476026, -0.0966964, 0.0869496, 0.0501924, 0.10675, -0.016163, 0.0586522, 0, 
0.0681073, -0.0349718, 0.032121, 0.0101855, 0.0574971, 0.00325834, 0.0293558, 0.0336076, 0.0587942, -0.0156565, 0.0838612, 0.00384958, 0.0541248, -0.0348501, 0.05641, 0.00292591, 0.0956613, 0.0149509, 0.0923989, -0.000362553, 0.102883, -0.0333074, 0.048127, -0.00710926, 0.0786415, 0.00174835, 0.100067, 0.0509928, 0.00601288, -0.0145942, 0.0232991, 0.0162387, 0.0243473, -0.0293212, 0.0429357, -0.0197736, 0.0256855, 0.0154491, 0.085614, -0.0155426, 0.0625113, 0.0193892, 0.0976861, -0.017409, 0.0906345, 0.0270206, 0.0942996, 0.024154, 0.0555343, -0.0123581, 0.0136478, 0.0492313, 0.0336309, 0.026911, 0.0722666, -0.0281552, 0.0425615, -0.0426435, 0.0837895, -0.00234366, 0.0379932, 0.00446063, 0.071951, 0.0152962, 0.0635774, -0.0369463, 0.0372566, -0.0247535, 0.0305597, -0.0150789, 0.0178855, -0.0463498, 0.0947948, 0.121837, 0.0663265, 0.0187195, 0.0768243, -0.00983948, 0.0903362, -0.0486658, 0.0992029, 0.00457139, 0.0694601, -0.0107342, 0.0395754, -0.015918, 0.0584993, 0.0411159, 0.034538, -0.0278945, -0.00370503, 0.0314647, 0.00729548, 0.0375734, 0.0109202, 0.0252897, 0.0185662, 0.000864292, 0.073031, -0.034363, 0.104915, -0.00569342, 0.108551, -0.047369, 0.069011, 0.0478526, 0.103059, -0.0275545, 0.0546307, 0.0267362, 0.0811314, -0.0116907, 0.0763176, 0.0259368, 0.0559165, 0.0455586, 0.0810644, -0.0180134, 0.0232482, 0.0408116, 0.00724137, 0.031469, 0.0415235, -0.0421595, 0.0196083, 0.0114559, 0.0661681, -0.0634577, 0.0586522, 0, 
0.00252353, 0.0521084, 0.0337747, -0.0089307, 0.0398441, -0.0143466, 0.0650161, -0.0342432, 0.110745, -0.0335241, 0.0966037, 0.0816631, 0.0579593, -0.00921674, 0.0829308, 0.00831998, 0.0736074, -0.019788, 0.0507652, -0.061064, 0.0637875, 0.0375147, 0.0499065, 0.0238269, 0.0719464, 0.000307902, 0.0697094, -0.0119932, 0.0407451, -0.0160758, 0.0239392, -0.00290908, 0.0325974, 0.0301599, 0.0139333, -0.0148541, 0.0108522, 0.063711, 0.0185017, -0.0222262, 0.0622357, -0.0390368, 0.0761148, 0.000864178, 0.0694688, 0.0148103, 0.0759575, 0.0566394, 0.0790489, -0.0633043, 0.0930036, 0.00604321, 0.0943924, -0.0104791, 0.0737176, -0.0275451, 0.0757486, -0.00592618, 0.0748701, 0.00609164, 0.0542607, 0.0103605, 0.035929, -0.00703635, 0.0428863, 0.0189842, 0.0722338, -0.00675748, 0.0942802, -0.00298014, 0.0940513, -0.0242268, 0.142491, 0.0452155, 0.0723584, 0.044883, 0.0718765, -0.00128025, 0.0624452, 0.0155936, 0.0707607, -0.0603203, 0.0513468, 0.0104055, 0.0552095, 0.0357757, 0.038965, -0.0360151, 0.0515393, 0.00328558, 0.0418264, -0.0100538, 0.0640376, 0.0301738, 0.0701021, 0.0642191, 0.0737029, -0.0164709, 0.0684478, -0.0739806, 0.0485521, 0.0355554, 0.0734834, -0.00936772, 0.0537544, 0.0397391, 0.0852177, -0.0206117, 0.104706, 0.0300208, 0.0934966, -0.0471125, 0.117967, -0.0443012, 0.0737145, 0.0380592, 0.0423104, 0.00616283, 0.0526045, -0.00449151, 0.0253285, 0.0148551, 0.0962036, 0.0616643, 0.0751606, 0.025413, 0.107767, -0.105533, 0.0867294, 0.0551868, 0.0427348, 0.0396589, 0.0412453, 0.0208889, 0.0499816, 0.0461602, 0.0682141, -0.00510359, 0.0408272, -0.000109383, 0.0586522, 0, 
0.0847716, 0.0210937, 0.0386436, 0.00733567, 0.0156825, -0.0169624, 0.0909097, 0.0306874, 0.037535, -0.0413363, 0.0363148, 0.00250692, 0.0272808, -0.0157758, -0.00135529, 0.0128539, 0.0160905, 0.0345708, 0.0217579, 0.010185, 0.0629129, -0.0307704, 0.0805722, -0.037937, 0.0761546, -0.0170564, 0.0700114, -0.0476987, 0.0402525, 0.00376194, 0.0952375, -0.00291238, 0.0612804, 0.0213826, 0.068932, 0.0687352, 0.0641334, -0.0187937, 0.0263534, -0.0248032, 0.0637476, 0.0157604, 0.056159, 0.0240648, 0.0674388, -0.0238169, 0.0910275, 0.0126532, 0.100912, -0.0433724, 0.0600126, 0.0903577, 0.0388484, -0.0256029, 0.0594707, 0.0159519, 0.0553389, 0.006469, 0.0458414, -0.0281086, 0.0583209, -0.0314553, 0.0785694, 0.000416595, 0.0888677, -0.00241952, 0.067325, 0.0543176, 0.0844912, 0.0131444, 0.0832745, 0.0024315, 0.0665637, -0.0534116, 0.0594363, -0.00751014, 0.0562938, 0.00483022, 0.0410168, 0.00347755, 0.02694, 0.00884377, 0.0600212, 0.00735952, 0.0491893, -0.0464003, 0.0503924, 0.00836098, 0.0855609, 0.0605211, 0.0933944, 0.00994344, 0.10432, 0.0167449, 0.0693259, -0.00559578, 0.0683794, -0.0459672, 0.018471, 0.00148554, 0.032475, 0.0178344, 0.0719004, -0.011946, 0.0440609, -0.00417764, 0.0913912, 0.0303537, 0.0774753, 0.0424795, 0.090481, -0.0232607, 0.0446655, -0.00518067, 0.0536587, -0.0161754, 0.0554922, 0.0586509, 0.0660533, 0.00100949, 0.0658571, 0.00615671, 0.102175, 0.0419723, 0.0800402, -0.0963261, 0.0934034, 0.0060575, 0.072852, 0.0628119, 0.047745, -0.065907, 0.0589436, -0.0280347, 0.0483949, 0.0352074, 0.0246051, 0.0173336, 0.0806504, 0.0121506, 0.0613164, 0.0151181, 0.0829679, -0.0299416, 0.0506217, 0.0602274, 0.0773303, -0.0118738, 0.0518695, 0.0110262, 0.0586522, 0, 
0.0850074, -0.0287783, 0.0733715, 0.0205901, 0.0655535, -0.057763, 0.0477623, 0.0168264, 0.0733544, 0.027025, 0.0415912, -0.017082, 0.0537502, 0.0512876, 0.0392589, -0.0506494, 0.0391324, -0.0285546, 0.0281095, 0.0004122, 0.0121409, -0.0171944, 0.038124, 0.0981806, 0.0421317, 0.0211825, 0.0583482, -0.0251985, 0.0912254, 0.0109647, 0.108075, -0.00775203, 0.0778194, -0.0535139, 0.0890396, -0.03019, 0.0780732, 0.0639238, 0.0544393, 0.013189, 0.0426113, -0.041489, 0.049668, 0.0232479, 0.0391267, 0.0133473, 0.0611513, -0.0191205, 0.0514958, -0.0247197, 0.0695081, -0.0462244, 0.0574567, 0.023284, 0.0684293, -0.00474291, 0.0670172, -0.0248546, 0.0320778, 0.014659, 0.0414039, 0.0299963, 0.0348059, 0.00776186, 0.0615031, 0.0343881, 0.0748755, 0.0116421, 0.0429991, -0.0511035, 0.0379837, 0.00329208, 0.0372164, 0.00579966, 0.0414026, -0.0157387, 0.0666195, 0.0109584, 0.0688742, 0.0443218, 0.0896364, -0.0548118, 0.0761703, 0.0572908, 0.0896695, -0.00919797, 0.0852212, -0.00647529, 0.063501, 0.000771935, 0.0366925, 0.063129, 0.0617687, -0.0176716, 0.0347079, -0.0310576, 0.0709705, -0.0108702, 0.107299, 0.0193425, 0.0884274, -0.0054395, 0.0586854, 0.0248353, 0.0673906, -0.0168041, 0.0230612, -0.0463818, 0.0348385, 0.0295415, 0.0631984, 0.0332797, 0.0668652, -0.00740801, 0.0493627, -0.0198371, 0.0688089, -0.00390058, 0.0436186, 0.0431056, 0.0721444, 0.0179437, 0.114259, -0.0086158, 0.0583449, -0.0596437, 0.0793827, -0.0303915, 0.07142, -0.00212929, 0.0304079, 0.0447768, 0.0617641, -0.0114073, 0.0288292, 0.00857032, 0.0836849, 0.0354114, 0.0444491, -0.0461101, 0.0294803, 0.00384368, 0.0469098, 0.0384955, 0.0254786, -0.0346743, 0.0702281, -0.0320582, 0.0617667, 0.0296356, 0.0479363, 0.0200714, 0.0442128, 0.0228492, 0.0466999, -0.0131516, 0.0527125, -0.00531387, 0.0408488, 0.0456606, 0.0586522, 0, 
0.0244012, 0.0370358, 0.0467941, -0.00952252, 0.0508804, -0.0230914, 0.0261121, -0.00625137, 0.0664274, 0.0418026, 0.0546513, -0.0344546, 0.0365211, 0.0291588, 0.0421509, -0.0173722, 0.105375, -0.0399044, 0.0593003, 0.0126242, 0.0834946, -0.0260296, 0.0642675, 0.0527516, 0.0544017, 0.0111487, 0.0825427, -0.0583589, 0.0621997, 0.0257268, 0.0403448, 0.0243577, 0.0575666, -0.0119725, 0.0886702, -0.0212296, 0.0587878, -0.0429383, 0.0871286, 0.030979, 0.0619908, -0.0214258, 0.100941, 0.00866724, 0.0666598, 0.0267614, 0.0667623, 0.0101721, 0.0453901, -0.00112545, 0.0528669, 0.0448645, 0.0721601, 0.0224949, 0.0917004, -0.0395615, 0.0811072, -0.0578459, 0.105032, 0.0136527, 0.0550388, 0.0206623, 0.0384187, 0.00607391, 0.0435595, 0.0161558, 0.0411707, 0.00266365, 0.0361152, 0.0119514, 0.05615, 0.0194413, 0.0301473, 0.003774, 0.0666691, -0.0163353, 0.0661976, -0.0111048, 0.0665124, 0.0086261, 0.0732582, -0.0171426, 0.0713394, -0.0071191, 0.0447002, -0.0114525, 0.0285984, 0.0181228, 0.0515322, -0.0270416, 0.0269662, 0.00577329, 0.0607421, -0.00772594, 0.043867, -0.0204311, 0.0700875, -0.018871, 0.037787, 0.0320587, 0.00877103, 0.0123275, 0.034512, 0.0274668, 0.0557767, -0.0259289, 0.0422408, -0.0117239, 0.0721126, 0.0393459, 0.0806063, 0.0327023, 0.0773466, -0.0168235, 0.0835434, 0.0036394, 0.0744277, -0.0597362, 0.070924, -0.000678775, 0.0823907, 0.00131521, 0.0808233, 0.00522075, 0.0752502, 0.0503691, 0.103855, -0.00384314, 0.062599, 0.0164886, 0.0599674, 0.00143195, 0.0391233, -0.0132523, 0.0378971, -0.0222493, 0.0358284, -0.00653307, 0.0628049, 0.0388422, 0.0569328, -0.0513596, 0.103188, 0.0201811, 0.0795268, -0.0143311, 0.0863713, 0.00783748, 0.0816453, 0.0219562, 0.0615115, -0.00453643, 0.0871516, 0.00579887, 0.0484858, 0.026427, 0.0516304, 0.00916276, 0.0412406, 0.0199174, 0.0194173, -0.023236, 0.058579, -0.00319308, 0.0319173, 0.0123163, 0.0809776, -0.0828024, 0.0545602, 0.0481996, 0.0586522, 0, 
0.0547296, -0.018045, 0.0502706, 0.0224488, 0.067285, -0.0266882, 0.0647078, 0.00900881, 0.062508, -0.0283847, 0.0588143, -0.00449529, 0.0444296, 0.0217537, 0.0557147, -0.00451536, 0.0629311, -0.00953678, 0.0389773, 0.031508, 0.0634095, -0.00922024, 0.0621155, -0.00483102, 0.0728537, -0.0251217, 0.0672147, 0.00440508, 0.0519156, -0.0146124, 0.0718502, 0.0125934, 0.0446291, 0.040123, 0.0768336, -0.0115216, 0.0699931, -0.00432453, 0.0579955, 0.00119566, 0.0571697, -0.00171405, 0.0447642, 0.0258292, 0.0368129, 0.00810306, 0.0597121, 0.0036747, 0.0542663, 0.0030126, 0.0550124, -0.052077, 0.0566975, 0.0100959, 0.0663174, -0.018879, 0.0680971, 0.00262436, 0.0773242, 0.0587425, 0.0927448, -0.0368081, 0.0748547, 0.00725287, 0.0374498, -0.0170422, 0.0524837, 0.00106123, 0.0488533, -0.0226391, 0.0241856, 0.000910854, 0.0733633, 0.00539351, 0.0627292, 0.0168761, 0.0563056, 0.00908696, 0.0243082, 0.00218974, 0.0433048, 0.0140797, 0.0200323, -0.0486523, 0.0423126, 0.0229127, 0.0462931, -0.00143489, 0.0716913, 0.0128751, 0.0685754, 0.00188243, 0.0747028, -0.0220884, 0.0567428, -0.0244112, 0.0635048, 0.0130416, 0.0699447, 0.00195474, 0.0473035, 0.0326282, 0.06759, 0.0276674, 0.0925558, -0.0327534, 0.0417045, 0.0365178, 0.0813251, 0.00252068, 0.0423523, -0.0247206, 0.0532257, -0.0366004, 0.0707416, -0.00944613, 0.0653912, -0.0141487, 0.0742823, -0.0371754, 0.058136, 0.0454985, 0.072652, 0.0402212, 0.0616157, -0.0291637, 0.070799, 0.00914315, 0.0397664, 0.0161451, 0.0336092, 0.0192497, 0.0584124, -0.0238742, 0.0602165, 0.00226812, 0.0793313, 0.00443132, 0.0730882, 0.00901, 0.101131, 0.0296687, 0.0719473, -0.0331087, 0.0469339, -0.00802945, 0.0661395, 0.0425225, 0.0100943, -0.0342651, 0.051668, 0.0442289, 0.0506589, -0.0361673, 0.0577339, -0.00597824, 0.0602602, 0.0251588, 0.0482128, 0.0508884, 0.0483992, -0.022771, 0.0619897, -0.0137214, 0.0510777, -0.0108315, 0.0645692, -0.0109134, 0.0479314, 0.0187867, 0.00498495, -0.0547021, 0.0479568, -0.00743438, 0.027502, 0.0465717, 0.0355728, -0.017657, 0.0518191, 0.0142247, 0.0682204, -0.00981775, 0.0586522, 0, 
0.0191496, -0.0319229, 0.0763881, 0.0192398, 0.0411422, -0.00668359, 0.0382141, -0.0225782, 0.0590679, 0.0151806, 0.057453, 0.0180972, 0.0620083, 0.000762228, 0.0259756, -0.00708853, 0.0658985, -0.00300225, 0.0458871, -0.0207215, 0.0755958, 0.00203645, 0.0781266, -0.00479357, 0.0932739, 0.00930172, 0.0851753, -0.00155342, 0.0697895, -0.00413006, 0.0716906, 0.0198737, 0.0593391, -0.0205577, 0.0393621, 0.000764902, 0.0469972, 0.039006, 0.0876294, -0.00804771, 0.0591951, -0.0676314, 0.0692732, 0.0630327, 0.0682829, -0.0028857, 0.0502978, -0.010673, 0.0578082, 0.0226682, 0.0601897, -0.0273219, 0.0726337, -0.00533545, 0.0822064, -0.00430435, 0.069452, 0.000817104, 0.0734658, 0.00947085, 0.0752897, -0.00388454, 0.0615722, 0.038853, 0.0586509, -0.0186775, 0.0294556, -0.00252096, 0.0402993, -0.0298156, 0.0477126, -0.0125366, 0.0772058, 0.0270291, 0.0977426, 0.00743406, 0.0767014, -0.0133285, 0.102596, -0.0189023, 0.0968831, 0.0210815, 0.0770802, 0.00887051, 0.0388835, -0.0168061, 0.0113584, -0.0322475, 0.0435245, 0.063141, 0.0647507, 0.00463941, 0.0488525, 0.00948817, 0.0471601, -0.00994733, 0.026658, -0.00245087, 0.0448554, -0.0548298, 0.0443336, -0.0138293, 0.0674492, 0.0512886, 0.0693346, -0.0461383, 0.0832674, -0.0149659, 0.0489497, 0.0393153, 0.0771032, 0.0166105, 0.0310689, 0.0441064, 0.0370918, -0.0313775, 0.0575896, -0.00719258, 0.0683309, 0.0062058, 0.0511024, -0.0182516, 0.0555886, 0.0487957, 0.0195488, -0.017335, 0.0150441, 0.00721807, 0.052593, 0.0113943, 0.0582626, -0.0474549, 0.0678864, 0.0411347, 0.0766166, -0.0188073, 0.0584656, -0.0481728, 0.0700779, 0.00525184, 0.0577599, 0.0214106, 0.0610954, 0.0113428, 0.0657854, -0.0263505, 0.0734508, -0.000742148, 0.0818529, 0.0163157, 0.0503689, 0.0360936, 0.07006, -0.0161782, 0.0406541, 0.00710987, 0.0420571, -0.0195109, 0.0329623, -2.9845e-05, 0.0835734, -0.0159952, 0.0283072, -0.00741998, 0.0559399, 0.0480255, 0.0307503, -0.0253813, 0.0262913, 0.0108701, 0.0451044, -0.011187, 0.0436741, -0.0304236, 0.0426777, 0.0570973, 0.0747857, 0.0312873, 0.0723604, -0.00735391, 0.0741904, -0.00556303, 0.0518299, 0.0167183, 0.0763241, -0.0188547, 0.0684066, 0.0100348, 0.0800769, 0.00397517, 0.0822498, 0.0108563, 0.0586522, 0, 
0.0878263, -0.0591798, 0.0854239, 0.0173592, 0.0790559, 0.0290324, 0.0800505, 0.00822975, 0.0689763, 0.00634802, 0.0684824, -0.0287658, 0.0450652, -0.00162125, 0.0677761, -0.0217207, 0.0591078, 0.032143, 0.0568167, -0.00028706, 0.0463016, -0.0267048, 0.0301239, 0.0308174, 0.0516772, -0.0108581, 0.0718976, -0.0437596, 0.0494106, 0.0138811, 0.0573767, 0.0212747, 0.0356147, -0.00674797, 0.0426683, -0.0188756, 0.0327795, -0.0294068, 0.025451, 0.0287642, 0.0492087, 0.0228603, 0.0543835, -0.0033921, 0.0617703, 0.00438687, 0.0547151, 0.0114144, 0.0588735, 0.000575119, 0.0665504, -0.0716746, 0.0593, 0.007802, 0.102218, 0.00118007, 0.0996316, -0.00252606, 0.0596542, -0.00198468, 0.0669352, 0.0287622, 0.0277287, 0.00696789, 0.04238, 0.0149829, 0.0201061, -0.0034939, 0.0211819, 0.0211681, 0.0388754, -0.0325249, 0.0408997, -0.0204023, 0.0311805, 0.00456276, 0.0589056, 0.00829195, 0.0504045, 0.0303276, 0.0887414, -0.035089, 0.0696416, 0.00345694, 0.0585129, -0.0212253, 0.0749568, 0.03269, 0.0632997, 0.0293727, 0.0590621, -0.0117531, 0.0692143, -0.0211084, 0.061419, -0.0143198, 0.0834713, 0.0546873, 0.0651552, 0.00763262, 0.0473798, -0.0204084, 0.043873, -0.0502605, 0.044365, -0.00216382, 0.0581594, -0.00471531, 0.0500754, 0.0219175, 0.0413664, 0.0152367, 0.078518, -0.00968777, 0.0656217, -0.00981672, 0.0358555, -0.0147092, 0.0641443, 0.029066, 0.0672102, 0.0145757, 0.0957307, -0.0165592, 0.0911331, 0.0208469, 0.0773901, -0.0216629, 0.0538756, -0.00504413, 0.0543241, -0.0319164, 0.0488264, -0.00177319, 0.0705316, 0.0165818, 0.0599906, 0.0278046, 0.066692, -0.0217813, 0.0581756, 0.00630076, 0.0256309, 0.0290005, 0.052071, -0.00834073, 0.0560918, 0.00943375, 0.0322312, 0.0103349, 0.0491418, 0.00984718, 0.0420606, -0.0366015, 0.085776, 0.0163101, 0.0789519, -0.00333992, 0.0550732, -0.0112073, 0.069063, 0.00909157, 0.0811427, 0.0208171, 0.0548497, 0.0116887, 0.0539277, -0.00480682, 0.0616261, -0.0113262, 0.0377711, -0.0103306, 0.0685588, 0.015615, 0.0537848, -0.00583099, 0.0435136, -0.0100007, 0.0132541, 0.00828512, 0.037866, -0.00512656, 0.0597454, -0.00175054, 0.0784897, -0.0113258, 0.0629132, 0.027393, 0.0564536, 0.0123629, 0.0858494, -0.0199456, 0.040005, 0.0161738, 0.0635094, 0.0046066, 0.0354758, 0.00329979, 0.0625356, 0.0100817, 0.0650209, -0.0111075, 0.0586522, 0, 
0.0547805, 0.00175089, 0.0816986, -0.016508, 0.0825674, 0.0143885, 0.0745265, 0.0100415, 0.0930161, -0.0118778, 0.051203, 0.0085245, 0.0520563, 0.0294851, 0.0380189, -0.0275328, 0.0601012, -0.0187431, 0.0574604, 0.0174005, 0.0790113, -0.00601781, 0.0533761, -0.0172134, 0.0545534, 0.0263511, 0.0628766, -0.00497456, 0.0820347, -0.0362294, 0.0584067, -0.00206944, 0.0667017, 0.00658798, 0.0797938, 0.0431843, 0.0714895, -0.015322, 0.0895629, -0.0206519, 0.0546853, 0.0305323, 0.0642314, -0.020432, 0.047241, -0.010773, 0.0595266, -0.000892734, 0.0344451, -0.00520611, 0.0586512, 0.0116648, 0.073076, -0.0042604, 0.0618602, -0.0537687, 0.0606884, 0.0578192, 0.0480587, -0.0112978, 0.0288186, -0.0154226, 0.0225167, -0.0111232, 0.0280284, -0.00378563, 0.0394719, 0.0305106, 0.0236963, -0.00409284, 0.0636614, 0.00165116, 0.052138, 0.00299883, 0.0320823, 0.0433519, 0.0583945, -0.010689, 0.0424494, -0.0539304, 0.0764067, 0.0013044, 0.122198, 0.00666282, 0.0705033, -0.00653077, 0.0758441, 0.0141497, 0.0636939, 0.0102493, 0.0674394, -0.00865489, 0.0682107, 0.0311132, 0.0616905, -0.0484104, 0.0616496, 0.0034434, 0.0505795, -0.00661275, 0.0593514, 0.0130297, 0.0544918, 0.0209556, 0.051129, 0.0152377, 0.0268438, -0.0105204, 0.0616721, -0.01664, 0.0619617, 0.00794253, 0.0569263, 0.00593709, 0.0359323, 0.0120305, 0.04684, -0.0381878, 0.0702455, -0.00925586, 0.0704066, 0.0203147, 0.0761493, -0.00145364, 0.0844552, 0.0206055, 0.059697, -0.0223508, 0.0504444, -0.00424476, 0.0480725, 0.00749014, 0.0735818, 0.0222529, 0.06277, -0.0133847, 0.0737962, -0.0222893, 0.0677485, -0.00734211, 0.0789147, 0.0256959, 0.0613364, -0.0121886, 0.0480251, 0.0221425, 0.0539451, 0.000987421, 0.0584389, 0.00847657, 0.0520868, -0.0119956, 0.046719, 0.0239522, 0.0584334, 0.0140818, 0.0625986, -0.0405989, 0.0656459, 0.00751344, 0.0185833, 0.00889588, 0.0505055, 0.00369901, 0.0399131, 0.0206937, 0.0486126, -0.0082658, 0.0536797, -0.0047226, 0.0449616, -0.0166529, 0.0795795, -0.0362618, 0.0715806, 0.038109, 0.0703126, -0.01684, 0.0860964, 0.0535484, 0.080844, 0.0286346, 0.0601249, -0.0422489, 0.045979, 0.00167179, 0.0480315, -0.0192452, 0.0572885, -0.0254866, 0.0682877, 0.00770433, 0.0451133, 0.0175368, 0.069732, 0.00147171, 0.0541774, -0.0297007, 0.0666062, 0.0241301, 0.0692334, 0.00907689, 0.0398734, -0.00621081, 0.0597279, 0.0249206, 0.0756942, -0.0247811, 0.0691012, -0.0157028, 0.0586234, -0.010002, 0.0586522, 0, 
0.0709929, -0.0296313, 0.0714, 0.00834383, 0.0462449, 0.0101342, 0.0579789, -0.00530384, 0.0419415, 0.0231021, 0.0484864, -0.0285385, 0.0492404, 0.0109293, 0.0477107, -0.0297213, 0.0632984, -0.00620203, 0.0452083, 0.0225707, 0.0728725, -0.00995778, 0.0716969, 0.00222302, 0.0632779, 0.00942507, 0.0636402, 0.00239888, 0.0904007, 0.0106402, 0.077016, 0.00192425, 0.0573156, -0.00852012, 0.0757023, -0.0150694, 0.0541265, 0.0206987, 0.0663539, -0.00264746, 0.055708, -0.0217005, 0.0298269, 0.010181, 0.0481317, 0.00981693, 0.0539022, -0.014678, 0.0631268, 0.00736273, 0.0544503, -0.00647008, 0.0456185, 0.00111075, 0.0525218, -0.00561799, 0.0306365, -0.0165329, 0.0423679, -0.00745675, 0.0421301, -0.0119929, 0.0511859, 0.0257388, 0.0621497, 0.0245264, 0.106909, -0.00486492, 0.117135, -0.0313348, 0.10488, 0.00326215, 0.0565494, 0.00436116, 0.0636783, -0.00741839, 0.0500654, 0.0222384, 0.0369781, -0.00494326, 0.0435786, -0.0123927, 0.0404466, -0.00921048, 0.0516849, 0.0129725, 0.0506144, -0.00936251, 0.058497, -0.0107052, 0.0552748, -0.0124638, 0.0667002, 0.0101718, 0.0406448, 0.0171742, 0.0423581, -0.00229362, 0.0729431, 0.0148525, 0.0669627, -0.0110479, 0.0665931, -0.0297315, 0.0487821, -0.00134911, 0.0789237, -0.0017158, 0.05786, 0.0332756, 0.0481584, 0.0191211, 0.055256, 0.0091989, 0.032613, -0.00457659, 0.0432669, -0.0410735, 0.0529445, 0.0196451, 0.0366638, 0.00290208, 0.0807242, -0.0106573, 0.0786149, 0.00997032, 0.0378173, 0.00472744, 0.059341, 0.0126072, 0.0496673, 0.0326025, 0.0704405, -0.0175419, 0.0698925, -0.00410281, 0.0626773, 0.00778377, 0.0553694, 0.00320584, 0.0444714, -0.00762068, 0.0633022, -0.0213993, 0.0570041, -0.0209202, 0.0666364, 0.0329241, 0.0553876, 0.0235212, 0.0567312, -0.00729867, 0.0594766, -0.0189995, 0.0637803, -0.0261437, 0.0681947, 0.0235537, 0.0595137, -0.0148988, 0.0598986, -0.0185782, 0.0477525, 0.0133348, 0.0355728, 0.00309193, 0.0543616, -0.0261941, 0.0386499, 0.0147828, 0.0393818, -0.0012899, 0.0468168, -0.000953078, 0.0277307, -0.00743286, 0.0519076, 0.0180268, 0.0457368, 0.000981604, 0.0853565, 0.000345436, 0.0831066, 0.0273889, 0.0738935, -0.0148713, 0.0736508, 0.0123686, 0.0695991, -0.00176049, 0.0682776, 0.0108445, 0.0740933, -0.0195142, 0.0552444, 0.00352033, 0.0533719, 0.0319105, 0.0583023, -0.0085866, 0.0616592, -0.0337763, 0.0705907, 0.00421034, 0.023681, 0.0154753, 0.0240814, 0.0153745, 0.0412396, -0.0102889, 0.0205625, -0.0208185, 0.0513471, 0.0150173, 0.068627, 0.00565795, 0.0908722, -0.00710203, 0.0943059, 0.00634163, 0.0713017, -0.0102601, 0.0785379, 0.0429553, 0.0586522, 0, 
0.00627937, 0.0228242, 0.033036, 0.00289993, 0.0472844, -0.0289296, 0.0586355, 0.0265405, 0.0623892, 0.0049383, 0.0938764, -0.030041, 0.0748562, -0.039715, 0.0810692, 0.0226991, 0.0846285, 0.0323516, 0.0724935, -0.015028, 0.0455941, 0.0103424, 0.0599197, 0.0145291, 0.0688533, -0.0125236, 0.0581533, 0.00883844, 0.0710465, -0.0155341, 0.0760039, -0.0141858, 0.0664713, -0.00617446, 0.0462828, 0.019424, 0.0506506, -0.00286479, 0.0402923, -0.0185311, 0.0295026, 0.0155263, 0.0324002, 0.0149506, 0.0826937, 0.00166378, 0.0606743, -0.0246355, 0.0343867, 0.00726677, 0.0550603, 0.0130221, 0.0786034, -0.00747423, 0.055193, -0.00678779, 0.0688591, -0.0101033, 0.044444, -0.0118571, 0.0618623, 0.0386011, 0.0488945, 0.0208212, 0.0527985, -0.0331182, 0.0626268, -0.0190396, 0.0758063, -0.000498621, 0.0462715, -0.019027, 0.0559413, 0.00384881, 0.0717174, 0.00500694, 0.0754356, -0.0148698, 0.0578215, 0.0175956, 0.0771729, -0.00769871, 0.0578759, 0.000601246, 0.0807888, 0.00742876, 0.0693336, -0.00579586, 0.0716047, 0.0139379, 0.0650939, 0.000558049, 0.046111, 0.00672475, 0.0396384, -0.00833475, 0.0196409, -0.0190638, 0.0330816, 0.0172165, 0.0564819, 0.0121397, 0.0708588, 0.0333261, 0.0646779, -0.0402478, 0.058599, -0.0013093, 0.04969, -0.000345338, 0.059572, 0.015513, 0.0644177, 0.00948154, 0.0523227, -0.0483502, 0.0702937, 0.0203704, 0.0498669, 0.00820489, 0.0617067, 0.00230488, 0.0736274, -0.00185157, 0.064677, 0.0125719, 0.057921, -0.0155486, 0.0384452, -0.0185889, 0.0409517, -0.0216535, 0.0427633, 0.015003, 0.066339, 0.0207743, 0.0409429, -0.00488136, 0.0639656, 0.00420075, 0.0596048, 0.00148014, 0.0741498, 0.000589389, 0.0742466, -0.0119692, 0.0640089, 0.0183603, 0.0382223, 0.00845896, 0.0344013, -0.0179909, 0.0511848, 0.00415317, 0.0589329, 0.00198014, 0.0635272, 0.0185166, 0.0532133, -0.0131416, 0.0490873, 0.0149256, 0.0603724, -0.00343435, 0.0826752, -0.0182369, 0.0636006, 0.0030859, 0.0614425, 0.0145022, 0.0496165, 0.000947835, 0.0481487, -0.0142092, 0.0532108, 0.00679186, 0.0642935, 0.0166733, 0.0435454, -0.00619036, 0.0373183, -0.00869027, 0.0464616, -0.0283967, 0.0510773, 0.0147903, 0.0447581, -0.00239373, 0.0433609, -0.00161562, 0.0780688, 0.00319687, 0.0464018, 0.00819706, 0.0709796, 0.0053109, 0.081891, -0.00646808, 0.0757812, -0.0162937, 0.0748186, -0.0115465, 0.0567171, 0.0248555, 0.0804401, -0.0108639, 0.0455658, 0.0191107, 0.0408866, -0.000526561, 0.0585272, 0.0134913, 0.0524676, -0.0120746, 0.0806248, 0.0157853, 0.0675168, -0.00730889, 0.0340578, 0.00480386, 0.0459433, 0.00388363, 0.0492675, 0.0185167, 0.046862, -0.00988117, 0.0678827, 0.0281264, 0.0495219, -0.011949, 0.0646135, 0.0149501, 0.0466907, -0.0309349, 0.0586522, 0, 
0.0486996, -0.00523402, 0.0565966, -0.00580371, 0.0653772, 0.0203723, 0.0319309, -0.017546, 0.0528619, -0.00597953, 0.0731019, -0.00482207, 0.0683599, 0.00023394, 0.0887592, 0.0190725, 0.0810858, 0.00732961, 0.0441889, -0.00347678, 0.0520609, 0.00235159, 0.0524451, 0.00990323, 0.0728813, -0.017337, 0.0730702, 0.0032409, 0.0768584, -0.0037525, 0.0665132, -0.025003, 0.0510595, 0.00638061, 0.0541553, 0.00569039, 0.0557922, 0.00222513, 0.0777305, -0.00204189, 0.0482025, -0.00882661, 0.0468793, -0.0180191, 0.0435957, -0.0112378, 0.0590833, 0.00213438, 0.0530444, 0.00117262, 0.0576708, 0.0199796, 0.0662572, 0.0101838, 0.0483255, 0.00301629, 0.0436338, -0.0210791, 0.0405445, 0.0152851, 0.0364986, 0.00709621, 0.0542068, 0.00934273, 0.0387542, -0.0313622, 0.0608115, -0.0106383, 0.0458847, 0.0323831, 0.0596394, -0.00301812, 0.0555417, 0.00578985, 0.0706794, 0.0029357, 0.071146, -0.0108624, 0.0691347, -0.0164799, 0.0836827, 0.0106977, 0.079663, 0.00348018, 0.0511908, 0.0222396, 0.0769904, -0.000373736, 0.0383819, -0.0246734, 0.058176, 0.0100114, 0.0469852, 0.00870294, 0.0470248, 0.00821126, 0.0343257, -0.032839, 0.0384568, -0.000714985, 0.0659302, -0.025235, 0.0724089, -0.0239521, 0.0572051, 0.045777, 0.0849484, 0.0164041, 0.0586974, -0.00968211, 0.0728336, -0.0130815, 0.0810803, -0.000403386, 0.0630142, 0.0207507, 0.0793992, -0.0299382, 0.0691624, -0.00783343, 0.0732977, 0.0148752, 0.0494562, 0.00743139, 0.0503648, -0.015478, 0.0579989, 0.00453763, 0.0738684, 0.0124933, 0.0739344, -0.0189386, 0.0529285, 0.0327341, 0.0549255, -0.0183069, 0.069471, 0.00846337, 0.0472644, 0.0134918, 0.0600847, -0.0144976, 0.06251, 0.0216156, 0.0529812, -0.0124939, 0.0538316, -0.0221575, 0.0710059, 0.0137191, 0.0749781, -0.0195396, 0.0619869, 0.0167686, 0.065743, 0.00297097, 0.0732238, 0.00609661, 0.0478896, -0.0220826, 0.0700144, 0.0169767, 0.0737934, -0.00799715, 0.0649061, -0.00194846, 0.0666865, 0.0057991, 0.0808072, -0.00367075, 0.0478195, -0.00125365, 0.0625579, -5.22467e-05, 0.0536733, 0.00848959, 0.0443228, 0.00450847, 0.057228, 0.0185796, 0.0549073, 0.0155452, 0.0588011, -0.00391661, 0.0585897, -0.021244, 0.0468459, 0.00206698, 0.0348128, -0.00339759, 0.0390677, -0.00269008, 0.0557451, -0.000595081, 0.0463028, 0.028593, 0.0430409, -0.0136337, 0.0573358, 0.0127734, 0.0497875, -0.00569013, 0.0588118, 0.000173933, 0.0847453, 0.00315984, 0.0844433, -0.0111058, 0.0787767, 0.0129561, 0.0430657, -0.0317431, 0.041694, -0.0226127, 0.080579, 0.0567501, 0.0418527, -0.0312983, 0.0539108, 0.0227706, 0.0608269, 0.00826887, 0.0553147, -0.0140496, 0.027961, 0.00949565, 0.0679074, -0.0222899, 0.0489879, -0.0154612, 0.0477754, 0.0256778, 0.0450872, 0.00359417, 0.0420149, -0.0107251, 0.0524069, -0.00561073, 0.0370665, 0.015663, 0.0506082, 0.00691627, 0.0760458, -0.0300901, 0.0586522, 0, 
0.0339225, -0.0144214, 0.0420747, -0.00879963, 0.0446755, -0.00560832, 0.0549677, 0.0521798, 0.0576577, -0.0307765, 0.051005, -0.0108494, 0.0596311, 0.00352585, 0.0773482, -0.00810401, 0.0762181, -0.00663739, 0.0710135, -0.00275975, 0.0729288, 0.0128918, 0.0648635, -0.00894428, 0.0722781, 0.0252602, 0.0540492, -0.00249633, 0.0412071, 0.00362102, 0.0720511, 0.0069044, 0.0654047, -0.0135857, 0.0533389, 0.00116577, 0.0657857, -0.0219587, 0.0530119, -0.0252505, 0.0648176, -0.000514131, 0.0622831, 0.0342806, 0.0402829, 0.00589405, 0.0500714, 0.00695238, 0.067958, -0.0117356, 0.0502543, -0.00596306, 0.0484689, 0.00445438, 0.0692319, -0.0154876, 0.0584185, 0.00204828, 0.0457883, 0.0122411, 0.0647891, 0.00229775, 0.0726484, 0.02014, 0.0735061, -0.0118581, 0.05662, 0.0221516, 0.0397104, -0.00788582, 0.063281, -0.0354071, 0.0590303, -0.0145785, 0.0417466, -0.00560208, 0.0670449, 0.0229352, 0.0608244, -0.000531289, 0.0701786, -0.0102939, 0.040061, 0.0193549, 0.0601737, -0.0252328, 0.0546108, 0.0200238, 0.0663245, -0.00584477, 0.0454765, -0.0116967, 0.0595258, 0.00422346, 0.0716102, -0.000389645, 0.0589875, 0.00915528, 0.0376519, 0.019002, 0.0678972, 0.00204022, 0.0511231, -0.00813807, 0.0611075, -0.00771521, 0.0596626, 0.00554641, 0.0766789, -0.00745653, 0.0634007, -0.0146681, 0.0641107, 0.0048523, 0.0624574, 0.0148195, 0.0624833, 0.0159269, 0.0557299, -0.0160102, 0.0636242, -0.0307683, 0.072855, -0.0290501, 0.0570666, 0.0291342, 0.0707169, 0.0159524, 0.0572839, -0.0163471, 0.0498832, -0.00485863, 0.0512924, 0.000808006, 0.0440978, 0.0160421, 0.0551172, 0.0243006, 0.0480527, -0.00285434, 0.051586, -0.0313582, 0.0696276, -0.00548804, 0.0405672, 0.0091211, 0.0685226, -0.0062306, 0.0797443, 0.0143143, 0.0669748, -0.0119679, 0.0549098, 0.00114981, 0.0680097, -0.0121504, 0.0768122, -0.00253144, 0.0944891, 0.0180901, 0.0629172, 0.0141742, 0.0862546, 0.0084691, 0.0622373, 0.0017064, 0.0626579, -0.0099884, 0.043474, 0.00572577, 0.0549343, 0.0181656, 0.0500037, 0.00608047, 0.0589322, -0.0276018, 0.0634393, -0.000250232, 0.0527987, 0.00574239, 0.0641688, -0.0111541, 0.0591207, 0.0289412, 0.0531025, -0.00547262, 0.0316517, 0.00517952, 0.0490442, -0.0250335, 0.042943, 0.00412522, 0.0517969, 0.00682957, 0.0788573, -2.13989e-05, 0.0605945, -0.0069182, 0.0758746, -0.00232282, 0.0653046, 0.00609069, 0.0566545, 0.00365479, 0.0659435, 0.00822883, 0.0634711, 0.00651266, 0.0533749, 0.0131416, 0.0320491, -0.0136886, 0.0641607, -0.0261339, 0.0626073, 0.00163039, 0.0501436, -0.00605518, 0.0213232, 0.0178707, 0.0430792, 0.00928448, 0.0578115, 0.00654119, 0.0736242, -0.0177435, 0.0693455, 0.0129555, 0.0658382, -0.022634, 0.0487785, 0.00420604, 0.066274, 0.00741508, 0.0557307, 0.00438118, 0.0581876, 0.00207776, 0.0549134, -0.0156122, 0.0552742, 0.0106043, 0.0432659, -0.00241058, 0.0416423, -0.00582285, 0.0404062, 0.00738204, 0.0316256, -0.00940619, 0.0698887, -0.00541188, 0.0502433, 0.00308411, 0.0586522, 0, 
0.0752891, 0.00774889, 0.0495294, 0.00244644, 0.0678316, -0.0232593, 0.0692063, 0.00398212, 0.0386368, -0.00111428, 0.0597678, -0.00226234, 0.0795743, -0.0114379, 0.0610028, 0.00594291, 0.0508344, 0.00582503, 0.0557966, 0.0136975, 0.0675934, 0.00819398, 0.0731307, 0.00416182, 0.0697129, 0.000423678, 0.0661238, -0.0163108, 0.0671806, -0.00947319, 0.0661384, 0.0189477, 0.0645716, -0.0107274, 0.0579666, -0.0115549, 0.0529107, 0.000944854, 0.0525643, 0.0118836, 0.0526418, -0.00164449, 0.049191, -0.0124171, 0.0559492, -0.0115032, 0.0715678, 0.0170984, 0.0554987, 0.00347905, 0.06724, 0.0165519, 0.0578526, 0.0141398, 0.0533699, -0.0114655, 0.0592047, -0.0181035, 0.0550272, -0.00102296, 0.0492571, -0.0102761, 0.0594115, 0.0161206, 0.0455235, -0.00675669, 0.0755116, -0.0101191, 0.0566634, 0.0129566, 0.0613588, -0.00106952, 0.0723022, 0.000446891, 0.0474525, -0.0180733, 0.0476788, -0.00472183, 0.0651513, 0.00375416, 0.0611214, -0.0134374, 0.0546296, 0.00959015, 0.039907, 0.011384, 0.0432209, 0.0170868, 0.0489464, -0.0073305, 0.0503632, -0.0191258, 0.0411378, -0.00385297, 0.0460019, 0.00940751, 0.0377153, 0.000540278, 0.0625177, -0.00687147, 0.0692754, -0.00414765, 0.0674661, -0.00303367, 0.0643514, 0.0230531, 0.0587671, 0.0040421, 0.0461365, 0.000109761, 0.0415888, -0.0183499, 0.0382998, -0.0113112, 0.0377124, -0.00321759, 0.0549788, -0.00110878, 0.0703967, 0.00921005, 0.0599177, -0.00754679, 0.0490218, 0.0081792, 0.0560052, 0.0282101, 0.0611131, -0.0391977, 0.0516423, 0.00994847, 0.0623362, 0.00174765, 0.07012, 0.000822328, 0.0636522, -0.00255921, 0.0771715, 0.0139138, 0.0599733, -0.00832281, 0.0464735, 0.00567814, 0.0542077, 0.00533217, 0.0465083, -0.0104542, 0.0808216, 0.0199783, 0.0683694, -0.00545466, 0.0491021, -0.00501775, 0.065111, 0.000521806, 0.0714436, -0.00858659, 0.0622101, 0.0116782, 0.0508551, -0.00596435, 0.0590476, -0.0308214, 0.074686, 0.0252325, 0.0791899, -0.00275421, 0.0582395, -0.015175, 0.0508746, -0.00764662, 0.0780164, 0.0241055, 0.0809148, 0.00839578, 0.0364087, -0.0258884, 0.0751819, 0.00956984, 0.055912, 0.0166806, 0.08935, 0.0048085, 0.07063, -0.000311095, 0.0562503, -0.0123981, 0.0577233, -0.0176517, 0.0453264, 0.0078491, 0.0394617, 0.0228851, 0.0511724, -0.00947474, 0.0830842, -0.00424295, 0.042306, 0.00360628, 0.0584641, 0.00131582, 0.0723225, -0.00377949, 0.0477335, 0.00896778, 0.0483316, 0.00398724, 0.04864, -0.0156834, 0.066907, -0.0229987, 0.0677549, 0.0185458, 0.0545097, 0.0163317, 0.0719091, -0.00043411, 0.0729113, 0.00519643, 0.059713, 0.0277922, 0.0713284, -0.0473106, 0.0460732, -0.00069033, 0.0430551, 0.0143778, 0.0511123, -0.00834861, 0.0581954, 0.0171576, 0.0652059, -0.0103264, 0.0383108, 0.00726411, 0.0529213, 0.000541409, 0.0400645, 0.000998267, 0.0451923, 0.00202422, 0.0415952, -0.0151834, 0.0550673, 0.000581137, 0.0458144, 0.00512737, 0.0603734, 0.00148599, 0.0544009, 0.0252533, 0.0673157, -0.00799569, 0.075477, -0.0151965, 0.0782384, 0.0148199, 0.0626313, 0.0182132, 0.0729001, -0.00620425, 0.0533554, -0.0114997, 0.0484537, -0.00192125, 0.0476891, 0.000986518, 0.0586522, 0, 
0.0454781, -0.00548168, 0.0629098, -0.00491464, 0.0617044, 0.00660998, 0.0856322, -0.0106706, 0.04995, 0.00207809, 0.057268, 0.00546653, 0.060094, -0.00450964, 0.0341172, 0.00777482, 0.0681338, 0.014785, 0.0625064, -0.00954852, 0.0732005, -0.00457133, 0.0493908, -0.00451518, 0.0488964, -0.0136244, 0.0537273, 0.000493641, 0.0496788, 0.00652448, 0.036098, 0.00183849, 0.0593016, -0.0067916, 0.0770408, 0.000327503, 0.0606177, -0.000626182, 0.0622036, -0.00172336, 0.0620263, 0.0196266, 0.0662872, -0.0166402, 0.0727166, -0.0191685, 0.0731642, 0.0140956, 0.0492706, 0.0026162, 0.055696, 0.00460942, 0.0403737, -0.00719775, 0.0478199, -0.00305156, 0.0523314, -0.00948494, 0.0552835, 0.0250235, 0.0741388, 0.0168339, 0.0486663, -0.0168647, 0.0556018, -0.00601477, 0.0426579, 0.0182296, 0.0661581, -0.00561813, 0.0654847, -0.0131363, 0.0728536, -0.0047735, 0.0605678, 0.00238679, 0.0718262, -0.00324363, 0.0633802, -0.0124197, 0.0421662, 0.00150624, 0.0703789, 0.00344084, 0.0740715, 0.00845052, 0.0446859, -0.00373822, 0.0531164, 0.00373965, 0.0441635, 0.00684875, 0.0537635, -0.00762565, 0.0686742, -0.0267364, 0.0341503, 0.017586, 0.051268, -0.00596294, 0.0461823, -0.00373355, 0.0493992, 0.0130914, 0.0556641, 0.0200572, 0.0703558, -0.0228603, 0.0753065, -0.00328742, 0.057175, 0.000359948, 0.0633764, -0.0144447, 0.0680782, 0.0107078, 0.069995, 0.0112796, 0.0665675, 0.00816557, 0.0705411, -0.0105634, 0.0548567, -0.0102188, 0.0433216, 0.00534222, 0.0497804, 0.00573757, 0.0545888, -0.00139997, 0.0491128, -0.00121814, 0.0626565, 0.00461781, 0.0678636, 0.0108952, 0.0543852, 0.00962988, 0.0426649, -0.0182779, 0.057246, 0.000760442, 0.058925, 0.00529633, 0.0572645, 0.00114189, 0.0473023, -0.0101203, 0.0464458, -0.00141789, 0.0572438, -0.00791137, 0.0555543, 0.00589852, 0.0476181, -0.0153509, 0.0554769, 0.00758254, 0.0730614, 0.00782372, 0.0793526, 0.0147812, 0.0810815, -0.00889159, 0.0672942, -0.0109774, 0.069925, -0.00273335, 0.0641918, 0.00144201, 0.0692725, -0.00450328, 0.0529166, -0.0146467, 0.0538964, 0.0223746, 0.0553499, -0.01847, 0.0585549, 0.0276199, 0.0482232, -0.00480781, 0.0433285, -0.0242759, 0.0591905, 0.0221023, 0.0583485, -0.00756888, 0.0451198, -0.00144306, 0.0449174, 0.00907735, 0.0531732, -0.00865248, 0.0500194, 0.0127877, 0.077579, -0.0293271, 0.0484251, 0.0118565, 0.0543842, 0.008526, 0.0756238, -0.00163297, 0.0534933, -0.00345201, 0.0344195, 0.0114046, 0.0521538, -0.0209541, 0.073875, -0.0130808, 0.0523384, -0.00617592, 0.0602412, 0.0129663, 0.0589271, 0.020218, 0.0594204, -0.0133795, 0.0508553, 0.0160135, 0.0660594, 0.00519833, 0.0606632, 0.0269765, 0.0507638, 0.00646901, 0.0704517, -0.016887, 0.0547489, -0.00516851, 0.066904, -0.0111524, 0.0750233, 0.0197139, 0.0555334, -0.00225632, 0.0626581, 0.00667944, 0.0498413, 0.00432851, 0.0498573, -0.00683028, 0.0625583, 0.0100911, 0.0641329, -0.00637478, 0.0540515, -0.00950339, 0.054942, 0.00383364, 0.0589584, -0.00186585, 0.049302, -0.00474999, 0.061007, -0.011957, 0.0524815, -0.00498029, 0.0620057, 0.0244266, 0.0435239, 0.0101697, 0.0555391, 0.0179729, 0.0518575, -0.022749, 0.0411955, -0.0169889, 0.0658058, 0.0213917, 0.0731134, 0.00300324, 0.0549539, -0.0119046, 0.0586522, 0, 
0.0583426, -0.0339666, 0.045999, 0.000789972, 0.0601445, 0.0228707, 0.0669601, 0.00886337, 0.0617716, -0.014181, 0.0645239, -0.0124489, 0.0501492, 0.0156111, 0.0622388, -0.00403347, 0.0586563, -0.00689822, 0.0812534, -0.00744606, 0.0605271, -0.00220348, 0.0570623, 0.01017, 0.0593867, 0.00493024, 0.0572127, 0.00656097, 0.0568825, -0.00139303, 0.0465255, -0.00966299, 0.0512989, 0.00635644, 0.0513936, -0.0197397, 0.0639746, -0.0165938, 0.0419115, 0.0354518, 0.0686912, -0.017973, 0.0750069, -0.00683362, 0.0647749, 0.0134689, 0.0502819, -0.000209591, 0.0394768, 0.00116907, 0.0517488, -0.0127514, 0.060003, 0.015773, 0.0693298, -0.00174328, 0.0725858, -0.0173004, 0.0547936, -0.0198781, 0.0471495, 0.00450011, 0.0659581, 0.0107167, 0.0727535, 0.0195328, 0.0531052, -0.00160111, 0.0617361, -0.00580542, 0.0679865, -0.00572043, 0.0522524, 0.00285884, 0.046458, 0.00272763, 0.0375625, -0.00591488, 0.0486279, -0.00192746, 0.0632028, 0.00692138, 0.0531655, -0.0152814, 0.0576146, 0.00179364, 0.0608614, 2.18663e-05, 0.0649145, 0.0136825, 0.0578563, 0.00567266, 0.0622735, -0.0213086, 0.0528555, 0.0121879, 0.0582527, 0.0209726, 0.0757591, 0.0111098, 0.0382329, -0.0178335, 0.0525128, -0.0168309, 0.0502305, 0.00344642, 0.0552716, 0.00757215, 0.0638535, 0.0112162, 0.04492, -0.0240423, 0.0602527, 0.0218342, 0.0695477, 0.0104939, 0.0640288, -0.0118252, 0.059075, -0.0217922, 0.0594363, -0.00585195, 0.0628675, -0.00341215, 0.0566463, 0.00464412, 0.0415933, 0.0170947, 0.0684735, -0.0133762, 0.0567542, -0.0148526, 0.0585748, 0.00296074, 0.0540254, 0.0127131, 0.034211, -0.0014963, 0.0537692, -0.00553769, 0.0700594, 0.00856052, 0.0701021, -0.010986, 0.0677379, -0.000993793, 0.0743818, 0.00658711, 0.0585938, 0.010183, 0.058234, 0.0053042, 0.0574191, 0.00445654, 0.0780839, 0.000906119, 0.0684547, -0.0146601, 0.0539364, -0.0101841, 0.0570769, -0.0103157, 0.04298, 0.0171257, 0.0637517, -0.0108889, 0.0755465, -0.00993665, 0.0657705, 0.00527815, 0.0635821, 0.0159941, 0.0686132, 0.00998222, 0.0572276, -0.00683528, 0.0645071, 0.0102085, 0.0635083, -0.0232469, 0.0451842, -0.00820376, 0.0522333, 0.0174741, 0.0485891, -0.0163395, 0.0563098, 0.0182079, 0.05919, 0.000900707, 0.0687448, -0.0176808, 0.0579939, 0.00666978, 0.0619415, 0.0018907, 0.0403853, 0.0133336, 0.0425887, 0.00769292, 0.0477609, 0.00124241, 0.0620785, 0.00166401, 0.069857, -0.0349636, 0.0489763, 0.0023481, 0.0461078, 0.00106299, 0.0510993, 0.011673, 0.0432639, -0.0154004, 0.0542434, 0.0148609, 0.0761832, 0.0233926, 0.0561909, -0.00992021, 0.0737265, 0.0076425, 0.060403, -0.00191009, 0.0468227, -0.00582898, 0.0608785, -0.00155647, 0.0592986, -0.00489079, 0.0556942, 0.00462168, 0.0552854, -0.0115682, 0.0651813, -0.0147868, 0.0598194, 0.0189671, 0.0528343, -0.0101869, 0.0605881, 0.025943, 0.0772997, -0.00398724, 0.0695787, -0.0046008, 0.0478111, 0.0093452, 0.0560873, -0.0178521, 0.0512053, 0.0137521, 0.0576601, 0.0183034, 0.0379444, 0.00653081, 0.0577086, -0.0189962, 0.0707064, -0.0152881, 0.0462353, 0.0251645, 0.0515068, -0.000936175, 0.0531409, -0.00524918, 0.0462061, -0.00930919, 0.0595507, -0.00168293, 0.0576296, 0.0107241, 0.0548486, 0.0063487, 0.0458735, -0.00132274, 0.0519333, -0.00764348, 0.05333, 0.0298149, 0.0554586, -0.0210643, 0.0646339, 0.00660084, 0.0565135, -0.0129906, 0.0586522, 0, 
0.0664173, 0.0216477, 0.059276, 0.0035825, 0.0483771, -0.0123968, 0.043435, -0.00928556, 0.0544901, -0.00556529, 0.0653104, 0.000642284, 0.0583825, 0.00908212, 0.0662322, 0.0115553, 0.0707765, -0.0115313, 0.0612462, -0.00954521, 0.059909, 0.00867177, 0.0644007, 0.00773263, 0.0549787, -0.000333797, 0.0549047, -0.0174158, 0.061722, 0.0016986, 0.0525341, 0.011408, 0.0632199, -0.0175855, 0.0601358, -0.0125775, 0.0633129, 0.019704, 0.0642697, -0.00603105, 0.0463075, 0.00678208, 0.0328938, 0.00388738, 0.0512477, -0.00218151, 0.0535306, -0.00500543, 0.0518285, -0.0109004, 0.0682843, -0.0118092, 0.0661523, -0.00666317, 0.0620057, 0.00586241, 0.0572398, 0.0135053, 0.0512721, 0.00119584, 0.0657968, 0.0135902, 0.0764136, -0.00264767, 0.0568924, 0.00289134, 0.0507785, -0.0158574, 0.0559426, 0.0138459, 0.0621304, 0.00391464, 0.0446935, -0.0217759, 0.0646474, 0.00353342, 0.0563134, -0.000652414, 0.0557298, 0.00223693, 0.0556442, 0.00354139, 0.0546814, -0.000266203, 0.0356329, 0.00753349, 0.06575, -0.0102844, 0.0564292, 0.0158494, 0.0560471, -0.0090828, 0.067146, -0.0225442, 0.0647169, 0.00687801, 0.0603979, 0.00273798, 0.0652117, -0.00682047, 0.0614119, 0.00788791, 0.0600136, 0.00476024, 0.0544073, 0.000152602, 0.0669545, 0.0145057, 0.0705194, 0.017387, 0.0613553, -0.0127427, 0.0684435, -0.0079465, 0.0460023, -0.0137359, 0.0571103, -0.00216292, 0.0694537, -0.000609429, 0.0479493, -0.003158, 0.0465477, 0.0208348, 0.04686, 9.51544e-05, 0.0383882, -0.0166674, 0.0485281, -0.00207713, 0.0559436, -0.00392221, 0.0530158, 0.0111412, 0.0674791, 0.00216577, 0.0650592, -0.0012768, 0.0668215, -0.0114091, 0.0637475, -0.00748629, 0.0553697, 0.0101617, 0.0618157, 0.00394707, 0.0592749, 4.47019e-05, 0.0636071, 0.00316164, 0.0758367, -0.00798863, 0.0673414, -0.0139269, 0.0582422, -0.00556004, 0.0818793, 0.00761444, 0.0459384, 0.00795394, 0.0485975, 0.0018198, 0.0658303, -0.00493279, 0.0578036, 0.00529387, 0.0480647, 0.00578856, 0.061519, -0.0166348, 0.0493282, 0.0117526, 0.0486342, -0.0139006, 0.049281, 0.018489, 0.0543259, -4.17135e-05, 0.0631547, 0.0025974, 0.0722303, -0.00241522, 0.062512, -0.00754297, 0.0442359, 0.0104838, 0.0502326, 0.0017762, 0.0408462, -0.00373545, 0.0535086, -0.00737917, 0.0647708, 0.0167203, 0.0476722, 0.00280339, 0.0666729, -0.015372, 0.0541946, 0.0069186, 0.0546935, -0.0091941, 0.0643663, -0.00362677, 0.0691081, 0.0113381, 0.0570827, 0.0107131, 0.0684263, -0.00891711, 0.0736229, 0.0178767, 0.0542562, -0.00839556, 0.0678742, -0.0244578, 0.0619414, 0.0127934, 0.0601018, -0.00199324, 0.0480087, 0.00446995, 0.0469028, -0.0138044, 0.0558755, 0.0137992, 0.0483065, 0.00868168, 0.0589938, -0.0115082, 0.0608821, -0.0110656, 0.0414968, -0.00447339, 0.0395127, 0.00636187, 0.0643781, 0.00218004, 0.0672854, 0.0235296, 0.0532375, -0.0148266, 0.0719379, -0.0127671, 0.0671093, -0.00219183, 0.0538249, 0.0163433, 0.0574431, -0.0133827, 0.058553, 0.00869204, 0.0710642, 0.0207955, 0.0851433, -0.0308121, 0.0694456, 0.00694523, 0.0591182, 0.0179258, 0.0503915, -0.0110496, 0.0533375, 0.0145966, 0.0461155, 0.00319517, 0.0564349, -0.00998299, 0.0787903, 0.00989597, 0.056926, -0.00588337, 0.0440611, -0.00549139, 0.0630993, -0.00210992, 0.0494195, 0.00941789, 0.0590149, 0.0052834, 0.0489487, 0.00945425, 0.0614354, 0.00244618, 0.0482771, -0.00224812, 0.0479502, 0.00716217, 0.0539998, -0.0133773, 0.0712671, -0.0103001, 0.0679798, 0.00645194, 0.0565202, 0.0113149, 0.0586522, 0, 
0.0533182, 0.00756668, 0.0628781, -0.00997787, 0.0605868, 0.000694554, 0.0689092, 0.0123139, 0.0713121, -0.00530774, 0.0655532, -0.00844747, 0.0617706, 0.0133568, 0.0509633, -0.0161191, 0.0443116, -0.0104396, 0.0508525, 0.00244153, 0.0569874, 0.0125673, 0.0568863, -0.010775, 0.0389193, 0.00756814, 0.0448645, 0.0174738, 0.0549221, -0.00484594, 0.0600122, -0.0145653, 0.0587713, -0.000765353, 0.0757135, 0.00130178, 0.0785416, 0.0115816, 0.0690557, -0.0109341, 0.0735397, -0.000244524, 0.0523034, -0.0241376, 0.0564687, 0.00785736, 0.0664374, 0.00736032, 0.0582081, 0.00358419, 0.0454757, 0.0224526, 0.053703, -0.00630338, 0.0583507, -0.011282, 0.0677281, -0.00486714, 0.0544866, -0.00715562, 0.0757384, -0.00580323, 0.0575036, 0.00224862, 0.0457409, 0.00443094, 0.0533725, 0.00293304, 0.0497212, 0.00786155, 0.0507773, -0.0208647, 0.062332, 0.00461896, 0.0583575, 0.021076, 0.0748906, 0.000804199, 0.06696, -0.0238255, 0.0547055, 0.0085856, 0.0531327, -0.00326795, 0.0679653, 0.000945216, 0.0626579, 0.010221, 0.0492875, -0.00557108, 0.0530986, 0.0060433, 0.0489404, 0.000709657, 0.0388192, -0.000489297, 0.0654946, -0.000395427, 0.060747, -0.0197878, 0.0562083, -0.00891184, 0.0448471, 0.0032422, 0.0553402, 0.0143911, 0.0396443, -0.00927258, 0.0627472, 0.00377976, 0.0423841, 0.0105423, 0.0501817, 0.000260163, 0.0548963, -0.00729736, 0.0510868, -0.0218989, 0.0568468, -0.00520741, 0.0539761, 0.0287139, 0.0752227, 0.00992287, 0.0723644, -0.0130965, 0.0654648, -0.00283794, 0.0654671, 0.00153448, 0.0600264, 0.00795124, 0.0569842, -0.0082685, 0.0537467, 0.00597311, 0.0485878, -0.0018599, 0.0576776, -0.0187623, 0.0576326, 0.0193038, 0.0710205, -0.00187262, 0.0586539, -0.00270187, 0.049627, 0.00410779, 0.0609229, -0.00296685, 0.069949, -0.00188485, 0.0667975, -0.00398869, 0.0613196, 0.00570636, 0.0471308, 0.00702257, 0.0658243, 0.013302, 0.0565924, -0.00770673, 0.044999, -0.00673519, 0.05159, -0.0203821, 0.0557149, 0.00992018, 0.0592336, 0.0171758, 0.0589172, -0.00261439, 0.0608008, -0.0038502, 0.0810789, 0.000270964, 0.0639411, -0.0119089, 0.0732166, 0.00260281, 0.0668199, 0.00393368, 0.0769498, -0.00378905, 0.0611678, 0.0107911, 0.0809576, -0.00700792, 0.0702577, -0.00736596, 0.0594997, 0.00496708, 0.0533164, -0.00261271, 0.0566353, 0.00230463, 0.0592874, 0.00901397, 0.0543763, -0.00745527, 0.0611649, 0.00877151, 0.0480319, -0.00790862, 0.0476668, -0.0107728, 0.0396781, -0.00187068, 0.0483771, 0.00588734, 0.0498666, 5.13034e-05, 0.053787, -0.0017593, 0.0547018, 0.0149457, 0.0514001, -0.0012325, 0.0545183, -0.00222717, 0.056764, 0.00146311, 0.0729455, -0.00276136, 0.0610203, 0.0120208, 0.0468534, -0.00512334, 0.0583597, -0.00382798, 0.054372, 0.00644275, 0.0549538, -0.00262604, 0.0631089, 0.00485517, 0.0566738, -0.0142451, 0.0677044, 0.00413223, 0.0753828, 0.0110031, 0.0613437, 4.33614e-05, 0.0570702, 0.00517, 0.0540938, -0.0029265, 0.0444164, -0.0020634, 0.0391777, -0.0159493, 0.0548695, 0.00288404, 0.0478632, 0.023475, 0.0732935, -0.0244893, 0.0644282, 0.00316613, 0.0534986, 0.0116594, 0.0565119, 0.006071, 0.0408574, -0.00152798, 0.0280083, -0.0211035, 0.0640728, 0.00903027, 0.0701327, 0.00342885, 0.054314, -0.00619266, 0.0527, -0.00338429, 0.0522411, -0.000436115, 0.0558713, -0.00447599, 0.0608383, 0.00784957, 0.065588, 0.00499644, 0.0614248, 0.00245872, 0.0630656, -0.000245856, 0.0632159, 0.00416326, 0.0636068, -0.0039677, 0.0575007, 0.0022152, 0.0704561, -0.00176311, 0.0605325, 0.00646496, 0.0590485, -0.00795918, 0.0726086, 0.0118318, 0.0422784, 0.00166945, 0.0569974, 0.00521755, 0.0589905, -0.00170639, 0.0586522, 0, 
0.0609486, -0.00353823, 0.0642293, -0.000905139, 0.0618638, -0.00333068, 0.0505229, 0.0075315, 0.0659031, 0.00215202, 0.0564098, -0.00510485, 0.0724069, -0.00926287, 0.0593233, 0.0149563, 0.0617941, -0.00898363, 0.0548667, -0.00914682, 0.0429436, 0.000340287, 0.0525548, -0.0101558, 0.0510986, 0.00741121, 0.0711486, -0.00179387, 0.0600813, 0.0227837, 0.0537792, -0.00745741, 0.0572429, -0.00528962, 0.0670128, -0.00758429, 0.0625984, -0.00968881, 0.0617369, 0.00730792, 0.0504352, 0.0107392, 0.044229, 0.00338522, 0.053284, -0.00269031, 0.0646756, -0.00048535, 0.0550757, 0.00384692, 0.0566879, 0.000515918, 0.0539765, 0.0122039, 0.0513281, -0.0122883, 0.0482997, -0.00546093, 0.0497447, -0.0071175, 0.0543556, 0.00134156, 0.0521249, 0.0095647, 0.0500237, 0.0118372, 0.0690133, -0.0246993, 0.0562005, -0.0161146, 0.0730954, -0.00488341, 0.0689855, 0.0102895, 0.0609752, 0.00342011, 0.0650882, 0.0071771, 0.0676042, 0.00458882, 0.0433439, -0.00384901, 0.0682311, -0.00214701, 0.0616492, -0.000288426, 0.0654389, 0.00515839, 0.0573632, -0.00761006, 0.0681131, -0.00156076, 0.0504181, 0.00756543, 0.0474521, -0.0213527, 0.0590907, 0.000255762, 0.0555919, 0.00922972, 0.0583026, -0.000695405, 0.0701185, 0.00722926, 0.058407, -0.00711715, 0.0617328, -0.00588123, 0.0624291, 0.0111823, 0.0550176, -0.0152353, 0.0486213, 0.000216805, 0.0723581, 0.00770212, 0.063897, 0.0159305, 0.0777747, -0.000685591, 0.069668, -0.0102624, 0.0650949, -0.0132223, 0.0539728, 0.00683801, 0.0365108, 0.0126697, 0.0572669, -0.0101008, 0.0583825, 0.00303585, 0.0701316, -0.00256242, 0.057167, 0.0140407, 0.0559519, 0.00163953, 0.0670093, -0.0048475, 0.0524441, -0.0134687, 0.0572359, 0.00993587, 0.0576884, -0.00366228, 0.0520247, 0.00406093, 0.0536274, 0.00737661, 0.0360042, -0.00436556, 0.0637238, -0.0122337, 0.0533512, -0.00354943, 0.0619289, 0.0113926, 0.0735241, -0.00713408, 0.0697609, 0.00485637, 0.0493154, 0.0191042, 0.0542053, -0.00132765, 0.06845, -0.0085756, 0.0697504, -0.012124, 0.0692968, -0.0059486, 0.044687, 0.0316581, 0.0499738, -0.0149891, 0.0568237, -0.0127156, 0.0435884, -0.000534932, 0.0599069, 0.000456644, 0.0503653, 0.00334269, 0.0667681, -0.000910456, 0.0496319, 0.0119802, 0.0553766, -0.00559744, 0.0403236, -0.00960108, 0.0626982, 0.00265329, 0.057611, -0.0109594, 0.0583377, 0.0116263, 0.0655738, 0.00263984, 0.0535341, -0.000960452, 0.0546001, 0.0187962, 0.0513863, -0.0115592, 0.0469856, 0.00173889, 0.0637878, 0.000491735, 0.0585368, -0.0115861, 0.0516516, 0.0117062, 0.0559134, -0.0154432, 0.0683815, 0.00011112, 0.0685611, 0.0181727, 0.0585089, -0.00757184, 0.0491354, 0.00598111, 0.0352736, 0.00328641, 0.0547889, -0.00446869, 0.0668045, -0.0172295, 0.0684788, -0.00317239, 0.0656513, 0.00966322, 0.0606334, -0.00259919, 0.0513579, 0.0121924, 0.0590801, 0.00693165, 0.0561523, -0.00446623, 0.0748039, 0.00164379, 0.064816, -0.0132812, 0.0539034, 0.00962749, 0.0524982, -0.00649275, 0.0588367, 0.00953575, 0.0662054, -0.00687076, 0.0530219, -0.00708137, 0.0666164, 0.0106254, 0.0717628, -0.0106243, 0.0499963, 0.0148115, 0.0687885, 0.00142273, 0.0593561, 0.00165623, 0.0526797, 0.0114704, 0.0568754, -0.00124728, 0.0614078, -0.0127292, 0.0699139, -0.00199501, 0.0536163, 0.00646545, 0.0559272, 0.00575872, 0.0599586, -0.0204869, 0.0586537, -0.016223, 0.042333, 0.0121961, 0.0455286, 0.00123333, 0.0493345, 0.00911865, 0.0625895, 0.00794257, 0.0642062, -0.0258694, 0.0640705, 0.00674171, 0.0712283, 0.013729, 0.0578937, 0.00506572, 0.0485527, -0.00997628, 0.0649948, 0.00765864, 0.0622845, -0.0201258, 0.0520313, 0.00340674, 0.0590082, 0.00988207, 0.0631519, -0.00128236, 0.0504298, -0.00115214, 0.0592243, 0.00213166, 0.0737936, 0.00952675, 0.0447285, -0.000285207, 0.0586522, 0, 
0.0583218, 0.0143272, 0.0649373, -0.00386664, 0.0572937, -0.00139234, 0.0679306, -0.00978741, 0.0714453, 0.00470279, 0.0578154, 0.000207624, 0.0718896, -0.00958647, 0.0679456, 0.0115557, 0.0517932, -0.00795532, 0.0661431, -0.00219617, 0.0599981, -0.00416966, 0.0618738, 0.0017768, 0.0608798, 0.012733, 0.0597527, -0.0114554, 0.0494474, 0.00139761, 0.060691, 0.00266309, 0.0612862, 0.00183081, 0.0501599, 0.00122633, 0.0522224, 0.0145702, 0.0553797, -0.0134158, 0.0606714, -0.00292644, 0.0431776, 0.0039078, 0.0564524, -0.00832213, 0.0706302, -0.00492761, 0.0749184, -0.0038578, 0.0530871, 0.0106843, 0.0619537, 0.00276077, 0.0607242, -6.1746e-05, 0.0539895, -0.00576697, 0.059348, -0.0116052, 0.0470308, 0.0118548, 0.0523044, 0.0019403, 0.0618675, -0.00375048, 0.0557414, 0.000332099, 0.0644687, 0.00530237, 0.0539514, -0.0146506, 0.054447, 0.0100189, 0.0464039, -0.00639297, 0.0541464, 0.000821448, 0.0547826, -0.0143919, 0.0557652, 0.00776675, 0.0456089, 0.0134702, 0.0667019, 0.00948285, 0.0513229, -0.00547611, 0.0632176, -0.00681392, 0.0551726, -0.0179916, 0.0554815, -0.000788688, 0.0439707, 0.0166556, 0.0656305, -0.006199, 0.0557186, -0.00943831, 0.069144, 0.0086914, 0.0561162, -0.00139981, 0.0481566, 0.000618874, 0.0548661, -0.00098337, 0.0584934, -0.0011979, 0.0613291, 0.00667124, 0.0570438, -0.0172237, 0.065408, 0.00560636, 0.0678487, 0.00279737, 0.0692543, 0.00225417, 0.0563177, -0.00244742, 0.0382854, 0.0081913, 0.0522853, 0.00438609, 0.0635475, -0.00693035, 0.0573993, 0.00086085, 0.0613269, 0.0129014, 0.0658171, -0.0039603, 0.062542, -0.0152895, 0.0655227, 0.00361303, 0.0716795, 0.00369592, 0.0728891, -0.00369325, 0.0561642, -0.000959642, 0.062898, -0.00013414, 0.0640196, 0.00253162, 0.0484523, 0.00173533, 0.0589863, -0.0121543, 0.0437078, -0.0047566, 0.0603332, 0.00293926, 0.0705948, 0.00893373, 0.0614059, 0.00984865, 0.0573173, 0.000313648, 0.0603162, -0.0116186, 0.0320966, 0.00576279, 0.0519228, 0.00725044, 0.0436135, -0.00875393, 0.0456509, 0.00866391, 0.0461654, -0.00724159, 0.0725392, -0.00462419, 0.0613868, 0.0110799, 0.0470944, 0.00389747, 0.050777, 0.00120828, 0.0590875, -0.00441109, 0.0726013, 0.00681053, 0.0589147, -0.0160823, 0.0627637, 0.0082168, 0.0741874, 0.00380813, 0.0673106, -0.000896046, 0.0660562, -0.0166398, 0.0631161, 0.00413653, 0.0607948, 0.00721354, 0.0624701, -0.004925, 0.0731741, 0.0134604, 0.0520235, 0.00701751, 0.0603404, -0.0171044, 0.0621631, -0.00623791, 0.0621936, 0.0156503, 0.0512015, -0.0135179, 0.0505616, 0.00583635, 0.046892, 0.0139892, 0.0585371, -0.00154393, 0.0673655, -0.0144909, 0.0544802, -0.00296727, 0.0642567, -0.00209509, 0.0671347, -0.000658536, 0.0738711, 0.00953908, 0.0553508, -0.00120125, 0.040304, 0.00140542, 0.0565286, -0.000235154, 0.0544871, -0.012008, 0.0645857, 0.0172568, 0.0688505, -0.0023067, 0.0678251, -0.00734708, 0.0674856, -0.0105036, 0.0614225, -0.000425758, 0.0523641, 0.0244232, 0.0552304, 0.00258302, 0.0770031, -0.00569247, 0.0634639, -0.0153552, 0.0593201, -0.0125161, 0.0547893, 0.0141919, 0.0531417, 0.00681293, 0.0552733, 0.00276345, 0.0551555, 0.00741739, 0.066532, -0.0143046, 0.0516257, -0.0132582, 0.0616214, -0.000821719, 0.0454592, 0.00899735, 0.0569692, 0.0158062, 0.0647578, 0.0109301, 0.0482606, -0.019344, 0.0527615, 0.00478471, 0.0594354, -0.00159727, 0.0549339, -0.00245201, 0.0483807, 0.0056674, 0.0596317, 0.00625816, 0.0650224, 0.000879231, 0.0561979, -0.0138223, 0.0509771, -0.0103492, 0.052464, 0.0173616, 0.0410257, 2.42761e-06, 0.050477, -0.00530973, 0.0570947, 0.013585, 0.0568502, 0.0138384, 0.0603784, -0.0331662, 0.0549479, -0.00203371, 0.0622723, 0.0093326, 0.0500732, -0.0125918, 0.0682019, 0.00721936, 0.0776779, 0.004722, 0.0595022, -0.00585431, 0.0652756, 0.0075521, 0.0594037, -0.00366576, 0.0580994, -0.00713786, 0.0627926, -0.00607814, 0.0586522, 0, 
0.068993, -0.0060663, 0.0535169, 0.000174397, 0.0534192, -0.00182308, 0.0556909, 0.010346, 0.0535885, 0.00302214, 0.0519857, -0.00574342, 0.0638833, -0.0116139, 0.0638863, -0.000923045, 0.0563665, 0.0102672, 0.0605068, -0.00228397, 0.0655345, 0.00447821, 0.0544621, -0.0100638, 0.0562358, -0.0136758, 0.0611366, 0.018677, 0.0616469, 0.00130169, 0.0600857, -0.00960146, 0.065951, 0.00504835, 0.0539876, -0.00111694, 0.0678922, -0.0106924, 0.0633034, -0.00468636, 0.0432023, 0.0170134, 0.0498004, -0.0100639, 0.0614447, -0.00116954, 0.0746245, -0.0018779, 0.0537242, 0.0114353, 0.0650121, 0.00641497, 0.0568467, -0.011502, 0.0592736, -0.00206173, 0.0610767, -0.00337984, 0.0490206, -0.0134353, 0.0473296, -0.00147961, 0.0560803, 0.00572239, 0.0603866, 0.00369786, 0.0662564, -0.00265636, 0.0621812, 0.00349687, 0.068021, 0.00403573, 0.0537763, 0.00975002, 0.0491216, -0.00220484, 0.0487475, 0.00577578, 0.0641478, -0.0117459, 0.0441679, -0.00941186, 0.059606, 0.00696591, 0.0653242, -0.00459726, 0.066623, 0.00302326, 0.0509566, 0.00554614, 0.0659656, 0.0109962, 0.0733073, -0.0077512, 0.0732116, -0.00582439, 0.0598873, -0.00770818, 0.0653361, 0.000208691, 0.0667366, 0.00985604, 0.0543886, 0.00676332, 0.0584463, -0.00681625, 0.0571882, -0.0119845, 0.0608948, 0.00286188, 0.0710836, -0.00245531, 0.0537743, 0.00668257, 0.0587268, -0.000196806, 0.0482458, -0.00221975, 0.042291, -0.00316614, 0.0538226, 0.00709419, 0.053119, 0.00318115, 0.0498819, -0.0152252, 0.0604882, 0.00969987, 0.0591739, -0.00653789, 0.0627866, 0.00965205, 0.0502728, -0.0234074, 0.0595462, 0.00361067, 0.0587822, 0.0176674, 0.0614031, -0.0099347, 0.0658639, -0.00191701, 0.054453, -0.00290553, 0.0638854, 0.0116457, 0.0536623, 0.00703735, 0.0672385, 0.000722771, 0.0758036, -0.00594203, 0.0594934, -0.0112615, 0.0560725, 0.00117118, 0.0616911, 0.00669426, 0.0487359, 0.0087567, 0.0588504, -0.00233807, 0.0555843, -0.00613035, 0.0572187, 0.00463446, 0.0515824, -0.0107078, 0.0653599, 0.0116366, 0.0501568, 0.011491, 0.0634772, -0.00794142, 0.07229, -0.00292907, 0.0688176, 0.00227043, 0.0621633, -0.0068044, 0.0655894, 0.00141038, 0.0588618, 0.00115695, 0.052914, -0.00380508, 0.0685869, 0.0023167, 0.0599956, 0.00805413, 0.0470937, -0.0101842, 0.0550542, -0.00321566, 0.0493902, 0.0088724, 0.0546509, 0.0122248, 0.0576388, 0.00763332, 0.0652996, -0.0203913, 0.0635117, -0.00791125, 0.0681829, -0.00637488, 0.0632767, 0.00686749, 0.0553471, 0.0134935, 0.0547595, 0.00417649, 0.0513361, -0.00429256, 0.0518478, 0.00802941, 0.0591298, -0.00464531, 0.0532517, -0.0150996, 0.0654724, 0.00196471, 0.0644391, 0.0086703, 0.0570976, 0.0084124, 0.0557855, -0.011834, 0.0698567, -0.00870146, 0.0577112, 0.00860476, 0.0528497, -0.0131367, 0.0539412, -0.00282961, 0.0514299, 0.00898386, 0.0489416, -0.000123852, 0.0721797, 0.00291396, 0.0561686, 0.000716466, 0.0717367, 0.00274283, 0.0500055, 0.00267184, 0.0389311, -0.00568258, 0.0592151, 0.00204397, 0.0580885, 0.00037751, 0.0577366, 0.0151983, 0.0549917, -0.00386521, 0.0714481, -0.00840036, 0.0688593, -0.00822329, 0.0733119, -0.0068739, 0.0628723, 0.00825734, 0.0583294, -0.000401885, 0.0594843, 0.00106632, 0.0505083, -0.00586805, 0.0597091, -0.00276499, 0.0584995, -0.00890055, 0.061366, 0.0132499, 0.0472621, 0.00792673, 0.0620774, -0.00143284, 0.0575452, -0.00295932, 0.0607867, 0.00335541, 0.0706468, -0.00687154, 0.0634077, -0.0119415, 0.0644824, 0.00663926, 0.0553103, 0.0116771, 0.046743, -0.000568766, 0.0550982, -0.00186497, 0.0665807, -0.0041858, 0.0554527, 0.0126079, 0.0656931, 0.00542885, 0.0755931, -0.00970817, 0.05473, 0.000868603, 0.0456063, 0.00573205, 0.0545508, -0.00754292, 0.0451218, -0.0108891, 0.0583049, 0.0137277, 0.0615342, 0.0114988, 0.0725802, 0.00160958, 0.0584758, -0.00559904, 0.0448852, -0.0149129, 0.060706, 0.00754176, 0.0491023, 0.00583092, 0.0567536, -0.00215411, 0.0554403, -0.00232071, 0.0597967, 0.00946483, 0.0539249, -0.000118038, 0.0614241, 0.00874508, 0.0586522, 0, 
0.0416691, -0.00237303, 0.0584447, 0.000649268, 0.0574989, -0.00514447, 0.0614318, 0.00164628, 0.0646048, 0.00385824, 0.0618115, 0.0059114, 0.0526166, 0.00450334, 0.040692, 0.00371942, 0.0549536, -0.0104771, 0.0622337, -0.0144448, 0.0692448, -0.00842416, 0.0769971, 0.00605768, 0.0671413, 0.020705, 0.066682, -0.0155956, 0.0594213, 0.00277352, 0.055935, -0.0134733, 0.0468217, -0.00148919, 0.0600348, 0.00642014, 0.0539972, -0.00505313, 0.0612963, 0.00733412, 0.0584673, 0.00842201, 0.0539614, 0.01138, 0.0601166, -0.0144921, 0.0532, -0.00263389, 0.057664, -0.0223179, 0.0567936, -0.00178627, 0.0575413, 0.023997, 0.0540984, -0.00716099, 0.0628591, -0.00228847, 0.0590252, 0.00568493, 0.0563526, 0.000838002, 0.0538922, -0.00373782, 0.0733974, -0.00152895, 0.0607345, 0.00268398, 0.0487904, 0.00828498, 0.060048, -0.00363397, 0.0697919, -0.0185745, 0.0609985, 0.00303411, 0.0631645, 0.00604819, 0.0470861, 0.004347, 0.0601295, -0.00112564, 0.0635774, 0.00357851, 0.0603321, 0.00253751, 0.0536279, -0.0143679, 0.0624682, -0.00576435, 0.0521134, 0.00780155, 0.0483764, 0.00260538, 0.0605046, 0.00683893, 0.0702546, -0.00833415, 0.064282, -0.00072064, 0.0660656, -0.00579714, 0.0628944, 0.00974598, 0.0550813, -0.00153283, 0.0672676, -0.00142316, 0.062276, 0.0114736, 0.054662, -0.00584975, 0.0641657, 0.00114726, 0.0551784, -0.00456209, 0.0569832, -0.0042857, 0.0549824, 0.00875439, 0.0513582, -0.00511739, 0.0642705, 0.00116146, 0.0619086, -0.0002105, 0.0499865, -0.00339253, 0.06142, 0.00380281, 0.0484552, -0.0047991, 0.0550891, -0.00103346, 0.051519, 0.00349948, 0.061117, 0.00405839, 0.0664083, 0.00334006, 0.0621112, -0.00938922, 0.060894, -0.00277071, 0.0680001, 0.000789817, 0.0659984, -0.000524809, 0.054726, 0.0044195, 0.0557063, -0.00842791, 0.0607268, 0.00299583, 0.0704498, -0.00141094, 0.0496595, 0.00139366, 0.0630736, 0.00148045, 0.0605668, 0.00845814, 0.0615103, 0.00807765, 0.0666989, -0.00785046, 0.0659773, 0.00585941, 0.0788491, -0.00289733, 0.0609396, -0.00982254, 0.0637741, -0.000650809, 0.047111, -0.00422303, 0.0559175, -0.00764398, 0.0669865, 0.00900894, 0.0435297, -9.00727e-06, 0.0537535, 0.0112049, 0.0515481, 0.00300366, 0.0590355, -0.0130522, 0.051683, -0.000606572, 0.0572118, 0.00264002, 0.0639496, 0.00571884, 0.0643765, -0.00891993, 0.045817, 0.0026417, 0.0557671, 0.00256829, 0.0554501, 0.00337103, 0.056675, 0.0127326, 0.0499162, -0.0092785, 0.068447, 0.00607336, 0.063107, -0.00851789, 0.0647305, -0.00625061, 0.0588891, 0.00626646, 0.0586885, -0.00330262, 0.0587445, -0.00494445, 0.0603414, 0.00354316, 0.050934, 0.000595949, 0.0708867, 0.0131118, 0.0571371, 0.000170418, 0.0593882, -0.00848851, 0.0664053, 0.00352903, 0.0604034, -0.00265699, 0.0551748, -0.0124447, 0.0444943, -0.000280802, 0.0523911, -0.00731423, 0.0577908, 0.0169644, 0.0515975, 0.00449713, 0.0614408, -0.00383554, 0.0487625, -0.00420055, 0.0595053, 0.00291541, 0.059269, -0.00297832, 0.0511445, -0.00903506, 0.0616104, 0.012444, 0.0592416, -0.00487269, 0.0493507, 0.00801688, 0.0644642, -0.0019559, 0.0700771, 0.00431696, 0.067161, -0.000811433, 0.0509498, -0.0158679, 0.0621381, 0.0135458, 0.0590646, -0.00863241, 0.054931, -0.00901675, 0.0646942, 0.0101306, 0.0597225, 0.00047873, 0.0480387, -0.00174499, 0.0578689, 0.00121036, 0.0572583, -0.00147399, 0.0637212, -0.00082897, 0.0694675, -0.00927389, 0.0611304, 0.0102416, 0.0689867, 0.0149768, 0.054309, -0.00512402, 0.0546289, 0.00202609, 0.048866, 0.00342558, 0.0691769, 0.000845604, 0.0606871, -0.0112765, 0.0544751, 0.00686865, 0.06978, -0.00784064, 0.0539892, -0.00274126, 0.0536324, 0.0123206, 0.0533306, -0.00137978, 0.0637291, -0.00203909, 0.0671168, 0.00642634, 0.0637601, -0.00464425, 0.0534022, -0.00247003, 0.0538956, -0.00776136, 0.0469819, -0.00856476, 0.043551, 0.0198814, 0.058415, 0.0148273, 0.0710282, -0.00462166, 0.0568579, -0.0136501, 0.0554181, -0.000128959, 0.0505004, 0.0139571, 0.0536993, 0.00105188, 0.0492811, -0.00494015, 0.0454015, -0.00671348, 0.0521919, 0.00706096, 0.0528588, -0.000543275, 0.0650929, 0.000546586, 0.0537851, 0.00999581, 0.0522306, 0.00257669, 0.0586522, 0, 
0.0481848, 0.00704799, 0.0597472, -0.00261882, 0.0545658, -0.0101277, 0.0518807, 0.00298395, 0.0623656, -0.001589, 0.0668826, 0.00480438, 0.052004, -0.000433252, 0.0510621, -0.00535902, 0.0603668, 0.00100514, 0.048766, -0.00249326, 0.0685095, -0.00472126, 0.0605741, 0.00913796, 0.0575495, 0.00186954, 0.0532908, 0.00578532, 0.0649858, 0.001623, 0.0564604, -0.000112866, 0.0572649, -0.00421195, 0.0601797, -0.00823573, 0.0631061, 0.00687176, 0.0547386, -0.010296, 0.0628873, 0.00635596, 0.0802512, -0.0075187, 0.056238, -0.00121219, 0.0554131, 0.0140787, 0.0544703, -0.00431052, 0.0626459, -0.00117761, 0.0615227, -0.00874211, 0.0568867, 0.00741661, 0.062084, -0.00247341, 0.0670431, -0.00738992, 0.0625222, -0.00629953, 0.0575416, 0.00448165, 0.0662226, -0.00411243, 0.0557324, 0.00773506, 0.0611624, 0.00394911, 0.0598176, -0.00683342, 0.05081, -0.00134309, 0.0668533, 0.00574591, 0.0480881, -0.000891671, 0.0554007, -0.00471299, 0.0669941, -0.00302667, 0.052179, 0.00681447, 0.0661537, -0.00213503, 0.0600877, 0.00661977, 0.0636669, -0.0120976, 0.051586, 0.00424803, 0.0575643, 0.00973924, 0.0601031, -0.00238673, 0.0592993, -0.0149285, 0.0643459, 0.00490568, 0.0510892, 0.00471514, 0.0547774, -0.00860385, 0.0404724, 0.00526793, 0.0591897, 0.00258156, 0.0566626, -0.000641015, 0.0571693, -0.000245446, 0.0492414, -0.00440959, 0.0568571, -0.00190467, 0.0527023, 0.00780506, 0.061745, 0.000782421, 0.0503209, 0.000893922, 0.0559117, 0.00238254, 0.049568, -0.00370855, 0.0584539, -0.00156475, 0.0662035, 0.00718635, 0.064946, 0.00303167, 0.0545992, -0.0031051, 0.068195, -0.0054399, 0.0647322, -0.00739096, 0.0528393, -0.000937413, 0.0694943, 0.0145243, 0.0635939, -0.0117586, 0.059436, 0.00384747, 0.051489, 0.00510946, 0.0617496, 0.000533082, 0.0513313, -0.00437397, 0.0531397, -0.00728776, 0.0701486, 0.0108962, 0.0614239, -0.00449791, 0.0500119, -0.0016644, 0.049038, 0.00179759, 0.0680283, -0.00232862, 0.0527362, -0.00304996, 0.05994, -0.0145496, 0.0606965, 0.0101705, 0.0672044, 0.00917524, 0.0616644, -0.00310289, 0.0484049, 0.00621124, 0.0599669, -0.000678356, 0.0603016, 0.00162208, 0.0650345, -0.000517589, 0.0624019, -0.00802591, 0.0601519, -0.00489956, 0.0472425, 0.00660758, 0.056782, -0.00132171, 0.0662868, -0.0039827, 0.0519526, -0.00956053, 0.0526966, 0.0131196, 0.0675232, 0.00543716, 0.0480314, 0.000111496, 0.0678836, -0.00216709, 0.0540679, -0.00168732, 0.0606642, -0.0040778, 0.0597385, 0.00429638, 0.0729195, -0.00228507, 0.0567559, 0.00299852, 0.0602025, 0.00137263, 0.0531701, 0.00854261, 0.0535869, -0.00873293, 0.0637544, -0.00691642, 0.072398, 0.000529425, 0.0599521, -0.0135755, 0.0600348, 0.0102885, 0.055917, 0.0106912, 0.0595311, -0.000782786, 0.059581, -0.00508393, 0.0571336, 1.48416e-05, 0.0637415, 0.0103852, 0.0651294, -0.00728559, 0.0634321, -0.00242505, 0.0702574, 0.00713972, 0.0609959, 0.00257689, 0.0580048, -0.00517656, 0.0432317, -0.00205906, 0.0572542, -0.0016752, 0.0541915, 0.00757363, 0.0536275, -0.00297105, 0.0592527, 0.00583887, 0.0533436, 0.000206009, 0.0672208, -0.00909055, 0.0558135, -0.00721364, 0.0565314, 0.00178113, 0.0686849, 0.0185359, 0.0517144, -0.011222, 0.0508229, -0.00342352, 0.0602072, -0.00122753, 0.0549136, -0.00111127, 0.0488446, 0.0102766, 0.0665377, 0.000468866, 0.062543, 0.00403199, 0.0678989, 0.0109756, 0.0607998, -0.00186179, 0.0532663, -0.0104303, 0.0489555, -0.00433874, 0.064189, -0.0166368, 0.0642017, 0.0156468, 0.0531315, 0.00956735, 0.0596594, -0.0117749, 0.0554467, 0.0130536, 0.0484875, 0.0021992, 0.06513, -0.00412184, 0.0614745, -0.0117593, 0.0579128, 0.00164946, 0.0679685, 0.00291624, 0.0578122, 0.00530992, 0.0574172, 0.00116518, 0.0628196, -0.00737753, 0.0536719, 0.00397679, 0.0470213, 0.000611214, 0.0499616, 0.00561843, 0.0508019, 0.00472911, 0.0565668, -0.00235708, 0.0596393, -0.00800187, 0.0636594, -0.0123571, 0.0596266, 0.0134333, 0.0612698, -0.00322943, 0.0600517, 0.00282344, 0.0605697, 0.0126379, 0.0522928, -0.0045446, 0.0552866, -0.00043265, 0.0588955, -0.00959076, 0.0587106, 0.000340443, 0.0694872, 0.01127, 0.0571062, -0.00926133, 0.0561282, -0.00224932, 0.0633498, 0.0131397, 0.0708922, -0.00710463, 0.0528866, 0.00255945, 0.0540948, -0.00448724, 0.0624184, 0.00072373, 0.0586522, 0, 
