0.0331573, 0, 0, 0.0331573, 0, 0, 0.0331573, 0, 0, 0.0331573, 0, 0, 0.0331573, 0, 0, 0.0331573, 0, 0, 0.0331573, 0, 0, 0.0331573, 0, 0, 
0.0155097, -0.000425505, -5.83791e-05, 0.0155096, -0.000287524, -8.81447e-05, 0.0155151, 0.000399549, -0.000165419, 0.0155456, 0.00150821, -0.000127454, 0.0155427, 0.000123132, 0.000606778, 0.015984, -0.00311777, 0.000862449, 0.0158732, -0.00178979, -0.00320161, 0.0158014, -0.00684501, -0.00746969, 0.0144055, -0.0123782, -0.00250425, 0.0274209, 0.00122449, 0.00276237, 
0.0134545, -0.000968923, -0.000531254, 0.0134947, 0.000144934, -0.000394359, 0.0135449, 0.00110608, -9.273e-05, 0.013587, 0.00153433, 0.000531573, 0.0136483, 0.00132178, 0.00173976, 0.0139041, 0.000146095, 0.00276969, 0.0172507, -0.00554627, -0.00347099, 0.0207476, -0.00923592, -0.0121258, 0.0309591, 0.00714388, 0.00472403, 0.00400165, 0.00360794, -0.0321748, 0.0134805, 0.00916154, -0.00994051, 0.0273991, -0.00235371, 0.00112721, 
0.00717658, -0.0004779, -0.000916427, 0.00727756, 0.000488472, -0.00026296, 0.00734963, 0.00101485, 0.000439999, 0.00741101, 0.00066342, 0.00156084, 0.00757138, -0.000919938, 0.00170006, 0.00836456, -0.00272449, -0.000885793, 0.00818915, -0.00146998, -0.00173155, 0.00763194, 0.00189289, -0.000236172, 0.0101788, 0.00433915, -0.00541609, 0.0084611, 0.00561346, -0.0117575, 0.00668714, 0.00444379, -0.0147007, 0.013272, 0.000374918, -0.00758242, 0.0311019, -0.00280155, 0.00155672, 
0.00499903, 0.000588407, -0.000961084, 0.00507695, 0.00074772, -1.63395e-06, 0.00513996, 0.000629231, 0.00098769, 0.00516415, -0.00031633, 0.00142128, 0.00534031, -0.00178504, 0.000523785, 0.00552964, -0.00205387, -0.000132434, 0.00458309, -0.000722769, 0.000655053, 0.010055, -0.000581958, -0.00628754, 0.0128408, 0.000539552, -0.00870514, 0.0135893, -0.00155425, -0.00142036, 0.0146232, 0.000988648, -0.00189937, 0.0130326, 0.0143887, -0.0021697, 0.00868391, 0.0216459, -0.00214999, 0.0114644, 0.0176157, -0.00173978, 0.0301946, -0.00207008, -0.00142485, 
0.0037263, 0.0012892, -0.000409435, 0.00375643, 0.000656463, 0.000515492, 0.00375855, -0.000103625, 0.00107325, 0.00378516, -0.00103051, 0.00111269, 0.00389509, -0.00155672, 0.00107088, 0.00405697, -0.00160939, 0.000240619, 0.00521801, -0.00136934, -0.00183733, 0.00640394, -0.000925315, -0.00290293, 0.00645627, -0.000319043, -0.00177596, 0.00791846, 0.000561855, -0.00187222, 0.0112207, 0.00489937, -0.00380916, 0.0164779, 0.0199528, -0.00634996, 0.0204046, 0.0247573, -0.00259058, 0.0446279, 0.000473801, -0.000740411, 0.0256243, 0.00868507, 0.0182963, 0.0163838, 0.0160405, 0.0346139, 0.0281436, 0.000461785, -0.0011006, 
0.00241451, 0.00138423, 8.60947e-05, 0.00240283, 0.000391686, 0.000477409, 0.00240457, -0.000493741, 0.000743309, 0.0024452, -0.00117391, 0.000716668, 0.00248999, -0.00142912, 0.000136869, 0.00268568, -0.00116047, -0.00121585, 0.00274055, -0.000202924, -0.0017899, 0.00159996, 0.00120753, -0.000285707, 0.00553965, 0.00203717, -0.00336672, 0.00640808, 0.00241532, -0.00386628, 0.00708758, 0.0025502, -0.00365353, 0.00770214, 0.00219543, -0.00318155, 0.00978201, 0.00250047, -0.0023028, 0.0120632, 0.006258, 0.00128392, 0.0111176, 0.0111376, 0.00863226, 0.0101027, 0.0118178, 0.0132964, 0.0147851, 0.00751132, 0.00850479, 0.0308579, -0.000277041, -0.00224932, 
0.00228941, 0.00106667, 0.000481084, 0.00228936, 0.000141191, 0.000590046, 0.00230018, -0.000624367, 0.000648909, 0.00232138, -0.00117625, 0.000363288, 0.002359, -0.00131744, -0.000278698, 0.00228402, -0.000838734, -0.00069271, 0.00216145, 1.08771e-05, -0.000875446, 0.00276981, 0.000644408, -0.00119396, 0.00392333, 0.000858419, -0.00193073, 0.0042232, 0.000953096, -0.00194639, 0.00381995, 0.00039846, -0.00115457, 0.00434284, 0.000220285, -0.000870574, 0.00843416, 0.00611653, -0.00123281, 0.0122981, 0.0137282, 0.0011722, 0.0135726, 0.00929867, -0.00152377, 0.0178766, 0.00686016, -0.000492056, 0.0160638, 0.00379564, 0.0134304, 0.0158137, -0.00332245, 0.0200629, 0.0174863, -0.00387358, 0.0170306, 0.029635, 0.000675891, -0.00130189, 
0.00209149, 0.000713756, 0.000668225, 0.0020931, -1.60016e-05, 0.000566745, 0.00209385, -0.000622406, 0.000409848, 0.00210974, -0.000999893, 0.000112863, 0.00211692, -0.000994, -0.000208249, 0.00206161, -0.000618422, -0.000488563, 0.00224551, -9.7573e-05, -0.000927445, 0.00252198, 0.000356405, -0.000988803, 0.00192242, 0.000658128, 0.000181917, 0.00289108, 0.000994447, -0.000592652, 0.00373513, 0.00159046, -0.00140463, 0.0044522, 0.00237063, -0.00197942, 0.00525786, 0.00358958, -0.00233115, 0.00624373, 0.00469033, -0.00213284, 0.00821357, 0.00593328, -0.000980391, 0.0114453, 0.0074975, 0.00309978, 0.0154668, 0.00692305, 0.0120756, 0.0185711, 0.00146784, 0.0220836, 0.0274387, 0.000175638, 0.0102018, 0.0383565, -0.00232877, -0.000820276, 0.0197918, -0.0244306, 0.0250085, 0.0270038, 2.98152e-05, -0.000209073, 
0.001997, 0.000432333, 0.000675891, 0.00199349, -9.25549e-05, 0.000451496, 0.00199382, -0.000519682, 0.000248539, 0.00200499, -0.000745467, 2.32536e-05, 0.00200509, -0.000699672, -0.000245055, 0.00198124, -0.000417557, -0.000485924, 0.00187041, 1.22599e-05, -0.000464123, 0.00179366, 0.00042621, -0.000217186, 0.0020541, 0.000635467, -3.81749e-05, 0.00250843, 0.000773716, -0.000383456, 0.00289822, 0.0010373, -0.000795697, 0.00291488, 0.000989018, -0.000744997, 0.00274221, 0.000362996, -0.000484858, 0.00379634, 0.00170278, -0.000451262, 0.00599017, 0.00546044, 0.00108681, 0.00723519, 0.00644513, 0.00219089, 0.00870191, 0.00587315, 0.00196616, 0.0108606, 0.0048651, 0.00471114, 0.0130977, 0.00112849, 0.00854128, 0.0134615, -0.00518751, 0.0123573, 0.0132205, -0.00991002, 0.0130945, 0.0172723, -0.00709441, 0.00761597, 0.0304815, 0.00143318, -0.00126225, 
0.0022127, 0.000147356, 0.000598446, 0.00221075, -0.000225272, 0.000366868, 0.00221147, -0.000525825, 0.000171441, 0.00222167, -0.00070192, -3.58249e-05, 0.00223574, -0.000712382, -0.000246479, 0.00221088, -0.000514089, -0.000376815, 0.0021092, -0.000148299, -0.000335564, 0.00220563, 9.38837e-05, -0.000309232, 0.00240894, 0.000180464, -0.000319546, 0.00231772, 0.000133354, 5.28606e-05, 0.00237379, 0.000112282, 0.000119422, 0.00259533, 0.000379819, -0.000125924, 0.00293379, 0.000965698, -0.000393654, 0.00340716, 0.00192629, -0.000483954, 0.00396341, 0.00297929, -0.00020288, 0.00461476, 0.0035216, 0.000230855, 0.00562053, 0.00365421, 0.000705199, 0.00797918, 0.00373955, 0.00406624, 0.011102, 0.00119788, 0.0124865, 0.0137402, -0.000916826, 0.0130497, 0.0204974, 0.00102759, 0.00621827, 0.0184528, -0.00925207, 0.00693102, 0.0148474, -0.0194394, 0.00573064, 0.0185587, -0.0139324, 0.00242385, 0.0296895, 0.00144159, -0.000288313, 
0.002123, 1.36885e-05, 0.000491225, 0.00212003, -0.000236312, 0.000276034, 0.00211913, -0.000451867, 8.64095e-05, 0.00212648, -0.000578149, -9.9176e-05, 0.00213074, -0.000561323, -0.000232653, 0.00211381, -0.000433758, -0.000308412, 0.00210727, -0.000246484, -0.000346119, 0.00212695, -2.45468e-05, -0.00025681, 0.00212811, 0.000100238, 9.9355e-06, 0.00213122, 8.69472e-05, 0.000200024, 0.00224682, 0.000130801, 0.000145068, 0.00246141, 0.000434135, -0.00014879, 0.00257702, 0.000758648, -0.000312908, 0.00245149, 0.000467288, -0.000272799, 0.00256653, 0.000502357, -0.000264321, 0.00336057, 0.00200005, 0.000666517, 0.00432713, 0.00326059, 0.00226983, 0.00535907, 0.00352746, 0.00337387, 0.00676598, 0.00321223, 0.00474025, 0.00892581, 0.00184886, 0.00613691, 0.0118255, -0.00188699, 0.00787293, 0.0142072, -0.00915026, 0.00895358, 0.0154996, -0.0182086, 0.00711553, 0.019972, -0.0173098, 0.00157878, 0.0430459, 0.00488725, -0.00496642, 0.0151666, -0.0274143, -0.00671527, 0.0241849, 2.41985e-05, 0.000574824, 
