0.212207, 0, 0, 0.212207, 0, 0, 
0.21221, -0.00256011, 0.00331946, 0.212219, -0.000703931, -0.00124452, 0.212206, 0.00210256, -0.000990565, 0.212202, 0.00217879, -0.00122058, 0.212207, 0, 0, 
0.212278, -0.0023476, 0.000345435, 0.212282, -0.00139831, 0.00188315, 0.212283, -0.000380727, -0.000222688, 0.212276, 0.00289677, -0.000574008, 0.212239, 0.00566835, -0.00480106, 0.212201, -0.00464564, 0.00217102, 0.212183, -0.00336063, -0.0012013, 0.212207, 0, 0, 
0.212152, -0.00299449, -0.000106923, 0.212201, 0.00121341, -0.00217795, 0.21213, 0.000387057, 0.00288817, 0.212039, -0.000518974, 0.00226548, 0.212074, 0.00494604, -0.00430038, 0.212065, -0.000974253, -0.00182033, 0.212148, -0.00596567, 0.00286863, 0.212202, 0.000123202, -0.000318889, 0.212213, 0.000281341, -0.00146623, 0.212207, 0, 0, 
0.211856, 0.000653914, -0.00449747, 0.211989, -0.000261046, 0.000354765, 0.212124, 0.000475652, 0.00166035, 0.212218, 0.000502082, -0.000191959, 0.212293, -0.000230535, -0.000814601, 0.212259, -8.68189e-05, 0.00102324, 0.21228, -0.000585431, 0.000571384, 0.212256, -0.0026016, -0.00168913, 0.21208, -0.00137029, -0.000176287, 0.212115, 0.00174698, 0.0041576, 0.212271, 0.00421058, -0.0042708, 0.212267, -0.00236229, 0.0026202, 0.212207, 0, 0, 
0.21236, 0.00109015, -0.00178476, 0.21218, -0.00270908, -0.00149982, 0.212281, 4.7877e-05, 0.00182247, 0.212455, 0.00274325, 0.002139, 0.212353, -0.00040911, -0.000467864, 0.212321, 0.00115394, -0.00249641, 0.21236, 0.000976622, 0.000396175, 0.212327, 0.00180271, -0.00152622, 0.212226, -0.00482221, 0.00364699, 0.212268, -0.00419135, -0.00335525, 0.212211, 0.00138076, -0.000428757, 0.212189, 0.00264155, 0.00187243, 0.212153, -0.00137172, 0.0026662, 0.211987, -0.00248569, -0.00019773, 0.212149, -0.000818963, 0.00428232, 0.212207, 0, 0, 
0.212149, 0.00465818, 0.00158032, 0.212169, -0.00113595, -0.00364115, 0.21224, 0.000221826, 0.00200435, 0.212305, 0.000129597, 0.00240868, 0.212221, -0.00243753, -0.00354447, 0.212194, -0.00405652, 0.00270081, 0.2121, 0.00358586, -0.00213079, 0.211991, -0.00137711, 0.00204762, 0.212065, -0.000261566, -0.00130694, 0.212188, -0.00118887, 0.000366773, 0.212085, 0.00203619, -0.000125766, 0.212055, 0.00358634, -0.00231202, 0.212082, -0.00125142, 0.0043685, 0.212154, -0.000242791, 0.00172634, 0.21235, -0.00287949, -0.00194759, 0.212338, 0.00146265, 0.0018929, 0.212347, -0.00109695, -0.00411478, 0.212207, 0, 0, 
0.211802, 0.00131807, 0.00339336, 0.211721, -0.00271977, -0.00427571, 0.212054, -0.00365319, 0.00328196, 0.212142, 0.00576221, -0.00368232, 0.212076, -0.00115212, 0.00343746, 0.212188, 0.00451998, 0.000336997, 0.212172, -0.00201765, -0.00247213, 0.211979, -0.00410072, 0.00290115, 0.211971, 0.000705439, -0.000271858, 0.212131, 0.00233531, 0.000143845, 0.212253, 0.00109331, -0.00139751, 0.212224, -0.00333179, -0.00027859, 0.212262, 2.21141e-05, 0.00127201, 0.212203, -0.00169075, -0.00104906, 0.211956, 0.00323034, 0.00089586, 0.211973, -0.000373419, -0.00172019, 0.212176, -0.00282967, -0.00172482, 0.212405, 0.00357267, 0.00443501, 0.212438, 0.00410218, 0.00224675, 0.21224, -0.00107398, -0.000834797, 0.212207, 0, 0, 
0.21211, -0.000559772, 0.00151014, 0.212072, -0.00485322, -0.00139796, 0.211966, 0.0057984, 0.00190458, 0.212042, -0.000106245, 0.000655272, 0.211964, 0.000754678, 4.80397e-05, 0.211865, -0.00264108, -0.00310497, 0.21216, -0.000799356, -0.00115074, 0.212229, -0.00298311, 0.000866457, 0.212291, 0.00223345, -0.00160849, 0.212271, 0.00256802, 0.00257471, 0.212002, -0.002192, -0.000787646, 0.212066, 0.00393602, -0.000722614, 0.212116, 0.00124655, 0.00751195, 0.212086, 0.00116238, -0.00279684, 0.212387, -0.00381249, -0.00302585, 0.21226, 0.00117111, -0.00198649, 0.212261, 0.00136086, 0.00380351, 0.212279, -0.0016991, 0.0012251, 0.212424, -4.58746e-05, -0.00220395, 0.212235, -0.00537071, 0.000301225, 0.211759, 0.00234647, -0.00158695, 0.21213, 0.00322327, -0.00101614, 0.21218, 0.00147202, 0.00133323, 0.212207, 0, 0, 
0.212424, 0.000163485, -0.00444815, 0.212337, -3.98975e-06, 0.00166421, 0.212219, -0.0037521, -0.00103965, 0.212004, 0.000204352, 0.00143388, 0.212264, -0.000149997, 0.0025608, 0.212566, 0.00377408, 0.00087421, 0.212369, -0.000497414, -0.00317951, 0.212401, 0.00127598, -0.000665725, 0.21202, -0.000186466, 0.00184466, 0.211963, -0.00251914, 0.002225, 0.212113, -0.00115832, -0.00289083, 0.212071, 0.000834377, -0.00406514, 0.212067, 0.0046825, 0.00207207, 0.212163, -0.0023032, 0.00315511, 0.212407, 0.00412051, -0.00310597, 0.212414, -0.00105099, 0.0016442, 0.211908, -0.00314981, -0.002248, 0.211837, 0.00115578, 0.00289558, 0.212147, -0.0022894, -0.000744092, 0.212035, 0.00172821, -0.00111606, 0.212075, 0.00175571, 0.00169926, 0.212268, -0.000347263, -0.00332891, 0.212514, -0.00782601, 0.00320352, 0.212317, 0.000342387, -0.00457147, 0.212198, -0.000970581, 0.00566399, 0.212207, 0, 0, 
0.212309, 0.00114301, 0.0013064, 0.212452, -0.00246597, -0.000233988, 0.212531, 0.00199007, 0.000766686, 0.212367, -0.000989621, -0.000656398, 0.212181, -0.00126157, -0.00114124, 0.212282, -0.0013048, -0.000821901, 0.212238, 0.000857769, -0.000823267, 0.212316, -0.000208576, 0.0040481, 0.212438, 0.00198851, 0.00168869, 0.212364, 0.00336332, -0.00328531, 0.212417, -0.000418046, 0.000421055, 0.212244, -0.00111977, -0.00133748, 0.212326, -0.00211366, 0.00212078, 0.212252, 0.00369872, -0.00149678, 0.212453, 0.00168748, 0.000123955, 0.212378, -0.000312051, -0.000700823, 0.212161, -0.0072745, 0.000354326, 0.212252, -0.000350529, -0.00182285, 0.212252, -3.26385e-05, -0.00300404, 0.212706, -0.00194857, 0.00400571, 0.21273, 0.00464237, -0.0015761, 0.212641, -0.00243915, 0.00209369, 0.212262, 0.0051408, -0.00258543, 0.212098, -0.00213608, 0.00297792, 0.212493, -0.00193492, -0.00205561, 0.212284, 0.0024916, 0.00397737, 0.212243, 0.00241358, 0.00146891, 0.21223, -0.00617594, -0.00277868, 0.212207, 0, 0, 
0.211815, -0.00286437, 0.00278326, 0.211744, -0.0026142, -0.000402153, 0.212155, 0.00368547, 0.00163743, 0.212228, 0.00159281, -0.0042937, 0.212322, -0.00120591, 0.00224593, 0.212454, 0.000860403, -0.00186071, 0.212238, -0.00353244, 0.000256719, 0.212144, 0.00574762, 0.00325879, 0.212118, 0.00337468, 0.000489717, 0.212413, -0.00682989, -0.00113869, 0.212245, -0.00179422, -0.00403955, 0.212209, -0.00126413, 0.00410691, 0.212377, 0.00189445, -0.00332415, 0.212312, -0.00134628, 0.000386291, 0.212364, -0.00037041, -2.87832e-05, 0.212514, -0.00184694, -0.00268776, 0.212435, 0.00145749, 0.00193753, 0.212252, 0.00196098, -0.00106963, 0.212231, 0.00403084, 0.00207861, 0.21214, 0.000470345, 0.000920035, 0.212046, -0.00278622, 0.00269864, 0.21219, -0.00164104, -0.00535935, 0.212318, 0.000387138, 0.00275759, 0.212393, 0.00315826, -0.000861489, 0.212334, -0.00478036, -0.00104684, 0.211954, 0.000744253, 0.00148492, 0.211698, -0.00109315, 0.000340286, 0.212034, 0.00437505, -0.00339998, 0.212392, -0.00374905, 0.00420045, 0.212318, -0.00223618, 0.00462468, 0.212454, 0.00460272, -0.00340374, 0.212207, 0, 0, 
0.211841, -0.0021994, -0.00568701, 0.212108, 0.00528987, 0.00535563, 0.212223, 0.00200097, -0.00233565, 0.212157, -0.00443361, 0.00312688, 0.212028, 0.000267579, -0.000873388, 0.211831, -0.00270104, 0.000731339, 0.211902, -0.0015507, -0.00317135, 0.212079, -0.00256648, -0.00033084, 0.212091, -0.00224284, 0.000606285, 0.212326, 0.00555777, -0.00219612, 0.212314, -0.000315326, 0.0018706, 0.212286, -0.00424466, -0.00354707, 0.212016, 0.00497899, 0.000595088, 0.211709, 0.00206626, -0.000123463, 0.211818, -0.00409132, 0.00495366, 0.211894, 0.00307866, -0.000621018, 0.212108, -0.0028608, -0.00385364, 0.212182, 0.00288968, 0.00229915, 0.212487, -0.0011988, -0.00234419, 0.212384, -0.00149446, 0.00225935, 0.212193, 0.000227556, -0.000447896, 0.212252, 0.000776111, -0.000602785, 0.212222, -0.000117667, 0.00170906, 0.212212, 0.000634988, 0.000307614, 0.212304, 0.00473507, -0.00220733, 0.212312, -0.0022711, 0.00258017, 0.212077, -0.00254405, 0.000553945, 0.212123, -0.00344832, -0.00229102, 0.212304, 0.00165543, -0.00114838, 0.212144, 0.00296805, 0.00237207, 0.212021, -0.00162689, 0.00107288, 0.212233, -0.00178242, -0.000980522, 0.212355, 0.000422062, 0.00276211, 0.212207, 0, 0, 
0.212481, 0.00379006, -0.000957759, 0.212451, -0.00267432, -0.000876864, 0.212201, 0.000267085, 0.00379348, 0.212258, 0.000514329, -0.00092191, 0.212084, 3.35964e-05, 0.00110549, 0.21223, 0.00228664, -0.00194073, 0.212604, -0.00135599, 0.000737723, 0.212524, 0.00292368, -0.00188899, 0.212502, -0.00262902, -0.00100631, 0.212456, -0.00333719, -0.000378321, 0.212461, -0.00325138, 0.00116919, 0.211902, 0.00178702, 0.00013934, 0.211859, 0.000228302, -0.0018283, 0.212166, -0.00315655, 0.003813, 0.212164, 0.00269043, -0.000574107, 0.212193, 0.00130101, 0.00103034, 0.212316, 0.00557497, -0.00689231, 0.212635, -0.00531066, 0.000647783, 0.212484, -0.00365097, 0.00477464, 0.212373, 0.00488834, -5.11118e-05, 0.212299, 0.00208136, 0.00125532, 0.21215, -0.000825938, -0.0037318, 0.212275, -0.000503656, -0.000420722, 0.212231, -0.00388096, 0.00229202, 0.212376, 0.00588791, -0.00244039, 0.212291, -0.0017623, 0.00377782, 0.212245, -0.00412069, 0.000552724, 0.21253, 0.00459306, -0.000338135, 0.212759, -0.00190776, -0.00125095, 0.212535, -0.00169711, 0.000243675, 0.21212, 0.00212508, 0.00172892, 0.212081, -0.00381774, 0.00048282, 0.211945, -0.000191155, -0.00390361, 0.212141, 0.000439788, -0.000977838, 0.211949, 0.00137692, 0.00340584, 0.211913, -0.000935588, -0.000176483, 0.212207, 0, 0, 
0.21215, 0.00475103, -0.00207855, 0.212112, -0.00145257, -0.00318884, 0.212192, -0.00291262, 0.00670824, 0.212387, -0.000860477, 0.00162462, 0.212301, 0.00273713, -0.00615248, 0.212102, -0.00269659, 0.00288385, 0.212088, 0.00467709, -0.00238736, 0.211763, -0.00102152, 0.00227798, 0.211671, -0.000860831, -0.000817316, 0.212128, 0.0023513, 0.000611638, 0.21243, -0.000921817, 0.00162859, 0.212295, -0.00152024, -0.00148662, 0.212221, 0.00058155, 0.0023227, 0.212204, -0.00478662, 0.000120692, 0.212085, 0.00183262, -0.00491876, 0.212254, 2.42633e-05, -0.00343552, 0.212204, -0.00198339, 0.00238052, 0.212247, 0.00199391, -0.00247616, 0.211938, -0.00340434, 0.00601578, 0.211861, 0.00338573, 0.000516656, 0.212051, 0.00149543, 0.00027323, 0.212231, 0.00052892, 0.000555611, 0.212426, 0.00099625, -0.00284566, 0.212464, -0.00167973, -0.000600563, 0.212355, -0.00113779, 0.0023489, 0.212147, 0.00225622, -0.00122642, 0.212073, -0.00196298, -0.0009527, 0.212099, 0.000423676, -0.000182032, 0.212059, -0.000448865, 0.00241704, 0.211859, -0.00253353, -0.00384387, 0.211734, -0.00132652, 0.00253583, 0.212114, 0.00287919, 0.00232838, 0.212356, -0.000461084, -0.000749144, 0.212133, 0.00456436, -6.37465e-05, 0.212337, -0.00360664, 0.00111378, 0.212479, -0.00169363, -0.000294406, 0.212458, -0.000901362, -0.0031445, 0.21218, 0.00567459, -0.000355492, 0.212204, -0.00488402, 0.000298462, 0.212207, 0, 0, 
0.212093, -0.000716501, -0.00471392, 0.212174, 0.000709745, 0.000483618, 0.212143, 0.000553752, 0.000446538, 0.212015, -0.000951647, 0.00245384, 0.211988, -0.00122628, 0.00396985, 0.212058, 0.00255964, -0.00537658, 0.212313, -0.00361395, 0.000649783, 0.212635, 6.37162e-05, -0.00111219, 0.21255, -0.00150633, -3.99251e-05, 0.212643, 0.00302271, 0.00109801, 0.212718, 0.00445595, -0.000535969, 0.212684, -0.00130971, -0.00161458, 0.212315, -0.00361231, 0.00377068, 0.212153, 0.000641437, -0.0010858, 0.212009, -0.00213542, -0.000173587, 0.211657, 0.00330093, 0.00120828, 0.21203, 0.00149259, -0.00295044, 0.212289, -0.000642465, 0.004622, 0.212459, 0.000101856, -0.00142047, 0.212485, -0.00448665, -0.00140625, 0.212445, -0.00509295, -0.00241546, 0.212256, -0.000771688, -0.0021558, 0.211964, 0.00550605, -0.00168376, 0.212055, 0.000416542, 0.00309681, 0.212405, -0.00409963, 0.00515715, 0.212235, 0.00543736, -0.00109736, 0.212417, 0.00111249, -0.00317261, 0.212766, -0.00192466, 0.00325768, 0.212535, -0.000625618, 0.00219664, 0.212537, 0.00199458, -0.00437539, 0.212296, 0.00228315, 0.000550655, 0.212221, -0.00468845, -0.00203149, 0.212347, 0.00564891, -0.00470871, 0.211986, -0.0049746, 0.00629187, 0.211771, 0.00064062, 0.000812852, 0.212044, -0.00154733, 0.00184362, 0.21187, -0.00161723, 0.00407755, 0.211953, 0.0018499, -0.00692136, 0.212128, 0.00215979, 1.21203e-05, 0.21235, -0.000577539, -0.000981674, 0.212231, -0.00106493, 1.88412e-07, 0.212207, 0, 0, 
0.212086, -0.00229762, 0.00294205, 0.212488, 0.00312982, -0.000359993, 0.212635, -0.00194676, -0.00105981, 0.212332, -0.0059014, 0.000136436, 0.212293, 0.00397035, -0.00249695, 0.212307, 0.00419087, -0.000918612, 0.212084, -0.00404135, 0.000948883, 0.212098, 0.00359099, 0.00311768, 0.211818, 0.00202773, -0.00139744, 0.211601, -0.00728245, 0.000914309, 0.211904, 0.00365278, -0.00139052, 0.211779, 0.000712494, 0.00190811, 0.212004, -0.000713124, 0.00121718, 0.212374, -1.43747e-05, 0.00124873, 0.212486, -0.00241773, -0.00132993, 0.212231, 0.00250003, -0.00314727, 0.212173, -0.000626033, -0.00208652, 0.212239, 0.00111498, 0.000553723, 0.212541, -0.00086538, 0.00542997, 0.212537, -0.00369583, 0.000870096, 0.212001, 0.00278458, -0.000580028, 0.211897, -0.00466436, -0.0013884, 0.211968, 0.00200267, -0.00208833, 0.212161, -0.000775994, -0.00186198, 0.212086, 0.000739949, -0.00124643, 0.212197, -0.000742973, 0.00118931, 0.212083, 0.000652519, -0.000632678, 0.212202, 0.000741034, 0.00381604, 0.212291, -0.000595991, -0.00176125, 0.211908, -0.0011304, 0.00109747, 0.211873, -0.000188657, 0.000738474, 0.211867, 0.002384, -0.0018446, 0.212229, 0.00364335, -0.000140394, 0.212342, 0.00260819, 0.00117388, 0.212319, -0.00358085, 0.000645634, 0.212146, 0.000584691, 3.09082e-05, 0.211864, -0.00166315, -0.00175694, 0.212205, -0.000373076, -0.00150737, 0.212523, -0.000171095, -0.00387373, 0.212478, -4.6617e-05, 0.00690424, 0.212521, -0.000876177, 0.000258447, 0.212415, -0.00378748, 0.00272063, 0.212416, 0.00120884, 0.000356315, 0.212292, 0.00141122, -0.00433147, 0.212207, 0, 0, 
0.213102, 0.00282271, -0.00289794, 0.212887, -0.00146548, -0.00171724, 0.212576, -0.000466983, 0.00424668, 0.21191, -0.00124481, 0.00105569, 0.211943, 0.000797815, -0.00344089, 0.211999, -0.00155944, 0.00167586, 0.212081, 0.00175786, -0.000716701, 0.212196, 0.00186464, -0.0015709, 0.212328, -0.00171976, 0.00300647, 0.212341, 0.00292834, -0.00113549, 0.212035, 0.00035579, 0.00137139, 0.212329, -0.00544827, -0.00089975, 0.212066, 0.00467539, -0.00171065, 0.212125, -0.00348135, 0.00133325, 0.212416, -0.000739469, 0.00112391, 0.212392, 0.00218005, -0.000289707, 0.212153, 0.00124358, -0.000644706, 0.212391, -0.00242011, -0.000253073, 0.21233, -0.00497309, 0.00139902, 0.212186, 0.00354912, 0.000102573, 0.212382, 0.00193, -0.00220419, 0.212495, -0.00121856, 0.00168046, 0.212547, 0.000863555, -0.000141382, 0.212311, 0.0027986, -0.0017272, 0.212176, -0.00911659, 0.00493836, 0.212082, 0.00362245, -0.00400256, 0.211942, 0.000442214, -0.00224329, 0.211679, -0.000930196, -4.36981e-05, 0.212199, 0.000642553, 0.00108888, 0.212603, 0.00105984, 0.00118229, 0.212669, -3.64479e-05, -0.00265131, 0.212386, -0.00283235, -0.000688151, 0.212207, 0.00397547, 0.00125592, 0.212237, 0.00224073, -0.0033345, 0.212263, -0.00318955, 0.00410351, 0.21247, 0.00391283, 0.00101196, 0.212202, -0.00298726, 0.000332329, 0.212037, 0.00187099, 0.00503909, 0.211948, 0.000633347, -0.000234275, 0.212287, -0.00386759, -0.0066095, 0.212823, 0.000998002, 0.00350008, 0.213072, 0.00224848, -0.00265932, 0.212467, -0.0023531, 0.0006848, 0.212098, -0.00256298, 0.000380772, 0.212463, -0.00185927, -0.00063623, 0.212069, -0.00388997, 0.00111714, 0.212411, -0.000241977, -4.32247e-05, 0.212207, 0, 0, 
0.211758, 0.00280796, -0.00352635, 0.212387, -0.00215854, 0.000847882, 0.212461, 0.00291829, 8.23156e-05, 0.212229, -0.00485686, 0.00210473, 0.212283, 0.0022491, -0.000274143, 0.212376, 0.00441568, -0.00385274, 0.212094, -0.00531991, 0.00548579, 0.212135, 0.000674547, -0.000818947, 0.212252, -0.000529427, -0.00312717, 0.211686, 0.00144817, 0.000557105, 0.211411, -0.00367715, -0.00193595, 0.211462, 0.00329096, 0.00164035, 0.212115, -0.00221543, 0.0018276, 0.212113, 0.000229892, -0.00234119, 0.211951, 0.00152451, 0.00385446, 0.211863, 0.00137604, 0.000196442, 0.212207, -0.00171197, -0.000448981, 0.212468, 0.00158778, -0.00049027, 0.212768, -0.00316218, -0.0050766, 0.212593, -0.00109022, 0.00407683, 0.212551, 0.00278736, 0.00362096, 0.212055, -0.00327124, -0.00453713, 0.211585, 0.00167902, -0.00022857, 0.212071, -0.00258737, 0.00268939, 0.211957, 0.00263485, -0.00230151, 0.212339, 0.00186366, 0.000265205, 0.212419, -0.00240201, -0.000704667, 0.212374, 0.00182588, -0.00286805, 0.212348, -0.000324446, 0.00134144, 0.212032, -0.00331339, 0.000173225, 0.212031, 0.00310419, 0.00151545, 0.212049, 0.00128283, 6.51293e-07, 0.211817, -0.00263575, -0.000555162, 0.211846, -0.000921545, 0.000524543, 0.212297, 0.00443258, -0.000602555, 0.212349, -0.00402429, -0.000777393, 0.211937, -0.00172359, -0.000327676, 0.21179, 0.00369988, 0.00098074, 0.212117, 0.00160479, 0.00199652, 0.212276, -0.00490571, -0.000120984, 0.212529, 0.00305763, -0.000344949, 0.212518, -0.00280915, -0.000471173, 0.212555, -0.00368556, 0.00178324, 0.212625, 0.00348672, 0.00205965, 0.212229, 0.00683582, -0.00501255, 0.212107, -0.0049834, 0.00364667, 0.211895, -0.00301379, -0.00236965, 0.211762, -0.000171726, 0.00132734, 0.211874, -0.00267701, -0.00652241, 0.212207, 0, 0, 
0.212537, 0.00101212, 0.000419287, 0.2121, -0.00124354, 0.00257867, 0.212021, 0.00162694, -0.00131728, 0.212287, 0.000817929, -0.00439511, 0.212531, -0.00171404, 0.000944093, 0.212587, 0.00144329, 0.00303921, 0.212562, -0.00159361, -0.00371078, 0.212239, -0.00025504, 0.00187257, 0.212269, -0.0012479, 2.11995e-05, 0.21245, 0.000342993, -0.000440843, 0.212382, 0.00337024, -8.39589e-05, 0.212601, -0.00698025, 0.00239841, 0.212163, 0.00646909, -0.00184304, 0.212193, -0.00330615, 0.00321278, 0.212111, -0.00284129, 0.000445777, 0.212195, 0.000557234, -0.00276319, 0.212223, 0.00170487, 0.000811954, 0.212229, 0.00272648, -0.00177393, 0.212344, -0.00252811, 3.63671e-05, 0.212511, 0.00115948, -0.000193605, 0.21251, -0.00222033, 0.00121918, 0.21232, -0.00103559, 0.00129159, 0.21243, 0.0053392, -0.00071364, 0.21255, 0.000433683, -0.00177185, 0.212826, -0.0034718, 0.000404805, 0.212018, -0.00375044, 0.00170927, 0.211671, 0.00530159, -0.00430357, 0.211903, -1.40238e-05, 0.00111183, 0.212313, -0.00189104, 0.00067295, 0.212634, 0.00298773, 0.00326719, 0.212425, -0.00214505, -0.000885465, 0.212355, -0.00127969, -0.00572517, 0.212384, 0.00174022, 0.00444438, 0.212291, -0.00344085, 0.00435288, 0.2118, 0.00110834, -0.00791126, 0.21195, -0.00175983, 0.00395117, 0.211847, -0.00100233, -0.00342271, 0.211671, 0.00343211, 0.00118878, 0.21189, -0.00103654, 0.00109861, 0.212008, 0.00209936, -2.33036e-05, 0.21212, -0.0035994, 0.00166672, 0.212319, -0.0010797, 0.00156119, 0.212449, 0.00154986, -0.00130351, 0.212765, 0.00317075, -0.00525809, 0.21278, -0.00719894, 0.0028564, 0.212363, 0.00547031, -0.000791484, 0.212308, 0.00241334, 0.00258992, 0.212194, -0.00433231, 0.00185906, 0.212005, 0.00377372, -0.000530423, 0.2121, 7.41238e-05, -0.00241189, 0.211871, -0.00680562, 0.00209361, 0.212141, -0.00167513, 0.000642673, 0.212207, 0, 0, 
0.211845, -0.000903044, 0.00139291, 0.211779, 0.00187381, -0.00165024, 0.211587, 0.000955619, -0.0021296, 0.212003, -0.0064233, 0.00146677, 0.212378, 0.00576905, 0.00366069, 0.212539, -1.71915e-05, -0.00211969, 0.212613, -0.00180602, -0.00149038, 0.212404, 0.00106523, 0.00297179, 0.211969, -0.00142108, 0.00250476, 0.212107, -0.00129577, -0.00445386, 0.212433, -0.00113411, 0.00152871, 0.211969, 0.00299193, -0.00185955, 0.212375, 0.000444462, 0.00287365, 0.212322, -0.00204583, -0.00390129, 0.212148, -0.00072279, -0.00445701, 0.212519, -0.00185877, 0.00787543, 0.212558, -0.000533978, -0.0014173, 0.212458, 0.00123679, 0.00242434, 0.211957, 0.00054684, 0.00079351, 0.212056, -0.00021883, -0.00379547, 0.212128, 0.00106159, -0.0015586, 0.212125, 0.00342604, -0.00130682, 0.212088, 0.00147298, 0.0026371, 0.212397, -0.00444842, 0.00285717, 0.21243, 0.00187206, -0.00288835, 0.212214, 0.000761338, 0.000145174, 0.212005, -0.00615966, 0.0019982, 0.212133, 0.00655379, -0.00280323, 0.212143, -0.0020128, -0.000651136, 0.2119, -0.00308517, 0.0032635, 0.21193, 0.000646618, 0.000221555, 0.212049, 0.00218024, -0.00211343, 0.21229, -0.00354674, 0.00264956, 0.212103, 0.00452959, -0.00591751, 0.211908, -0.00280391, 0.00267346, 0.211871, -0.00588978, 6.55581e-05, 0.212285, -0.000812472, 0.00266752, 0.212287, 0.00482743, -0.00142501, 0.212146, 0.0026007, -0.000154278, 0.212619, -0.00205856, -0.00275987, 0.212874, 0.000460994, -0.00144465, 0.212672, 0.000257319, 0.000841111, 0.212165, 0.000263925, 0.00231122, 0.211935, -0.002592, -0.000197086, 0.212113, 0.00334266, -0.00166302, 0.212308, -0.00293248, 0.00263551, 0.211989, -0.00182234, 0.000111872, 0.211835, 0.00254893, 0.00339347, 0.211889, -0.000210539, 0.000473287, 0.211906, 0.000482652, -0.00111277, 0.212119, 0.000778404, 0.00083892, 0.212291, -0.00198177, -0.0012647, 0.212387, 0.00197742, -0.00395852, 0.212302, -0.000725605, 0.00132952, 0.212207, 0, 0, 
0.21262, 0.00157385, 0.00514924, 0.212385, -0.00171725, -0.00301223, 0.212122, -0.00251196, 0.00208169, 0.21193, 0.00513608, -0.00233194, 0.212297, 0.00126429, -0.00309794, 0.212448, -0.00129546, 0.00493826, 0.212411, -0.000194273, -0.00340959, 0.212681, 0.000514297, 7.29399e-05, 0.212526, -0.00741341, 0.00307206, 0.212058, 0.00440685, 0.0022773, 0.211562, -4.07634e-05, -0.00159344, 0.211993, -0.00226431, -0.00354704, 0.212162, 0.00168151, 0.00164781, 0.211883, -0.000439635, 0.000769604, 0.211743, -0.0028162, 0.000373304, 0.211647, 0.00586058, -0.00237958, 0.212069, 0.0045457, 0.000366676, 0.212279, -0.00615848, 0.00182491, 0.212551, -0.00567169, -0.00266025, 0.212397, 0.00420832, -0.00174407, 0.212171, 0.000459797, 0.00444633, 0.212, 0.000647547, -0.0011856, 0.212209, 0.00018168, 0.00155713, 0.212111, 0.000899402, -0.00398574, 0.212044, -0.00124849, 0.00109236, 0.212014, 0.00146401, 0.00494749, 0.212072, 0.000262738, 0.000610046, 0.212421, -0.00249001, -0.00244678, 0.212122, 0.00226358, -0.00177126, 0.212233, -0.00320389, -0.00210603, 0.212548, 0.00115315, 0.00166258, 0.212505, -0.00475127, 0.00149333, 0.21251, 0.00448658, -0.00156053, 0.212578, -0.00189831, 0.00456793, 0.212106, -0.000198777, -0.00326399, 0.212416, 0.00130741, -0.00350692, 0.212248, 0.00123593, -0.000669525, 0.21175, -0.00135425, 0.000276212, 0.21216, -0.00360104, 6.56061e-05, 0.212128, 0.00285863, 0.00123474, 0.212496, -0.00134574, 0.000894164, 0.21236, -0.00426697, 0.0026232, 0.212331, 0.00460364, -0.00374975, 0.212667, -0.000291779, 0.00161237, 0.21246, 0.00163929, 0.00623674, 0.212209, 0.0020082, -0.00403593, 0.212124, -0.00201408, -0.00193343, 0.212175, -0.00058353, -0.000303643, 0.212561, 0.000305532, -0.00153668, 0.212087, -0.000208741, 0.000532349, 0.212065, -0.00354035, -0.00105522, 0.211968, 0.0016186, 0.00139064, 0.211872, 0.00579933, 0.00383444, 0.211996, -0.0016218, 0.00216532, 0.211701, -0.00265541, -0.00210356, 0.211889, 0.000859596, -0.00166829, 0.211906, -0.00190906, 0.000411921, 0.212207, 0, 0, 
0.211712, 0.00240572, 0.00414557, 0.212357, 0.00211236, -0.00358575, 0.212457, -0.00348196, 0.00227922, 0.212251, -0.00399794, -0.00185902, 0.212683, 0.00279791, 0.00304628, 0.21248, 0.0023384, -0.00156666, 0.212348, -0.00170403, -0.00181591, 0.212216, -0.00238392, 0.00166624, 0.211923, 0.00371658, -0.000693163, 0.211954, -0.00491023, 0.00410663, 0.211874, 0.00601735, -0.00458799, 0.212252, 0.00087435, -0.00209623, 0.212429, -0.00465109, 0.00192416, 0.212087, 0.00045263, -0.00293348, 0.212337, 0.00110707, 0.00177583, 0.212048, -0.000369516, 0.00337952, 0.211916, -0.00158368, 0.000112415, 0.212146, 0.00179953, 0.000183457, 0.212037, 0.00282119, -0.00256415, 0.212727, -0.00291781, -0.000533913, 0.212773, 0.00122405, 0.000765966, 0.21277, 0.000563383, 6.82558e-05, 0.212798, 0.000383307, -0.00225494, 0.212715, -0.00635727, 0.00563693, 0.212691, 0.00207785, -0.00265719, 0.212361, -0.0011432, -0.00111005, 0.212434, 0.000306817, 0.00330468, 0.212022, 0.0040669, 0.00190589, 0.211694, -0.00306783, -0.00395511, 0.211866, 0.000695355, -0.00238246, 0.211976, 0.000931002, 0.00141438, 0.211879, 0.00372448, 0.00126675, 0.21223, -0.00462327, -0.00356483, 0.212444, -0.00480901, -0.00114584, 0.212835, 0.00188822, 0.00313762, 0.212525, 0.000530629, 0.00228402, 0.211904, 0.00144507, -0.00307574, 0.211688, 0.00450882, 0.00178513, 0.211792, -0.00543739, 0.00195143, 0.212123, -0.00423726, -0.00331645, 0.212348, 0.00271183, 5.14242e-05, 0.212748, -0.00258738, 0.00352373, 0.212326, 0.00260391, -0.00267386, 0.212146, 0.00488367, -0.00161987, 0.212257, -0.00521282, 0.000101455, 0.212337, 0.00295153, -0.00117521, 0.212019, -0.000286815, 0.00150299, 0.212218, -0.00120537, 0.00139205, 0.21229, -0.000985616, 0.000322882, 0.212172, -0.000700114, -0.00151092, 0.212934, 0.00305757, 0.000628009, 0.212942, 0.00382004, 0.00233528, 0.213071, -0.00157374, 0.00101358, 0.212656, -0.00178253, -0.00397746, 0.212425, -0.000299996, 0.00247051, 0.212558, -0.000569505, 0.00414015, 0.212274, -0.00145849, 5.63678e-05, 0.212236, 3.57332e-05, -0.0060237, 0.212231, -0.00156648, 0.00172682, 0.212198, 0.00263118, 0.00311789, 0.212207, 0, 0, 
0.21221, 6.44335e-05, 0.000849506, 0.212283, -0.000206294, 0.00117824, 0.212598, -0.00149641, 0.00101561, 0.212197, 0.00193157, -0.00436868, 0.211868, -0.00303923, -0.0013622, 0.211936, 0.000266353, 0.00465037, 0.211847, 0.00332498, 0.000465616, 0.212378, -0.00224164, -0.00180907, 0.212279, -0.00143895, -0.000487994, 0.212228, 0.004169, -0.000431021, 0.212848, 0.00166121, 7.83872e-05, 0.21264, -0.00262844, -0.00116575, 0.212105, -0.00121232, 0.00167833, 0.211642, 0.00157345, -0.00079046, 0.211597, 0.00235874, -0.0020077, 0.211664, -0.00345712, -0.000532741, 0.21139, -0.00028677, 0.00138801, 0.211536, -0.000997013, 0.003182, 0.211808, -0.000446321, -0.00190728, 0.212122, 0.00284947, 0.00214602, 0.212004, -0.00125926, 0.000765114, 0.212113, 0.000994658, -0.00171275, 0.212717, 0.00217652, -0.000617409, 0.212394, -0.00426511, 0.00125127, 0.212348, -0.006868, 0.00163079, 0.21242, 0.00677324, -0.00470672, 0.212297, 8.90761e-05, 0.000445827, 0.212279, 0.000559872, -0.00189013, 0.212169, 0.00168269, -0.00308515, 0.212318, -0.00174133, 0.0048582, 0.212038, -0.0013349, 0.00446393, 0.212294, -0.00149468, -0.00247345, 0.212518, -0.00185238, -0.00055459, 0.212741, 0.00157272, 2.61614e-05, 0.212713, 0.000613052, 0.00283698, 0.212528, 0.00248947, -0.00256611, 0.212136, -0.000735242, -0.00248271, 0.211835, -0.000756107, 0.00178799, 0.212018, 0.00048802, 0.00436514, 0.211938, -0.0010111, -0.00570824, 0.212692, -0.00367732, -0.00144882, 0.212707, 0.00170973, 0.000472779, 0.212361, 0.000380857, 0.000837554, 0.211952, 0.000101561, -0.000112701, 0.211599, 0.00179173, 7.89428e-05, 0.211701, -0.00161575, 0.00114447, 0.211767, 0.00328276, -0.00145804, 0.212148, -0.00164261, 0.00196756, 0.212277, -0.00140878, 0.00287498, 0.212572, 0.000918657, -0.00111121, 0.212721, -0.00147524, -0.00429282, 0.212563, 0.000362283, 0.00115416, 0.212009, 0.00402497, 0.00354866, 0.212031, -0.000752425, 1.17385e-05, 0.212017, 0.00151227, -0.00225114, 0.212018, -0.00155959, 0.00381227, 0.211978, -0.00577512, -0.00112365, 0.212158, -0.00110083, 0.00123186, 0.212409, 0.00565895, -0.000523416, 0.212489, -0.00123733, 0.00221406, 0.21243, -0.00104673, -0.00420571, 0.212454, -0.000177577, -0.00189484, 0.212207, 0, 0, 
0.212542, -0.00524884, -0.00398011, 0.212421, -0.000837817, 0.00342609, 0.212493, 0.000363876, 0.000362637, 0.21226, 0.00257155, 0.000205998, 0.211705, 0.00438783, -0.00235306, 0.211779, -0.00462709, 0.00112481, 0.211971, -1.52143e-05, -0.0016048, 0.212113, 0.00389779, -0.00149539, 0.212357, -0.00466366, 0.0029728, 0.212326, -0.000234374, -0.000883505, 0.212188, -0.00149515, -0.00348164, 0.21184, 0.00471645, 0.00151271, 0.211827, 0.000681683, 0.00276916, 0.212171, 0.00121784, -0.000135251, 0.212677, -0.00315932, 0.000401884, 0.212719, 0.000932325, -1.22004e-06, 0.212449, -0.00102893, 0.00235739, 0.212092, -0.00011709, -0.0021713, 0.21204, -0.000488199, -0.00392644, 0.21201, -0.000311422, -0.000780391, 0.211748, 0.00118545, 0.00310476, 0.211984, -0.000437038, -0.00291935, 0.211831, -0.00397582, 0.00483801, 0.2122, 0.00335556, -0.00148328, 0.2124, 0.000706459, -0.00142591, 0.212139, -0.00308148, -0.000749697, 0.212275, 0.00204475, -5.3044e-06, 0.212104, -0.0026079, 0.00339681, 0.212561, 0.00396154, -0.000575605, 0.21269, -0.00279152, -0.000576156, 0.212391, -0.00180817, 0.0012084, 0.212571, 0.000924582, -0.000391498, 0.212885, 0.000142788, -0.000900675, 0.213081, -0.00146754, -3.52535e-08, 0.212381, 0.000912421, -0.000528651, 0.21168, -0.00117505, -0.00227878, 0.21148, 0.00271532, -0.00103606, 0.211911, 0.00130929, 0.00383101, 0.212343, -0.000350853, -0.00147158, 0.212207, -0.00330644, 0.00304275, 0.212466, 0.000950163, -0.00157308, 0.212756, -0.00126519, 6.53458e-05, 0.212193, -0.00181949, 0.00132066, 0.212063, 0.00466702, -0.00441623, 0.212034, 0.004879, -0.000539692, 0.211996, -0.0037608, 0.000657019, 0.21193, -0.00238843, -0.000950993, 0.211948, -0.00212847, 0.00456521, 0.212501, -0.000316687, 0.00189563, 0.212742, 0.0048213, -0.00259193, 0.212505, -0.00219281, 0.000163336, 0.212013, -0.00368841, 0.0023171, 0.212146, 0.00361594, -0.0008628, 0.212267, 0.00217702, -0.00153668, 0.21192, -0.00208269, 0.00179988, 0.211717, -0.00078293, -0.00455097, 0.211808, -0.000580803, 0.00202969, 0.212445, 0.00396504, 0.00246635, 0.212526, -0.0041015, -0.00115917, 0.212441, -0.00246328, 0.000579073, 0.212251, 0.00497637, 0.00237192, 0.212607, -0.00129876, -0.000582413, 0.212699, -0.0041384, -0.00115167, 0.212249, 0.00157517, 0.0022966, 0.212196, 0.00229448, -0.000668427, 0.212207, 0, 0, 
0.212105, -0.00275582, -0.000216415, 0.212073, -0.00114556, 0.000111923, 0.212426, 0.00323673, -0.00322113, 0.212201, 0.000611981, 0.000105028, 0.212089, -0.000708192, 0.00540086, 0.212613, 0.0016661, -0.00190065, 0.213016, -0.00576725, 0.000522255, 0.213058, -0.000569019, -0.00128191, 0.2122, 0.00382074, 0.00215126, 0.212018, -0.0056251, 0.000814061, 0.212101, 0.00619734, -0.00316413, 0.212254, 0.00157837, -0.000628481, 0.212022, 0.000615255, 0.00207082, 0.211784, 0.00196578, 0.000704843, 0.212, -0.00213617, -0.00212972, 0.212227, -0.00590812, 0.00287606, 0.212235, 0.00383821, -0.00238248, 0.211878, -0.00336154, -0.0043125, 0.21202, 0.00211919, 0.00118783, 0.212185, 0.0029154, 0.00316864, 0.212243, -0.000433358, -0.00302184, 0.212624, -0.000487808, 0.00210152, 0.21266, -0.0012565, -0.000267853, 0.212727, 0.000142418, 0.00173484, 0.212232, 0.000556343, -0.00124616, 0.212061, -0.00584672, 0.00142878, 0.212411, -0.001566, -0.000583384, 0.212301, 0.00282007, 0.000781492, 0.212401, 0.00400918, -0.00440032, 0.212486, 0.000478404, 0.00166834, 0.212352, -0.00732846, 0.00235401, 0.212084, 0.00485241, -0.00184094, 0.211934, 0.000386711, 0.0040373, 0.212451, -0.00176864, -0.00139077, 0.212501, -0.000857032, -0.00345137, 0.21213, -0.000109929, 8.49539e-05, 0.212004, 0.002024, 0.00178223, 0.211709, -0.00253813, -0.000735404, 0.211927, 0.000133586, -0.00435605, 0.212091, 0.00377548, 0.00436629, 0.212178, 0.000105774, 0.000184642, 0.212732, -0.00184859, -0.00223191, 0.212475, 0.00137401, 0.00283809, 0.212401, 0.000976485, -0.000244576, 0.212502, -0.0034203, 0.00294979, 0.21231, 0.00229352, -0.00045881, 0.212099, -0.00330146, -0.00168119, 0.211831, 0.000159782, -0.000949628, 0.211998, 0.00258534, -0.000123323, 0.212436, 0.00220526, 0.000271467, 0.212285, -0.00103588, -0.00158975, 0.212073, -0.00632252, 0.000617414, 0.212274, 0.000972676, -0.00135872, 0.212637, 0.0042335, -0.000355459, 0.212726, -0.00265487, 0.00408538, 0.2127, 0.00028977, 0.0010272, 0.212601, 0.00116636, 0.00133235, 0.212508, -0.00152387, -0.00110514, 0.21253, 0.00248186, -0.00158075, 0.212225, -0.00117034, -0.000337427, 0.212499, -0.00234649, 0.00291549, 0.212141, 0.00272367, -0.00171766, 0.212182, -0.00121613, -0.000869962, 0.212, -0.00353903, 0.00234339, 0.212381, 0.00251909, 0.00100429, 0.21251, 0.00396997, -0.00278158, 0.212702, -0.00278249, -0.00116303, 0.212535, -0.00452873, 0.00454498, 0.212207, 0, 0, 
0.212326, -0.00722322, -0.00162722, 0.212078, 0.00466092, 0.0015013, 0.21181, -0.00141028, -0.00140732, 0.211513, 0.000756418, -0.000728223, 0.211699, 0.000457785, -0.000645646, 0.212022, -0.00156797, 0.00317378, 0.212108, 0.00577685, -0.00188745, 0.212894, -0.00505472, 0.000652294, 0.21267, -0.00585942, 0.000993557, 0.212253, 0.00252464, 0.00146489, 0.212251, 0.00244373, -0.000247413, 0.211627, 0.000858665, 0.00030278, 0.211755, -0.000954318, -0.00222282, 0.211876, 0.0018369, -0.00241978, 0.212015, 0.00101608, 0.000829968, 0.212224, -0.00173761, 0.000969742, 0.212054, -0.00367271, -0.000696587, 0.212227, 0.00224576, -0.000989613, 0.212592, 0.00339886, 0.00398449, 0.21289, 0.00113852, -0.00118742, 0.212859, -0.00282741, -0.00445216, 0.212469, 0.000200359, 0.00415022, 0.212068, 0.000318069, 0.000461026, 0.211583, -0.00334954, -0.00499049, 0.212017, -0.00340096, 0.00389327, 0.212821, 0.00313879, -0.000239763, 0.212857, 0.00114747, 0.0018306, 0.212611, -0.000147808, -0.00162439, 0.21225, 0.00167746, -0.00206152, 0.212109, -0.00305533, 0.00272434, 0.211999, -0.00312717, 0.000591338, 0.21189, 0.00185218, -0.00242238, 0.212168, 0.00120002, -0.00271112, 0.212079, -0.00168988, 0.00278095, 0.211929, 0.00160511, -0.00021262, 0.2122, 0.00235031, -0.00158005, 0.212473, -0.00340938, 0.00468175, 0.21221, 0.00154604, -0.00172975, 0.212037, -0.000458085, 6.77314e-05, 0.212444, 0.00190249, 0.00127381, 0.212284, 0.000659621, 0.000711273, 0.212313, 0.00133625, -0.00311838, 0.212582, -0.00393212, 0.000289217, 0.211866, -0.00191831, 0.000631681, 0.212185, 0.00139833, -0.00220045, 0.212476, -0.000982844, 0.000680851, 0.212301, 0.00289675, 0.00197777, 0.212277, -0.00193094, 0.000946677, 0.212005, 0.00337503, -0.00239466, 0.211799, 0.00106799, 0.0006843, 0.211985, -0.00175847, 0.000896811, 0.211967, -0.00430234, -0.000941132, 0.21239, -0.00100954, 0.000906424, 0.212455, 0.00342959, -3.93072e-05, 0.212389, -0.0022918, 0.00298896, 0.21199, -0.000305654, -0.000237602, 0.212223, 0.000626632, -0.00732961, 0.212218, 0.000481392, 0.00314219, 0.212085, 0.00242492, -0.00126136, 0.212207, -0.00322466, 0.00399952, 0.212081, 0.00352906, -0.000649958, 0.212216, -0.00167166, 0.00137741, 0.2123, -0.00363126, 0.00480993, 0.212279, 0.00228011, -0.00359326, 0.211641, -0.00284677, -0.00562029, 0.211634, 0.0022407, 0.00368712, 0.211857, -5.65361e-05, 0.00433569, 0.212194, -0.00107823, -0.000563306, 0.212602, 0.00171916, -0.00235159, 0.212353, 0.000435797, 0.000136619, 0.212207, 0, 0, 
0.212049, -0.00220707, 0.00332212, 0.211964, 0.00136822, -0.00152873, 0.211563, -0.00216495, 0.00200477, 0.212047, 0.00418666, 0.000151594, 0.212607, -0.000623855, -0.0033802, 0.212446, -0.00249334, -0.00263628, 0.212427, 0.00180649, 0.00397228, 0.21204, -0.00075354, -0.00204411, 0.212199, -0.00561406, -0.000127483, 0.212197, 0.00234258, 0.00145948, 0.212413, 0.00463838, -0.00122468, 0.212666, 0.0047661, 0.00198018, 0.21228, -0.00937083, 0.00140624, 0.212738, -0.000386254, -0.00322438, 0.212755, 0.00330757, 0.000715522, 0.212114, -0.000295912, -0.00039238, 0.212223, -0.000705141, 0.00183134, 0.212178, -0.00128937, 0.000778114, 0.212227, 0.00163126, 0.000491408, 0.212461, 0.00329248, -0.00135557, 0.211939, -0.00289514, -0.00139866, 0.211592, -0.00322316, 0.00060696, 0.211597, 0.00284266, -0.000142932, 0.212157, 0.000840189, -0.00141789, 0.212387, -0.000949548, -0.000295994, 0.211931, -0.000474479, 9.10675e-05, 0.212454, -0.00112158, 0.00125919, 0.212646, 0.00344491, -0.00341218, 0.212207, -0.00341477, 0.00432139, 0.211862, -0.00520583, -0.000795596, 0.211825, 0.0035233, -0.00274351, 0.211979, 0.00171497, 0.00252198, 0.211975, 0.000995837, -0.00146065, 0.21186, -0.00274375, 0.00234988, 0.211895, 0.000835091, 0.000828355, 0.212149, 0.00258767, -0.00414251, 0.212056, 0.00090939, 0.00343092, 0.212137, -0.00417045, 0.00255878, 0.212636, 0.00110894, -0.00325358, 0.212452, -0.00365671, 0.00119356, 0.212117, 0.0038064, -0.00278275, 0.211985, -0.00178429, 0.000658283, 0.212466, 0.00102039, -0.000527576, 0.212116, 0.00650894, -0.000988884, 0.212006, -0.00184033, 0.00358067, 0.211981, -0.00333363, 0.00282577, 0.212234, -0.00124284, -0.0032112, 0.212761, -0.000124377, 0.000258519, 0.212667, -0.00169085, -0.00175255, 0.212402, -0.000237472, -0.00315714, 0.211728, 0.000288523, 0.00257109, 0.211583, 0.00222698, 0.00321363, 0.211871, 0.00170291, 0.000667249, 0.212127, 0.00157352, -0.00219503, 0.212078, -0.00325624, 0.000609421, 0.212256, -0.0013386, -0.0015945, 0.212406, 0.000874708, -0.00163113, 0.212328, -0.00255164, 0.00331025, 0.212148, 0.000229954, 0.00241074, 0.212435, 0.000459466, -0.00459979, 0.21252, -0.00194847, 0.00268556, 0.21268, 0.00120347, 0.0009436, 0.212568, 0.000984075, 1.43189e-05, 0.212382, 0.00169031, -0.00111287, 0.212051, -0.000805179, 0.00162406, 0.212137, -8.59778e-05, 0.000434418, 0.212487, -0.000654377, -0.00121023, 0.212505, 0.000303254, -9.30613e-05, 0.212212, 0.00187539, 0.000664334, 0.212076, -0.00713838, 0.000941636, 0.211868, 0.00420699, -0.000100339, 0.211561, 0.00173357, -0.00288822, 0.211744, 7.66891e-05, 0.00136908, 0.212207, 0, 0, 
0.212362, -0.00110186, 0.00290954, 0.212151, 0.00158585, -0.00281145, 0.212067, 0.000853814, -0.000624859, 0.212146, -0.00270681, 0.00297781, 0.212057, -0.00198976, 0.000277743, 0.212358, 0.00216908, -0.00056415, 0.21308, 0.00275204, 0.000357051, 0.213198, -0.0024564, -0.000350657, 0.212723, -0.000723927, 8.3108e-05, 0.212048, -0.00132741, -0.0031618, 0.21201, 0.00810388, -0.00093851, 0.212111, -0.00456194, 0.00221438, 0.21188, -0.00455901, -0.00176427, 0.212376, 0.000230947, 0.00223585, 0.212466, 0.0027198, 0.000753127, 0.212436, -0.00142432, 0.00011904, 0.212523, 0.00177747, 0.00244239, 0.212427, -0.000765188, -0.00209728, 0.212067, -0.000551383, -0.00147379, 0.211349, 0.000219453, 0.00126652, 0.211904, -0.000124476, 0.000805965, 0.212393, 0.00042979, -9.62616e-05, 0.212512, -0.00215289, -0.00559673, 0.212713, -0.00134103, 0.00616973, 0.212102, 0.00109035, 0.000315475, 0.212271, 0.00108233, -0.00713384, 0.212397, 0.00307242, -0.0012858, 0.212116, -0.000296516, 0.00626388, 0.212176, 0.00262326, -0.00134093, 0.212091, -0.0047213, 0.0023713, 0.21205, -0.0038199, -0.00194351, 0.211913, 0.00302902, -0.00254263, 0.212272, 0.000609857, 0.00212753, 0.212499, -0.00177748, 2.37964e-05, 0.212758, -0.00393643, 0.000957907, 0.212929, 0.00595796, 0.00122568, 0.212271, 0.00178814, 0.000158081, 0.212213, 0.00100441, -0.000856322, 0.212066, -0.00519489, -0.00211403, 0.211793, -0.00201893, -0.000425201, 0.212311, 0.00254782, 0.00168508, 0.212435, -0.000407919, -0.000280203, 0.212102, 0.00038048, 0.000203938, 0.212379, 0.0019934, 0.00286899, 0.21217, -0.000859761, 0.00116818, 0.212465, 0.00169387, -0.00429805, 0.212259, -0.00242788, 0.00167761, 0.212355, -0.000957764, -0.00277726, 0.212323, 0.00178132, 0.000812009, 0.21218, -0.00199842, 0.0013211, 0.211949, 0.00267018, -0.00286699, 0.211814, -0.00132105, 0.00304258, 0.211796, 0.00158555, 9.99818e-05, 0.211732, 0.000438262, -0.00177366, 0.21197, -0.0071196, 0.0017576, 0.212411, 0.00078714, 0.000123159, 0.212262, 0.00274947, -0.00110712, 0.21214, 0.000290329, 0.00170906, 0.212133, 0.0014359, 0.00198693, 0.212012, -0.00137271, -0.0031184, 0.212125, -0.00230452, 0.00269505, 0.212227, 0.00181452, 0.000204886, 0.212217, 0.00184956, -0.00382028, 0.211995, -0.00417803, 0.00101663, 0.212234, 0.00265378, 0.00120721, 0.212726, 0.00145419, 0.000287937, 0.21258, -0.00175115, -0.00334065, 0.212087, -0.000463831, 0.00130309, 0.212619, -0.00170481, 0.00220074, 0.212839, 0.00235411, 0.00174017, 0.212419, -0.00313688, 0.00108958, 0.212212, 0.00261347, -0.00366476, 0.212707, -0.000547389, 0.00395646, 0.212696, 0.00200127, 0.000435582, 0.211765, -0.00120853, -0.00200678, 0.212286, -0.00704575, 0.00255234, 0.212207, 0, 0, 
