0.0884194, 0, 0, 0.0884194, 0, 0, 0.0884194, 0, 0, 0.0884194, 0, 0, 0.0884194, 0, 0, 0.0884194, 0, 0, 0.0884194, 0, 0, 0.0884194, 0, 0, 
0.0840669, 0.0215341, 6.17894e-17, 0.0840948, 0.0218995, -2.65274e-17, 0.085429, -0.0385756, -3.48404e-17, 0.0867681, -0.0480768, 1.00796e-17, 0.0841303, -0.0299666, -4.07819e-17, 0.083807, -0.0257915, 2.54307e-17, 0.0868516, 0.000546879, 5.25861e-17, 0.0875948, 0.00235786, 4.60606e-17, 0.0876102, 0.000721179, -8.3025e-20, 
0.0872206, 0.0176007, -3.73526e-06, 0.08987, 0.00254618, -4.65846e-06, 0.0921723, -0.0108125, -6.054e-06, 0.0943822, -0.0239316, -8.75156e-06, 0.0963955, -0.0409208, -9.32848e-06, 0.0964843, -0.0468755, 8.82969e-05, 0.0964714, -0.0469553, -0.000291774, 0.11575, -0.00544727, -0.00718154, 0.0791556, -0.0453346, -8.52971e-05, 0.0833929, -1.25304e-05, 0.000367558, 
0.0594574, 0.0327471, -0.00215949, 0.0727124, -0.0154649, 0.00210718, 0.0782653, -0.0339822, 0.00281031, 0.0698194, -0.000352097, -0.0023927, 0.0670861, 0.0262061, -0.0053573, 0.0661597, 0.00616235, -0.00279149, 0.0592199, -0.0377293, 0.000898323, 0.0551347, -0.0527328, 0.00292152, 0.0753093, -0.0124848, 0.000269314, 0.0875044, 0.00073826, 4.40032e-05, 
0.097041, 0.0017131, 0.002027, 0.0948452, 0.010524, 0.000325999, 0.0941259, 0.0133845, -0.00106099, 0.0967917, 0.00245173, -0.00162383, 0.101965, -0.0256645, -0.00116116, 0.104231, -0.0556671, -0.0015327, 0.101902, -0.0900333, -0.00370055, 0.10051, -0.0951149, -0.00739854, 0.216351, 0.0581784, -0.0180331, 0.0719915, -0.151439, -0.00399954, 0.0850379, 0.000215129, 0.000253468, 
0.0586413, 0.0309735, 0.00027235, 0.0659011, 0.00492746, 0.000489296, 0.0772954, -0.0298904, 0.00100062, 0.0737872, -0.019684, -0.000331068, 0.0655348, 0.0151188, -0.00275474, 0.0661035, 0.00843721, -0.00293014, 0.0645716, -0.0126105, -0.00290516, 0.0615765, -0.0242435, -0.00278473, 0.0403618, -0.0682015, 0.000696633, 0.0521603, -0.0470838, 0.000848952, 0.0875711, 0.000606952, 9.10712e-05, 
0.0869947, 0.00959388, 0.00186079, 0.0873516, 0.00865445, 0.00119733, 0.0847344, 0.0159764, -6.62819e-05, 0.0861441, 0.01155, -0.000912208, 0.0920014, -0.0135886, -0.00139368, 0.0950585, -0.0359563, -0.00280994, 0.095918, -0.0658556, -0.00613138, 0.0911914, -0.107208, -0.00975551, 0.130972, -0.0173267, -0.0119303, 0.154087, 0.00286606, -0.013557, 0.0538784, -0.181856, -0.0155329, 0.0864439, 0.000316167, 0.000175082, 
0.057571, 0.0127405, 0.00191105, 0.054813, 0.0210175, 0.00121162, 0.0641999, -0.00495769, -0.000225735, 0.0746666, -0.0303271, -0.00138053, 0.0654155, -0.00551636, -0.0016483, 0.0612981, 0.0137346, -0.00190928, 0.0616085, 0.00309857, -0.00265191, 0.0579621, -0.0191317, -0.00387101, 0.0359243, -0.0767273, -0.00525416, 0.0529517, -0.0446704, -0.00405481, 0.0648505, -0.0281372, -0.00197297, 0.087582, 0.000611507, 0.000134105, 
0.0754651, 0.0104909, 0.0020309, 0.0737532, 0.0142217, 0.00143717, 0.0718289, 0.0185644, 0.000841826, 0.0766395, 0.00647725, -2.01505e-05, 0.0815316, -0.00854788, -0.00105278, 0.0834149, -0.0163137, -0.00247948, 0.0863568, -0.0388522, -0.00551191, 0.0858013, -0.0826303, -0.0104564, 0.079564, -0.107135, -0.0162512, 0.189312, 0.0253505, -0.0114846, 0.0803614, -0.0699421, -0.0180759, 0.0469284, -0.141593, -0.023283, 0.0866937, 0.000426373, 0.000201335, 
0.0538654, 0.00523277, 0.00162232, 0.0473287, 0.0201991, 0.00207048, 0.0490045, 0.0163528, 0.00117284, 0.0638408, -0.0161873, -0.00156523, 0.0681188, -0.0251528, -0.00271087, 0.0583611, 0.00137454, -0.00162051, 0.0575899, 0.0058822, -0.00193145, 0.0572882, -0.00406487, -0.00334477, 0.0477255, -0.0351416, -0.00647932, 0.033074, -0.064949, -0.00810627, 0.0381409, -0.05687, -0.00621061, 0.055178, -0.0328959, -0.0027519, 0.0875918, 0.000740663, 0.000200243, 
0.0629623, 0.0212608, 0.00258633, 0.0643136, 0.0188082, 0.00201945, 0.0686727, 0.0107145, 0.00113001, 0.0722947, 0.00348097, 0.000291442, 0.0724172, 0.00323758, -8.53233e-05, 0.0746257, -0.00295623, -0.00113586, 0.0796582, -0.0243736, -0.00390319, 0.0824483, -0.0570653, -0.00893348, 0.072516, -0.141141, -0.0240628, 0.114256, -0.0492369, -0.0153824, 0.185966, 0.0150704, -0.0132047, 0.0323121, -0.127944, -0.0327654, 0.0584935, -0.07639, -0.0228153, 0.0869483, 0.000444307, 0.000225779, 
0.0489845, 0.00726713, 0.00153727, 0.0451773, 0.0141225, 0.00202112, 0.040313, 0.0232423, 0.00261195, 0.0480482, 0.00835838, 0.000544341, 0.0651031, -0.0233369, -0.00310154, 0.0629817, -0.0190398, -0.00319286, 0.0566888, -0.000483467, -0.00185623, 0.056806, -0.00110943, -0.00259011, 0.0549882, -0.0123158, -0.00544414, 0.0385225, -0.0498727, -0.0101424, 0.039574, -0.0481373, -0.00972929, 0.0228156, -0.0706665, -0.0108867, 0.0412401, -0.0499238, -0.00787105, 0.0878606, 0.000477037, 0.000171989, 
0.0503102, 0.0295018, 0.00356542, 0.0557921, 0.0205872, 0.00242809, 0.0636649, 0.00768867, 0.000966685, 0.0653701, 0.00485422, 0.000537825, 0.0643343, 0.00667132, 0.000738073, 0.0684144, -0.00152568, -0.000178222, 0.0724159, -0.0124111, -0.00195018, 0.0750906, -0.026371, -0.00488538, 0.072374, -0.10953, -0.0220383, 0.0662307, -0.138571, -0.030308, 0.155508, -0.00222181, -0.0109774, 0.122612, -0.0245269, -0.019831, 0.0176768, -0.12743, -0.044181, 0.0612417, -0.0587747, -0.0237444, 0.0870258, 0.000458186, 0.000271676, 
0.0390175, 0.0156205, 0.00228513, 0.043081, 0.00960375, 0.00157093, 0.0386094, 0.0164005, 0.00252796, 0.0356144, 0.0213045, 0.00286092, 0.0504594, -0.00359804, -0.000873919, 0.063151, -0.0249405, -0.00401298, 0.0575381, -0.0135336, -0.00311253, 0.0552121, -0.00566466, -0.00245677, 0.0552804, -0.00253777, -0.00336176, 0.0496044, -0.0195708, -0.00705696, 0.0322519, -0.0508195, -0.0133613, 0.0103143, -0.0788747, -0.0184388, 0.0255453, -0.0616853, -0.0144206, 0.0590661, -0.0258095, -0.00579863, 0.0878274, 0.000560227, 0.00024479, 
0.0388002, 0.0319134, 0.00419357, 0.0473929, 0.0192855, 0.00243614, 0.0544162, 0.0090228, 0.00102404, 0.0555898, 0.00734503, 0.000871939, 0.055875, 0.0069023, 0.00111864, 0.0603335, -0.000167093, 0.000416079, 0.0636335, -0.00669599, -0.000739235, 0.0660004, -0.0139147, -0.00219943, 0.0696996, -0.0560525, -0.0121755, 0.0606419, -0.137259, -0.0331847, 0.077218, -0.0902735, -0.0260305, 0.166012, -0.000240324, -0.0114409, 0.0570409, -0.0688614, -0.0345171, 0.0318373, -0.0912195, -0.0465369, 0.0570877, -0.058744, -0.0291873, 0.0868786, 0.000537351, 0.00037893, 
0.0295659, 0.0194136, 0.00296418, 0.0365502, 0.0103419, 0.00159832, 0.0375278, 0.00905126, 0.00158106, 0.0314146, 0.0173763, 0.00298459, 0.034973, 0.0122111, 0.00183729, 0.0519334, -0.0131986, -0.00236486, 0.0569753, -0.0212387, -0.00390238, 0.0529163, -0.0124767, -0.002925, 0.0519875, -0.00718185, -0.00292185, 0.0534369, 0.000642828, -0.0030844, 0.0324757, -0.0433919, -0.0140601, 0.0224695, -0.0565339, -0.0183915, 0.0208611, -0.0587558, -0.0169917, 0.0201378, -0.0596972, -0.0166309, 0.0418004, -0.0396742, -0.010264, 0.0879222, 0.000486863, 0.000263848, 
0.0316855, 0.0274836, 0.00374027, 0.0391738, 0.0175605, 0.00222031, 0.042292, 0.0134966, 0.00159917, 0.0449282, 0.0101584, 0.00140808, 0.049535, 0.00440651, 0.0010299, 0.0539947, -0.00146837, 0.000384966, 0.0565883, -0.00543952, -0.000219428, 0.0576941, -0.00771354, -0.000657683, 0.0603961, -0.0192961, -0.00377803, 0.0586086, -0.085294, -0.0227585, 0.0476468, -0.141326, -0.0396882, 0.109475, -0.0360232, -0.0146112, 0.127443, -0.0218071, -0.0185482, 0.0198212, -0.0871833, -0.0493537, 0.0516109, -0.0573081, -0.0439122, 0.0504524, -0.0627096, -0.0380199, 0.0871957, 0.000449661, 0.000381898, 
0.0215896, 0.0209841, 0.00321319, 0.0291018, 0.0121076, 0.00187457, 0.0351027, 0.00510231, 0.000907987, 0.0320137, 0.00869648, 0.00180766, 0.0262823, 0.0158324, 0.00296419, 0.036789, 0.00199399, 0.000363728, 0.0509173, -0.0174985, -0.00297974, 0.050646, -0.0169777, -0.00320845, 0.0496971, -0.0143207, -0.00294333, 0.0498712, -0.00898771, -0.00392235, 0.0430047, -0.0307354, -0.0114766, 0.0411279, -0.0336743, -0.0143705, 0.0287242, -0.0473446, -0.0191196, 0.00473624, -0.0691768, -0.0257734, 0.0151107, -0.0606147, -0.0219628, 0.0439826, -0.0362708, -0.0122483, 0.0879421, 0.000449723, 0.000310202, 
0.0276397, 0.0203536, 0.00259198, 0.0311428, 0.0162186, 0.00198384, 0.0313879, 0.015927, 0.00202661, 0.0351012, 0.0117079, 0.0017004, 0.0426819, 0.00322726, 0.000834528, 0.0472548, -0.00202777, 0.000300837, 0.0498985, -0.0054008, 0.000100358, 0.0515787, -0.00801491, -0.000220987, 0.0515105, -0.00771477, -0.000461556, 0.0536669, -0.0311877, -0.00870947, 0.0444675, -0.11046, -0.0340435, 0.0481447, -0.100488, -0.0332056, 0.124714, -0.0190373, -0.00933616, 0.0719236, -0.046134, -0.0304604, 0.0278858, -0.0684003, -0.0542936, 0.0412414, -0.0581464, -0.0490213, 0.0501578, -0.0487629, -0.0407327, 0.0872099, 0.00046117, 0.000488147, 
0.0167221, 0.0190989, 0.00281532, 0.0219027, 0.0134468, 0.002078, 0.029285, 0.00553536, 0.000936546, 0.0322117, 0.00244603, 0.000716798, 0.0251736, 0.0099092, 0.00229118, 0.0247472, 0.0104089, 0.00227717, 0.0390535, -0.00700666, -0.000758199, 0.0472244, -0.0180629, -0.00271691, 0.0463326, -0.016287, -0.00260807, 0.0486983, -0.0280561, -0.00634842, 0.0503998, -0.0174997, -0.00604805, 0.048354, -0.0225135, -0.0100597, 0.0339276, -0.03995, -0.020353, 0.0123773, -0.0577188, -0.0287708, 0.00602621, -0.0621979, -0.0314817, 0.0174319, -0.0545104, -0.0258602, 0.0438794, -0.0336485, -0.0157537, 0.0879062, 0.000450908, 0.000405038, 
0.0246535, 0.0141683, 0.00137398, 0.0234062, 0.0154564, 0.00179447, 0.023659, 0.0151714, 0.00200922, 0.0281652, 0.0105349, 0.00155713, 0.0352647, 0.00329791, 0.000706304, 0.0396513, -0.00122738, 0.000360497, 0.0426439, -0.0045534, 0.000402884, 0.0456585, -0.00841333, 0.000189119, 0.046316, -0.0096149, 4.26999e-05, 0.0463865, -0.00880734, -0.00103992, 0.0458977, -0.0535398, -0.0177857, 0.0319339, -0.115589, -0.0407606, 0.0686539, -0.0543249, -0.0195999, 0.106671, -0.0264672, -0.0137521, 0.0324491, -0.0586453, -0.0457992, 0.0452969, -0.0462916, -0.0543812, 0.0312122, -0.0571636, -0.0595443, 0.0551197, -0.0323905, -0.0391741, 0.0873284, 0.000367274, 0.000539587, 
0.013595, 0.0158964, 0.00217881, 0.0167377, 0.0127385, 0.00187118, 0.0223654, 0.00717031, 0.00111756, 0.0284588, 0.00131583, 0.000421048, 0.0265878, 0.00302502, 0.00119702, 0.0202146, 0.0092886, 0.00249238, 0.0269933, 0.00200452, 0.001243, 0.040132, -0.0136163, -0.00138937, 0.0438305, -0.0191973, -0.00250426, 0.048552, -0.0335132, -0.00549204, 0.0477616, -0.0135071, -0.00244188, 0.046703, -0.0193718, -0.00716692, 0.036195, -0.0358481, -0.0187976, 0.0269228, -0.0437294, -0.0271027, 0.011557, -0.0534045, -0.0347588, 0.0083818, -0.0549396, -0.0369755, 0.0162192, -0.0506875, -0.032421, 0.0469843, -0.0286428, -0.0183231, 0.0878778, 0.0004093, 0.000504494, 
0.0204101, 0.0106124, 0.000544288, 0.0172332, 0.0135572, 0.00145321, 0.018738, 0.0121159, 0.00158028, 0.0230349, 0.00808161, 0.00112874, 0.0277859, 0.00364483, 0.000599636, 0.0319419, -0.000261688, 0.0003819, 0.0352034, -0.00350447, 0.000508904, 0.0390116, -0.00776278, 0.000564355, 0.0427925, -0.013279, 0.000171744, 0.0404453, -0.00662952, 0.00116085, 0.0420209, -0.0145904, -0.0045009, 0.0336954, -0.0778004, -0.029891, 0.0302145, -0.0874515, -0.0358422, 0.0850398, -0.0306789, -0.00908403, 0.0640235, -0.0394295, -0.0255582, 0.0307128, -0.0472571, -0.0531326, 0.0382677, -0.0402153, -0.0572922, 0.0281015, -0.0440334, -0.0666393, 0.0617872, -0.0174061, -0.0325902, 0.087381, 0.0002667, 0.000611206, 
0.0124528, 0.0138245, 0.00162949, 0.0145488, 0.0118912, 0.00147465, 0.0176405, 0.00906449, 0.00117251, 0.0234608, 0.00387753, 0.000626578, 0.027324, 0.000485092, 0.000731424, 0.0224379, 0.00466819, 0.00212245, 0.0211133, 0.00586527, 0.00270384, 0.0328588, -0.00674542, 0.00106836, 0.0458923, -0.0238445, -0.00162198, 0.0463886, -0.025457, -0.00105105, 0.0462688, -0.0244653, -0.0011516, 0.0460781, -0.032831, -0.00624097, 0.0402419, -0.047248, -0.0173028, 0.0375304, -0.0509433, -0.0287061, 0.028576, -0.0558891, -0.0433436, 0.0215567, -0.0561503, -0.0591709, 0.0261435, -0.0494167, -0.0667803, 0.0443516, -0.035086, -0.0631668, 0.16661, 0.0248647, 0.0116313, 0.0735822, -0.0198778, -0.0582404, 0.0813626, -0.000391023, 0.000367038, 
0.0150368, 0.0091852, 9.89322e-05, 0.0131638, 0.0107356, 0.000925022, 0.0155773, 0.00862155, 0.00104624, 0.0192213, 0.00547367, 0.000726737, 0.0216853, 0.00336036, 0.000498665, 0.0250969, 0.000415353, 0.000352469, 0.0285975, -0.00274389, 0.00038474, 0.0321756, -0.00637476, 0.000648992, 0.0379187, -0.0136528, 0.000604702, 0.0366879, -0.0112003, 0.00106279, 0.0354789, -0.00345937, 0.00109707, 0.0354825, -0.031018, -0.0128577, 0.0218412, -0.0814021, -0.037604, 0.0409325, -0.0528016, -0.0231337, 0.0763207, -0.02951, -0.0085143, 0.034814, -0.0414787, -0.0382061, 0.0364428, -0.0338485, -0.0550661, 0.026636, -0.0345026, -0.0640912, 0.037206, -0.0226448, -0.0621824, 0.0597493, -0.0142475, -0.0350206, 0.0874395, 0.000138662, 0.000663491, 
0.0106026, 0.0111708, 0.000965228, 0.0125306, 0.00953612, 0.000849452, 0.0140625, 0.00823831, 0.000800846, 0.017908, 0.00504709, 0.00052316, 0.0239748, 0.000124559, 0.000309159, 0.0241999, -0.000164675, 0.00116776, 0.01954, 0.00368994, 0.00250379, 0.024298, -0.000979436, 0.00216337, 0.0413547, -0.0210178, -0.00114037, 0.0374451, -0.01468, 0.000944889, 0.0413043, -0.0273405, -0.000992685, 0.0420426, -0.0346393, -0.00456322, 0.0408504, -0.0414025, -0.0101496, 0.0372371, -0.0487171, -0.0216303, 0.0326531, -0.0527755, -0.0370293, 0.0259561, -0.0539252, -0.0562362, 0.0299014, -0.046717, -0.0730085, 0.0327091, -0.0366605, -0.0872409, 0.0908027, -0.0073946, -0.0583972, 0.240324, 0.0420421, 0.0279612, 0.0659139, -0.0209545, -0.162579, 0.0855082, -0.000152137, 0.000326214, 
0.00947076, 0.0088265, -2.67044e-05, 0.0110104, 0.00756055, 0.000335396, 0.0134618, 0.00556838, 0.000501247, 0.0158455, 0.00365242, 0.000454006, 0.0172052, 0.002568, 0.000423554, 0.0198487, 0.000449827, 0.000354668, 0.0233312, -0.00244912, 0.000278086, 0.0261159, -0.00505338, 0.000486714, 0.0313613, -0.0111327, 0.000808279, 0.0330331, -0.013937, 0.000434446, 0.0308583, -0.00738925, 0.00171336, 0.0318401, -0.00429778, -0.000807936, 0.0248581, -0.0471971, -0.0246464, 0.0161953, -0.0664193, -0.0375527, 0.0530957, -0.0317062, -0.00959875, 0.0497174, -0.0324953, -0.0177834, 0.0271366, -0.0329358, -0.045644, 0.0379592, -0.0245084, -0.0529403, 0.0223707, -0.0219157, -0.0704968, 0.0416116, -0.0103806, -0.0571124, 0.0587889, -0.00732946, -0.0362592, 0.0875461, -9.10027e-06, 0.000649191, 
0.00846824, 0.00854836, 0.000264499, 0.0105287, 0.00692697, 0.000236791, 0.0117189, 0.00598561, 0.000314157, 0.0136643, 0.00447433, 0.000284147, 0.0187169, 0.000632609, -5.9756e-06, 0.0231836, -0.00278679, 0.000191331, 0.0203918, -0.000745059, 0.0014353, 0.0180497, 0.00123009, 0.00219266, 0.0308581, -0.0125735, -0.000358821, 0.0295413, -0.010614, 6.19113e-05, 0.0341426, -0.022585, -0.00173632, 0.0353999, -0.030289, -0.00432168, 0.0360154, -0.0292851, -0.00518227, 0.0331891, -0.0371356, -0.0133355, 0.0311399, -0.041053, -0.0254978, 0.027194, -0.043005, -0.0405797, 0.0254091, -0.0404731, -0.0586774, 0.0240794, -0.033718, -0.0774053, 0.0315705, -0.0215311, -0.0871706, 0.153104, 0.00540431, -0.0106302, 0.166757, 0.0274268, -0.00808958, 0.0398669, 0.0214227, -0.207558, 0.0879727, -3.7854e-05, 9.85923e-05, 
0.00510082, 0.00832292, 6.66595e-05, 0.00968624, 0.00489908, -0.000165391, 0.0118453, 0.00326354, -2.57861e-05, 0.012962, 0.00240314, 0.000256286, 0.0142337, 0.00144446, 0.000393158, 0.0160899, 4.76996e-05, 0.000400824, 0.0189014, -0.00214637, 0.000288453, 0.0212372, -0.00416197, 0.000265557, 0.02502, -0.00826658, 0.00057957, 0.0283869, -0.0132196, -0.000163987, 0.027758, -0.0121398, 0.000501043, 0.0261745, 0.000254126, 0.00306887, 0.0263344, -0.0142496, -0.00795135, 0.0132421, -0.0532442, -0.0354447, 0.0216166, -0.0426283, -0.0275661, 0.048922, -0.0270066, -0.00660571, 0.0304035, -0.0297825, -0.0277955, 0.0341029, -0.0227255, -0.0436423, 0.027784, -0.0172424, -0.0565835, 0.0255305, -0.0055477, -0.0694768, 0.0420298, -0.00232032, -0.0540398, 0.0594855, 0.00122611, -0.0332031, 0.0876221, -0.000149502, 0.000625202, 
0.00699655, 0.00651944, -0.000315727, 0.00889728, 0.00511737, -0.000204064, 0.0103706, 0.00402949, -6.08032e-05, 0.0113795, 0.00328197, 0.000107729, 0.014225, 0.00124013, -4.53667e-05, 0.0198923, -0.00282217, -0.00035103, 0.021272, -0.00394609, 0.000275328, 0.0162461, 1.48225e-05, 0.00164813, 0.0188531, -0.00265279, 0.00129696, 0.0253542, -0.0113252, -0.00113384, 0.0280616, -0.0169542, -0.00253174, 0.0293544, -0.0234178, -0.00399635, 0.0295916, -0.0232643, -0.00446933, 0.0286202, -0.0275694, -0.00825368, 0.0266007, -0.0323848, -0.0173662, 0.0266285, -0.0335493, -0.0279292, 0.0243916, -0.0332879, -0.043018, 0.0243656, -0.0285539, -0.0612897, 0.0148372, -0.0195725, -0.0874667, 0.0547239, -0.00826685, -0.0672343, 0.194558, -0.00128463, 0.0156861, 0.0658106, 0.040041, -0.0785065, 0.0293642, 0.0621768, -0.14566, 0.087659, -0.000132655, 0.000242181, 
0.00275767, 0.00708824, 0.000189376, 0.00829038, 0.00321507, -0.000447294, 0.0104511, 0.00168913, -0.000429084, 0.0108879, 0.0013427, 4.96825e-05, 0.0121994, 0.000399397, 0.000353291, 0.013539, -0.000561821, 0.000448446, 0.0153206, -0.00188505, 0.000386704, 0.0173798, -0.00354318, 0.000161279, 0.0198065, -0.00596117, 5.10894e-05, 0.0229418, -0.0102715, -0.000555396, 0.0242578, -0.0129234, -0.00107988, 0.0223723, -0.00603276, 0.00131731, 0.0234292, 0.00182218, 0.0027024, 0.0179748, -0.0248216, -0.0191385, 0.00662662, -0.0462374, -0.0401213, 0.0289802, -0.0275238, -0.0152831, 0.0372659, -0.0248462, -0.0105516, 0.0250079, -0.0227139, -0.0320838, 0.0334801, -0.0155189, -0.0416901, 0.021149, -0.00581657, -0.0610188, 0.0308298, 0.00648184, -0.061777, 0.0404713, 0.00703714, -0.0523587, 0.0605862, 0.00705858, -0.0285654, 0.0877082, -0.00027136, 0.000562433, 
0.0060568, 0.00498274, -0.000689217, 0.00766134, 0.00386247, -0.000452517, 0.00942938, 0.0026376, -0.000270443, 0.0103831, 0.00196651, -2.29594e-05, 0.0115018, 0.00119369, 6.14078e-05, 0.0156819, -0.00165814, -0.000363544, 0.0199088, -0.0046777, -0.000530137, 0.0171112, -0.00266697, 0.000614957, 0.0107567, 0.00314193, 0.00254181, 0.0210242, -0.00998678, -0.00129697, 0.0228327, -0.0126246, -0.00300099, 0.0234598, -0.0150377, -0.0035679, 0.0237446, -0.0199936, -0.00563841, 0.0238931, -0.0206229, -0.00658594, 0.0223606, -0.0245668, -0.0117233, 0.0230608, -0.0257741, -0.0189516, 0.0228496, -0.0261356, -0.0293083, 0.0232626, -0.0237947, -0.0435927, 0.0186845, -0.0163679, -0.0675478, 0.0108912, -0.00347976, -0.0932736, 0.100044, -0.011047, -0.0276506, 0.169975, -0.00443583, 0.00759359, 0.0128508, 0.0813829, -0.125114, 0.0418211, 0.0659443, -0.0720982, 0.0879258, -0.00014736, 0.000175482, 
0.00247093, 0.00517622, 0.000118716, 0.00662806, 0.00242361, -0.000450191, 0.00900088, 0.000851444, -0.000563773, 0.00970689, 0.00035256, -0.000161368, 0.0107997, -0.000405927, 0.000241782, 0.0118411, -0.00113125, 0.000440945, 0.0126674, -0.00172715, 0.000465031, 0.0142228, -0.00291872, 0.000194281, 0.0161844, -0.00466155, -0.000414378, 0.0177189, -0.00668495, -0.000691409, 0.0200178, -0.0104907, -0.00204626, 0.0201631, -0.0114112, -0.00200363, 0.0191394, 0.00133705, 0.00385158, 0.020037, -0.00239428, -0.00182414, 0.00781278, -0.0320543, -0.0327337, 0.00872246, -0.0317338, -0.0334894, 0.0314305, -0.0206797, -0.00735423, 0.0243127, -0.0208115, -0.0188062, 0.0268994, -0.0159204, -0.0309898, 0.0278533, -0.00844704, -0.0419725, 0.0220269, 0.00723179, -0.0598201, 0.031762, 0.0139401, -0.0554122, 0.039492, 0.0174354, -0.0478353, 0.0615266, 0.0104352, -0.0241635, 0.0877864, -0.000368641, 0.000481025, 
0.00539863, 0.00377087, -0.000825215, 0.00680028, 0.00284082, -0.000539413, 0.00853268, 0.00170505, -0.000342635, 0.00983349, 0.000850528, -0.000154942, 0.0103667, 0.00048264, 8.45352e-05, 0.0121033, -0.000662018, -4.93221e-05, 0.0162565, -0.00348998, -0.000662369, 0.0175777, -0.00454345, -0.000474032, 0.00940734, 0.00253202, 0.00211321, 0.015326, -0.00470427, -0.00033883, 0.0179745, -0.00852718, -0.00255433, 0.0184236, -0.0088862, -0.00336582, 0.0192543, -0.0156257, -0.00632951, 0.0193143, -0.0167708, -0.00737679, 0.0192352, -0.0174831, -0.00840098, 0.0185967, -0.0195414, -0.0135373, 0.0200006, -0.0197711, -0.0196918, 0.0205229, -0.0190315, -0.0287596, 0.0220284, -0.0148125, -0.043661, 0.00871975, -0.000846432, -0.0797457, 0.0231937, 0.00587435, -0.0784714, 0.141057, -0.0285582, 0.00284031, 0.0940114, 0.0159403, -0.0233205, -0.000451691, 0.108238, -0.106392, 0.0507456, 0.054674, -0.0395042, 0.0880207, -0.000168926, 0.000135401, 
0.00341527, 0.00309312, -0.000213287, 0.00508064, 0.00203194, -0.00024859, 0.00740324, 0.000570927, -0.000387174, 0.00904558, -0.000467556, -0.000294017, 0.00986795, -0.00101767, 5.9509e-05, 0.0105917, -0.00151678, 0.000337793, 0.0109079, -0.0017485, 0.00043065, 0.0116534, -0.00229214, 0.000230582, 0.0134468, -0.00375591, -0.000660621, 0.0135631, -0.00382187, -0.000842975, 0.0156795, -0.00704824, -0.00218855, 0.0174832, -0.0112878, -0.004076, 0.016328, -0.00564277, -0.000911712, 0.017659, 0.00464527, 0.00537046, 0.0137962, -0.010238, -0.0121311, 0.00237429, -0.0283298, -0.0384029, 0.0145654, -0.0198792, -0.021485, 0.0251249, -0.0177423, -0.0100625, 0.0193651, -0.0156602, -0.022418, 0.0290073, -0.0113004, -0.0275699, 0.0220592, 0.000688697, -0.0442455, 0.0251947, 0.0169637, -0.0534115, 0.0298276, 0.0217944, -0.0510725, 0.0399895, 0.0249904, -0.0400252, 0.0612783, 0.0132097, -0.0208373, 0.087857, -0.000439745, 0.000389549, 
0.00487298, 0.00281684, -0.000739736, 0.00624832, 0.00195153, -0.000499278, 0.0077133, 0.00103542, -0.000313359, 0.00926975, 7.11225e-05, -0.000236266, 0.0099833, -0.000390762, -2.80012e-05, 0.0099068, -0.000366811, 0.00021754, 0.0119945, -0.00173938, -0.000238586, 0.0157767, -0.00447196, -0.00102575, 0.0126742, -0.00190294, 9.28676e-05, 0.0104954, 0.0007903, 0.000757403, 0.0133022, -0.00339178, -0.00122563, 0.0147848, -0.00585299, -0.00320967, 0.0157971, -0.00979438, -0.00565282, 0.0156356, -0.013952, -0.00828663, 0.016165, -0.012946, -0.00775135, 0.0153786, -0.0145483, -0.0103694, 0.0160582, -0.0150998, -0.0143775, 0.017609, -0.0148275, -0.0192485, 0.0200395, -0.0132216, -0.0262603, 0.0174365, -0.004496, -0.0494627, 0.002135, 0.0170674, -0.0906974, 0.0537067, -0.00269865, -0.0449096, 0.145715, -0.0357215, 0.00625594, 0.0318909, 0.0568416, -0.0530898, 0.0135318, 0.100438, -0.0577403, 0.0474257, 0.0550804, -0.0328215, 0.0878709, -0.000296799, 0.000160624, 
0.00447318, 0.00147985, -0.000578959, 0.0042237, 0.0015921, -3.06991e-05, 0.00593924, 0.00055317, -3.4466e-05, 0.00830085, -0.000855161, -0.000245493, 0.00922372, -0.00142903, -9.59017e-05, 0.0096352, -0.00171503, 0.000168541, 0.00983006, -0.00186162, 0.00028032, 0.00981973, -0.00183567, 0.000182072, 0.0109483, -0.00265745, -0.000674906, 0.0108881, -0.00235907, -0.00109363, 0.0119781, -0.00384968, -0.00192132, 0.0139425, -0.0075161, -0.00419436, 0.0146289, -0.0100909, -0.00570202, 0.0142736, 1.0216e-05, 0.0018453, 0.0161502, 0.00409961, 0.0046505, 0.00679789, -0.014279, -0.0233966, 0.00159124, -0.0199514, -0.0361185, 0.0175614, -0.0144131, -0.0137571, 0.0183147, -0.0141166, -0.0152465, 0.021028, -0.0119009, -0.0203401, 0.0262385, -0.00619108, -0.0271377, 0.0204435, 0.0106497, -0.0439776, 0.0265495, 0.0227583, -0.0459663, 0.0278108, 0.0309885, -0.0454665, 0.040689, 0.028719, -0.0322189, 0.0602232, 0.0160515, -0.0173095, 0.0879227, -0.000484301, 0.000293615, 
0.004533, 0.00216392, -0.000483639, 0.00594525, 0.00132053, -0.000354559, 0.00717709, 0.00058288, -0.000215832, 0.00864226, -0.000286147, -0.000194817, 0.00961932, -0.000879343, -0.000111194, 0.00902882, -0.000548879, 0.000259922, 0.00897644, -0.000515526, 0.000274557, 0.0122485, -0.00280449, -0.000760313, 0.0156368, -0.00558717, -0.00198544, 0.00878755, 0.00226079, 0.000672098, 0.00938458, 0.00150547, 0.000140785, 0.0119437, -0.00359195, -0.0027296, 0.0127742, -0.00497896, -0.00437126, 0.0129927, -0.00938867, -0.00749859, 0.0128679, -0.0105756, -0.00873665, 0.013131, -0.0104365, -0.00881912, 0.0126564, -0.011359, -0.0115262, 0.0143807, -0.0112108, -0.014126, 0.0161536, -0.0107159, -0.0169227, 0.0197565, -0.0081514, -0.0240698, 0.00933704, 0.0112502, -0.0629319, 0.00556205, 0.0286185, -0.0855191, 0.0901549, -0.0265867, -0.0140513, 0.107458, -0.0182878, -0.006355, 0.007244, 0.0881834, -0.0536052, 0.0291288, 0.0792414, -0.0282569, 0.0404008, 0.062053, -0.0264953, 0.0880134, -0.000266632, 9.17736e-05, 
0.00486608, 0.000660993, -0.000664777, 0.00423153, 0.000979224, 5.30913e-05, 0.00505319, 0.000485731, 0.000270664, 0.00721756, -0.000758234, 1.03575e-05, 0.00857337, -0.00154926, -0.000102501, 0.00892927, -0.00177951, 1.45568e-05, 0.00910079, -0.0019015, 7.62843e-05, 0.00876404, -0.00164014, 3.52553e-05, 0.00873583, -0.00143853, -0.000557659, 0.00930887, -0.00182059, -0.00130036, 0.00935509, -0.00154671, -0.00170331, 0.0106107, -0.00349617, -0.00327432, 0.0125672, -0.00918042, -0.00712404, 0.0121557, -0.00665767, -0.00498882, 0.0139776, 0.00555784, 0.00721752, 0.0122315, -2.47879e-05, -0.00209865, 0.000527482, -0.0139954, -0.0325979, 0.0051635, -0.0120352, -0.0269453, 0.016679, -0.0113465, -0.01257, 0.0146394, -0.0100937, -0.017806, 0.0233726, -0.0093763, -0.0175185, 0.0218949, 0.000619998, -0.028541, 0.0223306, 0.0181568, -0.0392624, 0.0248141, 0.0282443, -0.0403576, 0.0269834, 0.0383434, -0.0371324, 0.0404774, 0.0308059, -0.025817, 0.0592648, 0.0180288, -0.0131747, 0.0879799, -0.000508773, 0.000200798, 
0.00443049, 0.00174288, -0.000144442, 0.00577882, 0.000972848, -0.000128517, 0.00692442, 0.000315067, -6.86779e-05, 0.00802157, -0.00031694, -2.47927e-05, 0.00894426, -0.000855292, -1.54472e-05, 0.00880864, -0.000792045, 0.000173466, 0.00783463, -0.000185276, 0.000460931, 0.00883524, -0.00084391, -6.38041e-05, 0.0147094, -0.00558351, -0.00258127, 0.00994331, -0.000266371, -0.000749288, 0.0075747, 0.00343588, 0.00044465, 0.00946799, -0.000291454, -0.00160858, 0.0102628, -0.00202587, -0.00315296, 0.0108415, -0.00419609, -0.00533387, 0.0102818, -0.00814743, -0.00892424, 0.0106804, -0.00775999, -0.00874071, 0.0105344, -0.00815799, -0.00976239, 0.0109567, -0.00837081, -0.0118654, 0.0129118, -0.00812791, -0.0130892, 0.0162806, -0.00819613, -0.0121521, 0.0170953, -0.000657876, -0.0280227, 0.0014913, 0.0315846, -0.0776104, 0.023076, 0.0213757, -0.0592881, 0.109913, -0.0425132, -0.00353267, 0.0569906, 0.0169948, -0.0217267, 0.0118264, 0.0889893, -0.0296864, 0.0292857, 0.0710451, -0.0202104, 0.0381303, 0.0610174, -0.0141249, 0.087995, -0.000326273, 5.82583e-05, 
0.00451692, 0.000462218, -0.000367882, 0.0047139, 0.000325015, 2.86196e-05, 0.00492302, 0.000183627, 0.000377114, 0.00607077, -0.000465108, 0.00034593, 0.00764741, -0.00135305, 7.65013e-05, 0.00831872, -0.00174515, -4.41404e-05, 0.00845663, -0.00182797, -9.94073e-05, 0.00818175, -0.00160626, -0.000185459, 0.00721508, -0.000597208, -0.000519177, 0.00799766, -0.00120021, -0.001365, 0.00778204, -0.000405334, -0.00175049, 0.00829289, -0.000872843, -0.00252405, 0.0099162, -0.00484091, -0.00557132, 0.0106048, -0.00832246, -0.00849979, 0.0107744, -0.000775195, -0.000633584, 0.0131675, 0.00581187, 0.00858615, 0.00656436, -0.00363844, -0.012764, -0.00113597, -0.00911181, -0.0326529, 0.00891434, -0.00759723, -0.01845, 0.0130437, -0.00785207, -0.0160111, 0.0152658, -0.00774504, -0.0160416, 0.0233082, -0.0063688, -0.0166622, 0.0196066, 0.00787454, -0.028757, 0.0237901, 0.0225504, -0.0329959, 0.0222092, 0.0349958, -0.0348116, 0.0269691, 0.0416678, -0.0280357, 0.0388716, 0.0330875, -0.020057, 0.0589361, 0.0185461, -0.00915698, 0.0880289, -0.000517441, 0.000113809, 
0.00454064, 0.00140506, 0.00018764, 0.00568214, 0.000775394, 0.000146471, 0.00675651, 0.000180314, 0.000136484, 0.00745785, -0.000217277, 0.000224089, 0.00808092, -0.000573092, 0.000236688, 0.00857479, -0.000858346, 0.000142273, 0.0078916, -0.000433739, 0.000304227, 0.00691104, 0.000285143, 0.000405333, 0.0104476, -0.00245516, -0.00157168, 0.0111928, -0.00306378, -0.00226543, 0.00808587, 0.00168103, -0.00071039, 0.00766989, 0.00283833, -0.000431426, 0.00848092, 0.000346882, -0.00200876, 0.00892918, -0.000600299, -0.00322582, 0.0087846, -0.00426291, -0.00690058, 0.00824683, -0.00591029, -0.00898017, 0.00883286, -0.0055474, -0.00867806, 0.00843098, -0.00600788, -0.0105762, 0.00988057, -0.00588914, -0.0117564, 0.0121985, -0.00610534, -0.0101382, 0.0168714, -0.00689336, -0.00802639, 0.0115097, 0.0134887, -0.0399597, -0.000416383, 0.0471812, -0.0800416, 0.0498379, -0.0035995, -0.0298102, 0.0989919, -0.033613, -0.00764734, 0.0272978, 0.0483605, -0.0255928, 0.0255628, 0.0726321, -0.00978879, 0.0195185, 0.0778327, -0.013824, 0.0427732, 0.0508271, -0.00266437, 0.0879753, -0.000384103, 1.08217e-05, 
0.00393376, 0.000492986, 0.000133049, 0.00510976, -0.000141457, 5.43996e-05, 0.00528729, -0.000256516, 0.000323728, 0.0053755, -0.000322753, 0.000569794, 0.00654481, -0.000968344, 0.000359079, 0.00758076, -0.00155191, 3.62492e-05, 0.00779929, -0.00166485, -0.00017617, 0.00769801, -0.00154781, -0.000391678, 0.00658662, -0.000412227, -0.00068583, 0.00670355, -0.000238622, -0.00129215, 0.00692064, -6.31561e-05, -0.00194488, 0.00699822, 0.000365977, -0.002285, 0.00753968, -0.000326926, -0.00324535, 0.00873892, -0.00501633, -0.00748925, 0.00860362, -0.00624749, -0.00853421, 0.0105439, 0.0030697, 0.00457595, 0.0112155, 0.00372579, 0.00565851, 0.00165359, -0.00364466, -0.021078, 0.000562278, -0.0041207, -0.0265685, 0.00992509, -0.00500856, -0.0158526, 0.0104736, -0.00439151, -0.0177389, 0.0178751, -0.00700112, -0.0130008, 0.0208277, -0.00156384, -0.0177631, 0.0203521, 0.013347, -0.0260751, 0.022886, 0.0260113, -0.027677, 0.0205042, 0.041108, -0.0274487, 0.0265513, 0.0423501, -0.0203532, 0.0368321, 0.0349442, -0.0137791, 0.0587511, 0.0182673, -0.00601399, 0.0880724, -0.000510217, 3.35769e-05, 
0.00482271, 0.00110233, 0.00046842, 0.00566388, 0.000649249, 0.000438997, 0.0065157, 0.000189271, 0.000416439, 0.00699081, -7.62449e-05, 0.000503081, 0.00737006, -0.000289963, 0.000521711, 0.00809655, -0.000692285, 0.000264485, 0.0081114, -0.00068134, 0.000115423, 0.00659702, 0.000396797, 0.000405247, 0.00613454, 0.000989015, -8.21889e-05, 0.0102155, -0.00312567, -0.00255714, 0.00927552, -0.00144282, -0.00235681, 0.0070086, 0.00348015, -0.000321128, 0.00732278, 0.00263919, -0.000905154, 0.00751445, 0.00121571, -0.00195614, 0.00771498, -0.000278517, -0.00375639, 0.00681486, -0.00340424, -0.00765626, 0.00681462, -0.00367949, -0.00832877, 0.00701828, -0.00379832, -0.00904752, 0.00716197, -0.00391368, -0.0109875, 0.00902295, -0.00384849, -0.0113048, 0.0127186, -0.00609757, -0.00452428, 0.0165156, -0.0036618, -0.00872027, 0.0043571, 0.0344954, -0.0549177, 0.00681952, 0.046041, -0.0635974, 0.0728414, -0.0266127, -0.014978, 0.0684289, -0.00699267, -0.0143746, 0.0230774, 0.0581489, -0.0148689, 0.0285598, 0.0625006, -0.00317676, 0.0127636, 0.0816136, -0.000956262, 0.0484667, 0.0407988, 0.00245433, 0.0880223, -0.000371141, -4.23844e-05, 
0.00375139, 0.000518819, 0.000580859, 0.00522504, -0.00024577, 0.000253677, 0.00575304, -0.00053056, 0.000293486, 0.00543979, -0.000383211, 0.000606203, 0.0057751, -0.000570353, 0.000607096, 0.00676852, -0.00112046, 0.000255838, 0.0072347, -0.00137383, -9.40206e-05, 0.00730512, -0.00136051, -0.000427892, 0.00669715, -0.000640665, -0.00088849, 0.0060372, 0.000389828, -0.00112272, 0.00655983, 4.98101e-05, -0.00187943, 0.00651698, 0.000651567, -0.00206414, 0.0062983, 0.00189229, -0.00162336, 0.00705471, -0.00110056, -0.00429552, 0.00723331, -0.00696673, -0.0102085, 0.00739461, -0.00362016, -0.00529462, 0.0106546, 0.00351312, 0.00911745, 0.00715305, 0.000363172, -0.00213368, -0.00143211, -0.00230451, -0.0249565, 0.00325226, -0.00243821, -0.0210783, 0.00882773, -0.00293095, -0.0195616, 0.0113156, -0.00300724, -0.0194662, 0.021123, -0.00495158, -0.01656, 0.0223662, 0.00612225, -0.0239758, 0.0282393, 0.0220069, -0.0276278, 0.030324, 0.0403994, -0.0272196, 0.0328968, 0.0601446, -0.0188578, 0.0386981, 0.0660245, -0.0064623, 0.0474389, 0.062855, 0.00660295, 0.136902, -0.00490206, 0.00537569, 0.0703574, 0.0377746, 0.0115811, 0.079653, -0.000544629, 5.45119e-05, 
