0.0589463, 0, 0, 0.0589463, 0, 0, 0.0589463, 0, 0, 0.0589463, 0, 0, 0.0589463, 0, 0, 0.0589463, 0, 0, 0.0589463, 0, 0, 0.0589463, 0, 0, 
0.0375699, -0.000354886, -1.49506e-05, 0.0375711, -0.000748662, -1.7852e-05, 0.0375711, -0.000423308, -2.14528e-05, 0.037621, 0.00241058, -2.7046e-05, 0.0377322, 0.00612526, -3.33886e-05, 0.0383387, -0.00196745, 1.57546e-05, 0.0462466, -0.0278009, -5.44908e-05, 0.0458812, -0.0173153, -0.00255216, 0.0518487, -0.010217, -0.0038892, 0.05544, -5.22228e-05, 0.000229264, 
0.0301949, -0.00345099, -4.10805e-05, 0.0301971, -0.000930359, -0.000182155, 0.0304017, 0.00375996, -0.000412049, 0.0307984, 0.00718241, -0.000305388, 0.0306292, 0.00250243, 0.00105844, 0.0328503, -0.0043141, 0.00239086, 0.0369515, -0.0104455, -0.000269136, 0.0398617, -0.0252989, -0.00430834, 0.0406405, -0.0244019, -0.00703351, 0.0513069, -0.00797681, -0.0171489, 0.0561433, -5.87253e-05, 0.000352273, 
0.0209162, -0.00514153, -0.000276957, 0.0214896, 0.000677784, -0.000561829, 0.0221355, 0.00542354, -0.000670774, 0.0221565, 0.00553476, -0.000184669, 0.0224509, -0.000194048, 0.00199784, 0.0243767, -0.00386412, 0.00487474, 0.0251308, -0.00460384, 0.00224514, 0.0315966, -0.0161931, -0.00423868, 0.0275813, -0.0264505, -0.00565373, 0.0388326, -0.0160202, -0.0212186, 0.047225, -0.000489285, -0.0274149, 0.0567019, -0.000286603, 0.000574199, 
0.0138232, -0.002371, -0.000999668, 0.0146346, 0.00154006, -0.000886675, 0.0151284, 0.00393401, -0.000390215, 0.0149745, 0.00253964, 0.000543792, 0.0156848, -0.00205796, 0.00243893, 0.017231, -0.0042574, 0.0053334, 0.016494, -0.00347485, 0.00404274, 0.0217683, -0.00779949, -0.00299853, 0.0208139, -0.0171271, -0.0051847, 0.0220877, -0.0173687, -0.0114011, 0.0331549, -0.00415005, -0.0313002, 0.0399032, 0.00889278, -0.0304101, 0.0573056, -0.00062291, 0.00062499, 
0.0100358, 0.00108469, -0.00183487, 0.0102727, 0.00200567, -0.00101651, 0.0102837, 0.00198484, 0.000238936, 0.0101631, -0.000205002, 0.00158151, 0.0109259, -0.00351918, 0.00263312, 0.0115493, -0.00424252, 0.00404008, 0.00989272, -0.00255453, 0.00350503, 0.0134338, -0.00393642, -0.00225458, 0.0159181, -0.00972975, -0.00622799, 0.0130211, -0.0112247, -0.00472908, 0.0197561, -0.0073352, -0.0175003, 0.0269785, 0.00865941, -0.0332121, 0.033513, 0.0148987, -0.0255726, 0.0578388, -0.000830862, 0.000459448, 
0.00800169, 0.00347072, -0.0023687, 0.00767873, 0.00211338, -0.000898441, 0.00742784, 0.000567389, 0.000844055, 0.00745921, -0.00165169, 0.00231946, 0.00806694, -0.0039901, 0.0026143, 0.00817264, -0.00420313, 0.00235003, 0.00607789, -0.00196627, 0.0017602, 0.00737411, -0.00140779, -0.00157423, 0.0116205, -0.00582066, -0.00652604, 0.00928519, -0.00632913, -0.00489182, 0.0109994, -0.00610703, -0.00752085, 0.0183719, 0.00203781, -0.0207053, 0.0241019, 0.0202618, -0.0289317, 0.0351291, 0.0166058, -0.0158228, 0.0530782, 0.00614229, 0.00299909, 0.0558977, -0.000110226, 2.20871e-05, 
0.0069178, 0.00476918, -0.00236045, 0.0064572, 0.00218703, -0.000513959, 0.00621429, -0.000136859, 0.00132358, 0.00637134, -0.00211232, 0.00265751, 0.00680021, -0.00368357, 0.00264275, 0.00683763, -0.00392283, 0.00151439, 0.00512397, -0.00187524, 0.000441674, 0.00459051, 0.000146777, -0.00103275, 0.00797816, -0.00303239, -0.00466723, 0.00767602, -0.00506707, -0.00624319, 0.00740412, -0.00513502, -0.00620707, 0.0126625, -0.00257909, -0.013283, 0.0243841, 0.0151963, -0.0275322, 0.0379826, 0.0358857, -0.0233422, 0.0700318, 0.0213769, 0.0047946, 0.0486714, 0.0374474, 0.028098, 0.0565274, -0.000261542, -0.000126616, 
0.00598359, 0.00513585, -0.00191474, 0.0056766, 0.00216191, -3.99452e-05, 0.00556446, -0.000477753, 0.00162473, 0.00578811, -0.00231001, 0.00265067, 0.00605153, -0.00327617, 0.00249164, 0.00602982, -0.00340545, 0.00116259, 0.00496874, -0.00185168, -0.000277527, 0.00367128, 0.000925537, -0.00104245, 0.00516916, 0.000260235, -0.0025967, 0.00580842, -0.00233497, -0.00519051, 0.0052312, -0.0025983, -0.00542992, 0.00690866, -0.00235341, -0.00632126, 0.0138321, 0.00491487, -0.0157725, 0.0243857, 0.0266913, -0.0236367, 0.0425278, 0.0277198, -0.0120647, 0.0616928, 0.0252305, 0.0147543, 0.0390986, 0.0394084, 0.0440842, 0.0575787, -0.000274293, -0.000277147, 
0.00513208, 0.00491449, -0.00130614, 0.00504362, 0.00201055, 0.000342329, 0.00508, -0.000633828, 0.00171392, 0.00533997, -0.00241218, 0.00241893, 0.0054864, -0.00300144, 0.00214926, 0.00531675, -0.00282135, 0.000932225, 0.00472774, -0.00168946, -0.000488669, 0.00360539, 0.000816609, -0.00104567, 0.00374175, 0.00199997, -0.00114727, 0.00427697, 8.84602e-05, -0.00306194, 0.00376706, -0.000754318, -0.00451762, 0.00397834, -0.000733968, -0.00387729, 0.00703036, 0.000833216, -0.00682134, 0.0138171, 0.0139615, -0.0153347, 0.0221023, 0.0254949, -0.0141408, 0.041975, 0.0206026, -0.00438812, 0.0400166, 0.0259878, 0.0241112, 0.032807, 0.0240619, 0.0451, 0.0580151, -0.000203738, -0.000381668, 
0.00447564, 0.00443363, -0.00070072, 0.00455681, 0.00177986, 0.000604951, 0.00470735, -0.000674472, 0.0016522, 0.00498825, -0.00238471, 0.00209355, 0.00509071, -0.00283992, 0.00174937, 0.00479873, -0.00238731, 0.000712267, 0.00437277, -0.00141414, -0.000491766, 0.00369021, 0.000418328, -0.000967963, 0.00328755, 0.00221113, -0.000467231, 0.00343884, 0.00147715, -0.00116106, 0.00296091, 0.000457456, -0.00290472, 0.00256853, 0.000411477, -0.00319246, 0.00370125, 0.00034765, -0.0030823, 0.00756902, 0.00572069, -0.00782117, 0.0126483, 0.0184512, -0.0106111, 0.0220294, 0.0190631, -0.0075191, 0.0352199, 0.0193636, 0.0043622, 0.0290799, 0.0201961, 0.0322379, 0.0319653, 0.0106655, 0.0385199, 0.0581301, -9.85573e-05, -0.000494143, 
0.00405231, 0.00389197, -0.000171365, 0.0042361, 0.00151714, 0.000783123, 0.00445352, -0.000666384, 0.00152731, 0.0047389, -0.00224501, 0.00176697, 0.00484722, -0.00270454, 0.00138791, 0.00453194, -0.00216027, 0.000520712, 0.00410162, -0.00117729, -0.000437593, 0.00371143, 0.000138909, -0.000836746, 0.00326092, 0.0017072, -0.000256749, 0.00311185, 0.00184213, -3.62081e-05, 0.00268269, 0.00111404, -0.00119297, 0.00204479, 0.00096344, -0.00234611, 0.00217899, 0.000842635, -0.00199795, 0.00414788, 0.00213554, -0.00347282, 0.00774126, 0.0105521, -0.00655692, 0.012037, 0.0167009, -0.00533008, 0.0218126, 0.0160462, -0.00233034, 0.0284812, 0.0170487, 0.0135913, 0.02669, 0.0101306, 0.0353829, 0.03216, 0.00249915, 0.0332345, 0.0581933, 5.71919e-05, -0.000556063, 
0.00385933, 0.00337753, 0.000254683, 0.004097, 0.00125341, 0.000904267, 0.00434466, -0.000666126, 0.00139391, 0.00462083, -0.00207818, 0.00148168, 0.00475075, -0.00257743, 0.00108958, 0.0044982, -0.00210909, 0.000359616, 0.00406184, -0.00112731, -0.000396623, 0.00378456, -4.51746e-05, -0.000721583, 0.00344536, 0.00109881, -0.000251637, 0.00313573, 0.00157229, 0.000370331, 0.00273604, 0.00123957, -1.63735e-05, 0.00210028, 0.00105888, -0.00125865, 0.00172335, 0.0011688, -0.00158787, 0.00247212, 0.00117075, -0.00166916, 0.00486891, 0.00512584, -0.0035768, 0.00778066, 0.012385, -0.00343303, 0.0124262, 0.0141917, -0.00178867, 0.0207809, 0.0152317, 0.00431055, 0.0266297, 0.011859, 0.0215987, 0.0287794, -0.000492259, 0.0368094, 0.0409144, -0.00399526, 0.0237805, 0.0545204, -0.00824216, 0.00436991, 0.0566552, -6.01897e-05, -5.62201e-05, 
0.00403937, 0.00286693, 0.000548294, 0.00430284, 0.000953026, 0.000953914, 0.00456151, -0.000752086, 0.00124552, 0.00482713, -0.00202181, 0.0012245, 0.00498942, -0.00258594, 0.000822041, 0.00486858, -0.00233008, 0.000158537, 0.00453373, -0.00148378, -0.000520342, 0.00434044, -0.000473886, -0.000870312, 0.00416898, 0.000436398, -0.000568676, 0.00381055, 0.000939745, 0.000130744, 0.0033361, 0.000877102, 0.000332365, 0.00271474, 0.000727378, -0.000471385, 0.00213076, 0.00096595, -0.00127076, 0.00212005, 0.000960602, -0.00126278, 0.00342059, 0.00230991, -0.00206537, 0.00578851, 0.00779829, -0.00244678, 0.00835212, 0.0121305, -0.000649619, 0.013305, 0.0137292, 0.00212901, 0.0212802, 0.0137692, 0.0122759, 0.0298361, 0.0040703, 0.0302632, 0.038405, -0.0102321, 0.0351975, 0.0626768, -0.00900475, 0.0107706, 0.0534199, -0.0347896, 0.00544998, 0.0571671, 8.80783e-05, -7.01497e-05, 
0.00426971, 0.00241273, 0.000696193, 0.00453818, 0.00069957, 0.000901164, 0.00479443, -0.000822852, 0.00102966, 0.00504567, -0.0019639, 0.000918716, 0.00522314, -0.00254483, 0.000500305, 0.00520769, -0.00246236, -0.000133166, 0.00499332, -0.0017876, -0.000771546, 0.00485294, -0.000832289, -0.00112481, 0.00480237, -2.07742e-05, -0.000939241, 0.00448355, 0.000389536, -0.000332035, 0.00391427, 0.0004391, 0.000174317, 0.00324919, 0.000333983, -5.20452e-05, 0.00262251, 0.000545314, -0.000800401, 0.00224737, 0.00074974, -0.00101897, 0.00265188, 0.00095255, -0.00117326, 0.00426996, 0.00378594, -0.00156151, 0.00621829, 0.00814139, -0.000224221, 0.00841268, 0.0101091, 0.00166607, 0.0130272, 0.0110739, 0.00564882, 0.021169, 0.00788289, 0.0173331, 0.0297975, -0.00498213, 0.0306626, 0.0413279, -0.00911909, 0.0244963, 0.0562396, -0.0177532, 0.00677787, 0.0489041, -0.0419214, -0.00586342, 0.057685, 0.000219907, 6.76083e-06, 
0.00444222, 0.00206657, 0.00075298, 0.00470216, 0.000544171, 0.000796601, 0.00494778, -0.000818222, 0.000790925, 0.005183, -0.00184574, 0.000604471, 0.00535985, -0.00240144, 0.000170705, 0.00540421, -0.0024126, -0.000450078, 0.00528714, -0.00188247, -0.00106034, 0.00518412, -0.00101353, -0.00138592, 0.00519444, -0.000256583, -0.00125459, 0.00495606, 5.32847e-05, -0.000785056, 0.00435648, 0.000106682, -0.000223044, 0.00361721, 2.41843e-05, -3.4845e-05, 0.00297012, 0.000141494, -0.000477725, 0.0025004, 0.000476879, -0.000868053, 0.00239762, 0.000483271, -0.000860596, 0.00321132, 0.00146329, -0.00105652, 0.0048278, 0.00459366, -0.000293233, 0.00622394, 0.00696564, 0.0015364, 0.00804702, 0.00778761, 0.00324034, 0.012817, 0.00746805, 0.00852679, 0.0213015, 0.000403877, 0.0203441, 0.0281183, -0.0086202, 0.0248056, 0.0403262, -0.00901595, 0.0171551, 0.045528, -0.0273421, -0.00105178, 0.044957, -0.0346551, -0.0159079, 0.0578744, 0.000292424, 0.000139806, 
0.00457079, 0.00181734, 0.000767068, 0.00481516, 0.000471012, 0.000687132, 0.00504577, -0.000747382, 0.000574971, 0.0052654, -0.00167622, 0.000327619, 0.00543527, -0.00219084, -0.000117416, 0.00550887, -0.00224016, -0.000734331, 0.00546403, -0.00181371, -0.00133325, 0.005403, -0.0010471, -0.00164003, 0.00544836, -0.000336984, -0.00153907, 0.00529591, -8.1502e-05, -0.00117927, 0.00473967, -5.72356e-05, -0.000682381, 0.00394649, -0.000140047, -0.000285305, 0.00323485, -0.000130196, -0.000372333, 0.00274539, 0.000183516, -0.000743255, 0.00246404, 0.00033637, -0.000804869, 0.00267477, 0.00046229, -0.000843585, 0.00377348, 0.00211575, -0.000522067, 0.0050981, 0.00438463, 0.00103131, 0.00593558, 0.00529803, 0.00247967, 0.00770471, 0.00550514, 0.00431657, 0.0134451, 0.00289678, 0.0112998, 0.0206431, -0.00572333, 0.0193874, 0.0259004, -0.00801993, 0.0183866, 0.0369864, -0.013851, 0.00999305, 0.0398505, -0.029453, -0.0113983, 0.0424368, -0.0256175, -0.0207138, 0.0579745, 0.000291747, 0.000300535, 
0.00467859, 0.00164139, 0.000762433, 0.00490504, 0.000451634, 0.000592012, 0.005119, -0.000636823, 0.000399231, 0.00532388, -0.00147833, 0.000104556, 0.00548543, -0.00194997, -0.000348766, 0.00557197, -0.00200738, -0.000964684, 0.00557918, -0.00164632, -0.00156703, 0.00556892, -0.000972984, -0.00188061, 0.0056531, -0.000311482, -0.00181783, 0.00558749, -6.79955e-05, -0.00153636, 0.00512145, -6.13094e-05, -0.00112574, 0.00432415, -0.000155226, -0.000669649, 0.0035205, -0.00023787, -0.000473686, 0.00296576, -5.8613e-05, -0.000669184, 0.00264804, 0.000220637, -0.000807424, 0.00256004, 0.000176849, -0.000791542, 0.0030938, 0.000731071, -0.000712833, 0.00424624, 0.00236859, 0.000311723, 0.00509313, 0.00347385, 0.00186351, 0.00551079, 0.00366192, 0.00270663, 0.00803321, 0.00304318, 0.00558674, 0.014263, -0.00228376, 0.0125911, 0.0185946, -0.00796437, 0.0153036, 0.0243486, -0.00869879, 0.013277, 0.0338726, -0.0177846, 0.00123901, 0.0370373, -0.0251114, -0.020033, 0.0401837, -0.0185126, -0.0232952, 0.0580724, 0.000212939, 0.00044483, 
0.00482794, 0.0015289, 0.000752789, 0.00503763, 0.000471147, 0.000518396, 0.00523609, -0.000504461, 0.000268283, 0.00542819, -0.00127034, -6.06601e-05, 0.00558414, -0.00170729, -0.000521217, 0.00568218, -0.0017682, -0.00114495, 0.0057355, -0.00144795, -0.00177525, 0.00578887, -0.000835053, -0.00213399, 0.00595223, -0.00019051, -0.00214628, 0.00600314, 8.46543e-05, -0.00193231, 0.00566737, 0.000106212, -0.00158488, 0.00491972, 3.99845e-06, -0.00113205, 0.00403222, -0.000148717, -0.000759321, 0.00334145, -0.000145008, -0.000724281, 0.00295987, 0.000116018, -0.000849063, 0.00277127, 0.000192009, -0.000844123, 0.00290557, 0.000235207, -0.000847176, 0.0036766, 0.00111356, -0.000340394, 0.00463522, 0.00220143, 0.00106749, 0.00493472, 0.0024852, 0.00209445, 0.00548598, 0.00238101, 0.00301497, 0.00925304, -7.57929e-05, 0.00725693, 0.0143017, -0.0062352, 0.0117114, 0.0171731, -0.00875054, 0.0118259, 0.0248662, -0.0124543, 0.00782807, 0.0345583, -0.019435, -0.00846574, 0.0391667, -0.018574, -0.0294362, 0.0478767, -0.00803005, -0.0189622, 0.0548716, 0.0055275, -0.0106904, 0.0566338, 3.97974e-05, -8.76356e-05, 
0.00517614, 0.00151408, 0.000730276, 0.00537262, 0.000565569, 0.000457168, 0.00555861, -0.000313335, 0.000173272, 0.00574138, -0.00101553, -0.000173606, 0.00589874, -0.00143512, -0.000639869, 0.00602233, -0.00151973, -0.0012914, 0.00614103, -0.00123947, -0.00199801, 0.00630416, -0.000633748, -0.00249027, 0.00668521, 0.0001054, -0.00269053, 0.00700975, 0.000521835, -0.00257917, 0.0068769, 0.000624272, -0.00222844, 0.00619865, 0.000522765, -0.00173477, 0.00521862, 0.000306568, -0.00123956, 0.0043059, 0.000129772, -0.000978446, 0.0037271, 0.000229052, -0.000992208, 0.00343781, 0.000405412, -0.000996936, 0.00334526, 0.000369855, -0.000995386, 0.00369311, 0.00069015, -0.000824889, 0.00450884, 0.00151194, 0.000179025, 0.00505093, 0.00192911, 0.00148543, 0.004997, 0.00187832, 0.00208169, 0.00644564, 0.000977131, 0.0040193, 0.0106927, -0.00348559, 0.00809737, 0.0138936, -0.00834414, 0.00970955, 0.0177883, -0.0110863, 0.00874364, 0.0275408, -0.0164763, 0.000725836, 0.039563, -0.0187997, -0.0206487, 0.0467313, -0.00987427, -0.0337737, 0.0641321, 0.00268679, -0.0128321, 0.0541649, 0.0242107, -0.0253691, 0.0571561, -5.19618e-05, 3.37732e-05, 
0.00550289, 0.00154596, 0.000739992, 0.00568741, 0.00069497, 0.000446936, 0.00586174, -9.68202e-05, 0.000144072, 0.00603361, -0.000733769, -0.000209725, 0.00618509, -0.00112004, -0.000671502, 0.00631425, -0.00119408, -0.0013382, 0.00646113, -0.000906236, -0.00208917, 0.00667533, -0.000281838, -0.00263491, 0.00721405, 0.000535805, -0.002952, 0.00786454, 0.00107762, -0.0029948, 0.00803899, 0.00127443, -0.00271607, 0.00743092, 0.00117761, -0.0021537, 0.00640582, 0.000906949, -0.00157909, 0.00533382, 0.000596668, -0.00117801, 0.0045292, 0.000480245, -0.00105531, 0.004089, 0.000604764, -0.00104031, 0.00387562, 0.000625757, -0.00101645, 0.00392235, 0.000648574, -0.00100692, 0.00443131, 0.00107934, -0.000508317, 0.00507931, 0.00148265, 0.000635088, 0.00513437, 0.00144923, 0.00136711, 0.00528458, 0.0011887, 0.00198674, 0.00770631, -0.00107866, 0.0044189, 0.0110193, -0.00568989, 0.00654781, 0.0129915, -0.00868741, 0.00652968, 0.0178678, -0.0117201, 0.00410452, 0.028836, -0.015557, -0.0074846, 0.0395617, -0.0123976, -0.0272572, 0.0472021, -0.00517502, -0.0244016, 0.057449, 0.0123147, -0.0160101, 0.0496925, 0.0359895, -0.0217356, 0.0576648, -0.000185496, 7.82646e-05, 
0.00570536, 0.0015663, 0.000804151, 0.00587957, 0.000799093, 0.000502801, 0.0060431, 8.27584e-05, 0.000187786, 0.00620187, -0.00048991, -0.000172704, 0.00633676, -0.000821832, -0.000625736, 0.00644522, -0.000845216, -0.00128092, 0.00657939, -0.000516433, -0.00202007, 0.00677878, 0.000121961, -0.00252376, 0.00731777, 0.000958545, -0.00280668, 0.00812894, 0.00153922, -0.00292847, 0.00853479, 0.00178956, -0.00274064, 0.00823142, 0.00174633, -0.00226332, 0.00734537, 0.00146724, -0.00170047, 0.00621237, 0.00107376, -0.00124188, 0.005223, 0.000781235, -0.00102392, 0.00459765, 0.000760447, -0.000974759, 0.00428467, 0.000823631, -0.000934936, 0.00417231, 0.000785828, -0.000946709, 0.00438645, 0.000925535, -0.000795608, 0.00493218, 0.00121029, -4.80105e-05, 0.00523359, 0.00120506, 0.000786927, 0.00504771, 0.00107764, 0.00107136, 0.00592148, 0.000223479, 0.00208912, 0.00854397, -0.00293063, 0.00383685, 0.0104657, -0.00629173, 0.00422193, 0.0121713, -0.00834019, 0.00345607, 0.0183291, -0.0111148, -0.000975557, 0.0297976, -0.011793, -0.0152397, 0.0359795, -0.00664657, -0.024861, 0.0446329, -0.000991718, -0.0189776, 0.0463001, 0.0246169, -0.0164911, 0.0458742, 0.0361419, -0.00973837, 0.0578622, -0.000310992, 2.78332e-05, 
0.00584528, 0.0015553, 0.000904382, 0.00600963, 0.000861286, 0.000599634, 0.00616215, 0.000213667, 0.000276882, 0.00630628, -0.000295222, -8.56949e-05, 0.0064203, -0.000565789, -0.000512675, 0.00650026, -0.000538889, -0.00111153, 0.00661069, -0.000193454, -0.00178532, 0.00678775, 0.000444024, -0.00223402, 0.0073158, 0.00131946, -0.0024641, 0.00832229, 0.00196547, -0.00265344, 0.00904511, 0.00224286, -0.00269119, 0.0087002, 0.00218507, -0.00218564, 0.0078831, 0.00188376, -0.00159177, 0.00688536, 0.00147683, -0.00115505, 0.0058713, 0.00108924, -0.000907674, 0.00509994, 0.000915432, -0.000833887, 0.00465151, 0.00093801, -0.000793728, 0.00442351, 0.000923306, -0.00077966, 0.00442704, 0.000927419, -0.000774911, 0.00477334, 0.00107642, -0.000412986, 0.00519337, 0.00109335, 0.00030796, 0.00514061, 0.000950743, 0.000672688, 0.00518417, 0.00069762, 0.000974769, 0.00670675, -0.000950534, 0.00200296, 0.00872322, -0.00388946, 0.00255082, 0.00967591, -0.00595992, 0.00210052, 0.0119785, -0.00756581, 0.000608121, 0.020096, -0.00928709, -0.00664884, 0.0286731, -0.00652157, -0.0186548, 0.0318183, -0.00373735, -0.0197501, 0.0400092, 0.00760387, -0.0167395, 0.0407317, 0.0320128, -0.00954965, 0.0438363, 0.0318633, -0.000565111, 0.05796, -0.000395188, -9.78387e-05, 
0.00592834, 0.00150882, 0.00102454, 0.00608158, 0.000881337, 0.000714629, 0.00622434, 0.000290479, 0.000383625, 0.00635978, -0.000174978, 1.92426e-05, 0.00645704, -0.000396465, -0.000376921, 0.00649323, -0.000291337, -0.000934914, 0.00656807, 0.000147723, -0.00161283, 0.0067357, 0.00083959, -0.00204178, 0.00715154, 0.00172005, -0.00213235, 0.00806704, 0.00239158, -0.00217809, 0.0091263, 0.00275334, -0.00228633, 0.00926404, 0.00279337, -0.00208079, 0.00858016, 0.00250879, -0.00154288, 0.00748793, 0.00196791, -0.000998834, 0.00640915, 0.00143186, -0.000696048, 0.00557097, 0.00109498, -0.000607088, 0.00504929, 0.00101762, -0.000586692, 0.00475752, 0.00101825, -0.000558417, 0.00461684, 0.000980675, -0.000586457, 0.00473752, 0.00102278, -0.000492925, 0.00510516, 0.00104582, -3.3911e-05, 0.00525628, 0.000901333, 0.000395675, 0.00506946, 0.000798067, 0.000499402, 0.00565141, 0.000173793, 0.000918577, 0.00734577, -0.00176385, 0.00138315, 0.00854384, -0.00379433, 0.00108026, 0.00916953, -0.00495434, 0.000356625, 0.0131489, -0.00626538, -0.00255466, 0.0216274, -0.00560373, -0.0113187, 0.0252612, -0.00231969, -0.0172275, 0.028899, 0.000501642, -0.0167353, 0.0362323, 0.0161338, -0.0120185, 0.0386415, 0.0327956, 8.18575e-05, 0.0421839, 0.0279901, 0.00587338, 0.0580467, -0.000406633, -0.000263703, 
0.00591811, 0.00140658, 0.00116249, 0.00606834, 0.000820211, 0.000855938, 0.00620571, 0.000270894, 0.000521882, 0.00632914, -0.000151429, 0.000138949, 0.0064037, -0.000315866, -0.000273262, 0.00639577, -0.000119868, -0.000829631, 0.00643261, 0.000424675, -0.00151349, 0.00655494, 0.00111552, -0.0018598, 0.00662526, 0.00179815, -0.0016757, 0.00693227, 0.00227585, -0.00141148, 0.00754037, 0.00252593, -0.00134946, 0.00801528, 0.00263473, -0.00121052, 0.00820325, 0.00256886, -0.000933395, 0.00792382, 0.0022962, -0.000643151, 0.00714626, 0.00182419, -0.000402591, 0.00618848, 0.00133253, -0.000307131, 0.00548835, 0.00107692, -0.000320522, 0.00512312, 0.00103282, -0.000315757, 0.00493588, 0.0010166, -0.000310795, 0.00490232, 0.0010168, -0.000301059, 0.00510872, 0.00103157, -7.0354e-05, 0.00534387, 0.000912752, 0.000318148, 0.00523514, 0.000785219, 0.000462943, 0.00528701, 0.000600545, 0.000583171, 0.00638674, -0.000451588, 0.000878758, 0.00773907, -0.00223521, 0.000697084, 0.00799118, -0.00354501, 1.11809e-05, 0.00887699, -0.00448518, -0.00123272, 0.0144217, -0.00485651, -0.00622349, 0.0203725, -0.00203862, -0.0134201, 0.0220156, 0.000657463, -0.0158431, 0.0283557, 0.00803782, -0.0146321, 0.0370839, 0.0233424, -0.00447468, 0.0424588, 0.0324601, 0.0124448, 0.0524092, 0.0148911, 0.00881329, 0.0547419, 0.00038256, 0.0156852, 0.0567606, 9.07112e-05, 1.68045e-05, 
0.00606451, 0.00122356, 0.00134582, 0.00621885, 0.000660248, 0.00105409, 0.00635359, 0.000143986, 0.000723305, 0.00646144, -0.000234889, 0.000299981, 0.00652322, -0.00036308, -0.000173165, 0.0065168, -0.000175516, -0.000671864, 0.00652021, 0.000289124, -0.00117172, 0.00658894, 0.000902896, -0.00141351, 0.00658228, 0.00154528, -0.00116031, 0.00670167, 0.00200724, -0.000749823, 0.00709842, 0.0022391, -0.000524853, 0.00749305, 0.00232545, -0.00040496, 0.00769528, 0.00226352, -0.000140946, 0.007762, 0.00210335, 5.82169e-05, 0.00753102, 0.00181502, 0.000207731, 0.00702809, 0.00145519, 0.000262395, 0.00642966, 0.00113002, 0.000217604, 0.00595022, 0.000967947, 0.00015316, 0.0056364, 0.000915387, 0.00012713, 0.00546584, 0.000892407, 0.00010551, 0.00552135, 0.000896382, 0.000191388, 0.00576677, 0.000818189, 0.000474081, 0.0058322, 0.000655415, 0.000687958, 0.00566667, 0.000552206, 0.000739681, 0.006045, 5.99792e-05, 0.000881764, 0.00713679, -0.00124044, 0.000789862, 0.00769944, -0.00260275, 0.000136442, 0.00749779, -0.00340642, -0.00069956, 0.00988798, -0.00396844, -0.0031438, 0.0156082, -0.00240596, -0.00895568, 0.018251, 0.000900309, -0.013282, 0.0207228, 0.00479819, -0.0145313, 0.0293801, 0.0149175, -0.0100702, 0.0410408, 0.0280194, 0.00640446, 0.0488497, 0.0258941, 0.0193973, 0.0652384, 0.00272253, 0.0110099, 0.0523647, -0.0103714, 0.0383012, 0.0573477, 0.000104792, -0.000110311, 
0.00627819, 0.00100183, 0.00151181, 0.00641912, 0.000479506, 0.00117964, 0.00654417, 2.11862e-06, 0.000828886, 0.00664965, -0.000354777, 0.000406394, 0.00672592, -0.000501747, -4.6945e-05, 0.00673965, -0.000368184, -0.000468265, 0.00671485, 4.17734e-05, -0.000836802, 0.00673335, 0.000621986, -0.00099567, 0.00670468, 0.00121865, -0.000728268, 0.00672235, 0.00164789, -0.000260066, 0.00700794, 0.00187199, 6.02128e-05, 0.00733643, 0.00194264, 0.000229794, 0.00748196, 0.00188855, 0.00044191, 0.00750916, 0.00168472, 0.000686176, 0.0074801, 0.00146575, 0.000804906, 0.00729824, 0.00119478, 0.000842406, 0.00699575, 0.000927088, 0.000793092, 0.00667393, 0.000742803, 0.000697928, 0.0063874, 0.000644694, 0.000607083, 0.00615206, 0.000594867, 0.000521719, 0.0060502, 0.000586231, 0.000482323, 0.00617539, 0.000552446, 0.000610792, 0.00632717, 0.000408397, 0.000814464, 0.00618408, 0.000289225, 0.000878869, 0.00609946, 0.000111397, 0.000918662, 0.00671048, -0.000604792, 0.000881273, 0.00749348, -0.00169972, 0.00039042, 0.00733904, -0.00242132, -0.000319541, 0.00766591, -0.00283759, -0.00137329, 0.0114031, -0.00222887, -0.00479074, 0.015152, 0.000572691, -0.00904342, 0.0157553, 0.00326677, -0.011039, 0.0193984, 0.00796483, -0.0105674, 0.0299276, 0.0178973, -0.00206847, 0.0406069, 0.0252294, 0.0150118, 0.0483341, 0.0167796, 0.0130248, 0.0563093, -0.00443346, 0.0197733, 0.0457404, -0.0232589, 0.0410712, 0.0578826, 0.000178575, -0.0001801, 
0.00644572, 0.000807365, 0.00158044, 0.00657706, 0.000316721, 0.00121307, 0.00669619, -0.000132136, 0.000845524, 0.00680221, -0.000472587, 0.000434202, 0.00689016, -0.000634611, 1.75985e-05, 0.00691997, -0.000551828, -0.000328882, 0.00688206, -0.000210863, -0.000590972, 0.00686745, 0.000304048, -0.000684506, 0.00683233, 0.000827329, -0.00043095, 0.00676208, 0.00120282, 5.92901e-05, 0.00693807, 0.00142151, 0.000480744, 0.00727597, 0.00149176, 0.000672971, 0.0073135, 0.00143492, 0.000847424, 0.00724742, 0.00124278, 0.0010647, 0.00720104, 0.000968048, 0.00121186, 0.00715767, 0.000733595, 0.00124361, 0.00707303, 0.000523462, 0.00119891, 0.00695758, 0.00034821, 0.00109414, 0.00683276, 0.000240974, 0.000970447, 0.00667679, 0.00018309, 0.00083793, 0.00651824, 0.000170516, 0.000705169, 0.00649497, 0.000175958, 0.000683593, 0.00660643, 9.4914e-05, 0.000802238, 0.00655403, -2.80313e-05, 0.000878018, 0.00630249, -9.06955e-05, 0.00087779, 0.00644462, -0.00038115, 0.000861513, 0.00714784, -0.0010922, 0.000557818, 0.00741705, -0.00171755, -5.06295e-05, 0.0070408, -0.00199261, -0.000571722, 0.00862193, -0.00185255, -0.00214185, 0.012279, 4.91078e-05, -0.00532588, 0.0135266, 0.00260777, -0.00746463, 0.0136631, 0.00478858, -0.00814619, 0.0190481, 0.00991845, -0.00543274, 0.0306541, 0.0183185, 0.00682455, 0.0359384, 0.0185707, 0.0145108, 0.0448586, 0.0103274, 0.0105934, 0.0431041, -0.0149546, 0.0272448, 0.0403478, -0.0290147, 0.0301308, 0.0580871, 0.000294551, -0.000186587, 
0.0065658, 0.000652309, 0.00156529, 0.00669048, 0.000189764, 0.00117398, 0.00680672, -0.000236276, 0.00079776, 0.00691454, -0.000563853, 0.000400304, 0.00701209, -0.000737792, 9.84363e-06, 0.00705956, -0.000702714, -0.000285323, 0.00701509, -0.000437208, -0.000454144, 0.00697332, 1.97603e-06, -0.000490965, 0.00697004, 0.000456938, -0.000288121, 0.00688436, 0.00076281, 0.000144126, 0.00693135, 0.000946589, 0.000606719, 0.00721787, 0.00100468, 0.000852856, 0.00723653, 0.000927867, 0.00107212, 0.00709913, 0.000758574, 0.00125217, 0.00695215, 0.00048665, 0.0013916, 0.00687887, 0.000229233, 0.00142504, 0.00687837, 3.56243e-05, 0.00138104, 0.00692127, -0.000114606, 0.00128218, 0.00697034, -0.000214483, 0.00114775, 0.00695615, -0.000269909, 0.000984819, 0.00685619, -0.000276454, 0.00080132, 0.00676283, -0.000238578, 0.000669732, 0.00678657, -0.000242466, 0.000677942, 0.00678966, -0.000328404, 0.000734804, 0.00655556, -0.000361275, 0.00072806, 0.00638905, -0.000407559, 0.000717875, 0.00679936, -0.000755658, 0.000573661, 0.00737379, -0.00123699, 0.000106628, 0.0071914, -0.00144955, -0.000301508, 0.00739112, -0.00146872, -0.000865451, 0.00984297, -0.000454726, -0.00271936, 0.0120255, 0.00181834, -0.00463683, 0.0116029, 0.00350058, -0.0054497, 0.0124752, 0.00555613, -0.00513176, 0.0204473, 0.0112689, 0.000876002, 0.0286861, 0.0152601, 0.0119263, 0.0310709, 0.0135221, 0.0100238, 0.0390678, 0.00135337, 0.0143116, 0.0355965, -0.0250028, 0.0254838, 0.0377176, -0.0288647, 0.0191972, 0.0581877, 0.00041747, -0.000127858, 
0.00666356, 0.000533426, 0.00149733, 0.00678399, 9.46069e-05, 0.00108808, 0.00690038, -0.000315392, 0.000707541, 0.00701288, -0.00063671, 0.000328632, 0.00711772, -0.000818615, -3.87362e-05, 0.00718167, -0.000819643, -0.000309714, 0.00715067, -0.000633954, -0.00042495, 0.00710247, -0.000304908, -0.000427366, 0.00713483, 4.85826e-05, -0.000297561, 0.00707527, 0.000272273, 2.25492e-05, 0.00697767, 0.000409535, 0.00050751, 0.00710918, 0.00043446, 0.000912554, 0.0072329, 0.000352735, 0.00117768, 0.00708952, 0.000235165, 0.00129496, 0.00683846, 3.54726e-05, 0.00138871, 0.00666156, -0.000235823, 0.00142167, 0.00663509, -0.000449576, 0.00137264, 0.00674086, -0.000582578, 0.00128043, 0.00690746, -0.000669639, 0.00114856, 0.00703801, -0.000716641, 0.000972071, 0.00705992, -0.000711776, 0.00076548, 0.00698859, -0.000648948, 0.000570392, 0.00694865, -0.000583507, 0.000481797, 0.00695755, -0.000598753, 0.00049263, 0.00681719, -0.000619118, 0.000489033, 0.00655192, -0.000577431, 0.000480953, 0.00664275, -0.000684549, 0.000436693, 0.00722204, -0.00100551, 0.000125858, 0.00746097, -0.0011928, -0.000272855, 0.00720034, -0.00123011, -0.000425128, 0.00825467, -0.000855807, -0.00116721, 0.0105043, 0.000788482, -0.0025492, 0.0109544, 0.00257728, -0.00334105, 0.00994374, 0.00352492, -0.0035805, 0.0130602, 0.00624735, -0.0015937, 0.0214562, 0.0107249, 0.00694402, 0.0239818, 0.0109235, 0.0110372, 0.0282565, 0.00852056, 0.00938826, 0.0337818, -0.0088556, 0.0159066, 0.0320678, -0.0306119, 0.0173924, 0.0358146, -0.0278299, 0.0115156, 0.0582844, 0.000495726, -9.1479e-06, 
0.00683465, 0.000435467, 0.00139315, 0.0069556, 1.20365e-05, 0.000976243, 0.00707581, -0.0003898, 0.000596186, 0.0071964, -0.000713365, 0.000234528, 0.0073128, -0.00091128, -0.000120045, 0.00740882, -0.000958322, -0.000410097, 0.00743421, -0.000863555, -0.000547389, 0.00741134, -0.000646652, -0.000558114, 0.00745654, -0.000359115, -0.000467267, 0.00746542, -0.000149609, -0.000216377, 0.00737196, -2.17335e-05, 0.000251805, 0.0073867, -2.48908e-05, 0.000768799, 0.00753261, -0.0001275, 0.00108975, 0.00735772, -0.000244041, 0.0011993, 0.00703254, -0.000401375, 0.00126394, 0.00674261, -0.000639191, 0.00128948, 0.00662006, -0.000862519, 0.00123917, 0.00669976, -0.00100685, 0.00113996, 0.00691237, -0.00109255, 0.00100261, 0.00715242, -0.00112942, 0.000823733, 0.00729961, -0.00111215, 0.000601589, 0.00731899, -0.00102909, 0.000375813, 0.0072875, -0.000911489, 0.000222804, 0.00729307, -0.000850128, 0.000183073, 0.00725038, -0.000856621, 0.000182164, 0.00703375, -0.000823552, 0.00017577, 0.00690894, -0.000814436, 0.000177778, 0.00728096, -0.000977216, 2.035e-05, 0.00779225, -0.00112448, -0.000318954, 0.00771921, -0.0011399, -0.000415523, 0.00790387, -0.0010741, -0.000564393, 0.00945676, -0.00013208, -0.00136302, 0.010625, 0.00162068, -0.00208245, 0.00975626, 0.00270721, -0.00233214, 0.00965991, 0.00384843, -0.00196626, 0.0151929, 0.00719443, 0.00288473, 0.0204843, 0.00876478, 0.0102804, 0.0218325, 0.00816268, 0.0107888, 0.0290073, 0.000398414, 0.013528, 0.0353411, -0.0210822, 0.014714, 0.0375062, -0.0393388, 0.00595711, 0.0539447, -0.0171191, -0.000912689, 0.0539101, -0.0134584, -0.0145977, 0.0566476, -6.17322e-06, 9.44548e-05, 
0.0071823, 0.000376964, 0.00121181, 0.00730829, -3.90084e-05, 0.000797311, 0.00743548, -0.00044082, 0.000416601, 0.00757033, -0.000782805, 5.45412e-05, 0.00771291, -0.00102255, -0.000307242, 0.00786079, -0.00113621, -0.000646447, 0.00797731, -0.00111684, -0.00088643, 0.00804309, -0.000937344, -0.000999195, 0.00816033, -0.000601824, -0.000951922, 0.00829413, -0.000327652, -0.000721456, 0.00830504, -0.000186348, -0.000303659, 0.00824526, -0.000209132, 0.000217647, 0.00825889, -0.000367093, 0.000626273, 0.00799804, -0.000563644, 0.000810249, 0.00762786, -0.000763834, 0.000890428, 0.00722979, -0.000978483, 0.000908131, 0.00695844, -0.00119121, 0.000861629, 0.00693421, -0.00135088, 0.000757331, 0.00713152, -0.00144078, 0.000613789, 0.00743615, -0.00146839, 0.000438632, 0.00770256, -0.00143802, 0.000214564, 0.00785619, -0.00133658, -2.1898e-05, 0.00790981, -0.00118157, -0.000209214, 0.007958, -0.00105431, -0.000287936, 0.00800541, -0.00101825, -0.000294585, 0.00791396, -0.000995121, -0.000296502, 0.00774905, -0.000940429, -0.000275889, 0.00791128, -0.000969515, -0.000305572, 0.00846512, -0.0010538, -0.000519374, 0.0087262, -0.00105254, -0.000677096, 0.00862442, -0.00106742, -0.000661798, 0.00928854, -0.00070716, -0.000971835, 0.0104338, 0.000588882, -0.00148753, 0.0103236, 0.00188419, -0.00166483, 0.00909614, 0.00252058, -0.00170913, 0.0111249, 0.0043366, 0.00027735, 0.0165413, 0.00634923, 0.006705, 0.0183946, 0.00603565, 0.010479, 0.0217114, 0.00377015, 0.0119103, 0.0300724, -0.00889783, 0.0140132, 0.038161, -0.0320775, 0.00773579, 0.0449306, -0.0351784, -0.00338136, 0.0677754, -0.0104641, -0.010866, 0.0501368, -0.020096, -0.0387389, 0.0574288, 4.83868e-05, 0.000199247, 
0.00752079, 0.000419739, 0.00101322, 0.00765053, 1.40967e-05, 0.000603356, 0.00778294, -0.000384403, 0.000219348, 0.00792958, -0.000739649, -0.000151408, 0.00809385, -0.00101054, -0.000521325, 0.00827543, -0.00116123, -0.000896493, 0.00846015, -0.00116335, -0.00124098, 0.00862684, -0.000970343, -0.00147799, 0.0088448, -0.000581617, -0.0014979, 0.00908145, -0.000267678, -0.00129912, 0.00918988, -0.000119578, -0.000947618, 0.00911716, -0.000148331, -0.000474235, 0.00897276, -0.000353172, -1.43369e-05, 0.00861031, -0.000642925, 0.000251078, 0.00817893, -0.000898067, 0.00034933, 0.00771684, -0.00110833, 0.000360144, 0.00733118, -0.00130807, 0.000315801, 0.00716967, -0.00147762, 0.000211823, 0.00727763, -0.00157254, 7.07259e-05, 0.00756574, -0.00159678, -9.6438e-05, 0.00789249, -0.00155797, -0.000306941, 0.0081449, -0.00144376, -0.00054367, 0.00830136, -0.00126499, -0.00074383, 0.00842352, -0.0010844, -0.000849712, 0.00855801, -0.000975675, -0.000869994, 0.00862978, -0.000923773, -0.000863753, 0.00858539, -0.000851708, -0.000834047, 0.00866138, -0.000797755, -0.000785958, 0.00910379, -0.000817625, -0.000859887, 0.0095539, -0.000807908, -0.00102685, 0.00952825, -0.000812818, -0.00101791, 0.00956644, -0.000798593, -0.00102826, 0.0102012, -0.000140834, -0.00128949, 0.0105857, 0.00101374, -0.00138907, 0.00954848, 0.00163682, -0.00141237, 0.00925197, 0.00234728, -0.000955436, 0.0127163, 0.00383237, 0.00283076, 0.0156766, 0.00382112, 0.00764302, 0.0163807, 0.00313022, 0.00910063, 0.0209346, -0.00137019, 0.0106264, 0.029945, -0.016728, 0.00892732, 0.0363939, -0.0325894, -0.000868597, 0.0474533, -0.0217855, -0.00320647, 0.0538131, -0.0109924, -0.0224023, 0.0432461, -0.00977768, -0.0465437, 0.0579822, 1.3869e-05, 0.000277339, 
0.00778105, 0.000544705, 0.000857646, 0.0079142, 0.000150761, 0.000457974, 0.00805033, -0.000239802, 7.67842e-05, 0.00820205, -0.000593058, -0.000299336, 0.00837412, -0.00086745, -0.000677159, 0.00856604, -0.00101674, -0.0010769, 0.00878392, -0.00099545, -0.00149602, 0.00903281, -0.000764217, -0.00183436, 0.00934339, -0.000355816, -0.00192708, 0.0096386, -3.89658e-05, -0.00176788, 0.00982858, 0.000116982, -0.00146528, 0.00980097, 9.42463e-05, -0.0010363, 0.00954357, -0.00012819, -0.000587271, 0.0091151, -0.000480616, -0.000274333, 0.00858804, -0.000789728, -0.00016465, 0.00807445, -0.00100929, -0.000160724, 0.00763959, -0.0011961, -0.00020542, 0.00737431, -0.001367, -0.000306211, 0.00735858, -0.00147137, -0.000445505, 0.00756832, -0.0014999, -0.000607312, 0.00788866, -0.00145932, -0.000801002, 0.00818245, -0.00134095, -0.00102795, 0.0084094, -0.00114998, -0.00122902, 0.00859859, -0.000928326, -0.00135329, 0.00881311, -0.000746953, -0.00138655, 0.00903662, -0.000641108, -0.00137038, 0.00917812, -0.000555255, -0.00133159, 0.00928887, -0.000469269, -0.00125413, 0.00959883, -0.000443954, -0.00122627, 0.0100814, -0.000428071, -0.00132741, 0.0102444, -0.000410933, -0.00133841, 0.0100143, -0.000514341, -0.00125107, 0.0100936, -0.000358495, -0.00132703, 0.010488, 0.000420954, -0.00137779, 0.0100255, 0.00113553, -0.00129513, 0.00890888, 0.00144784, -0.00130582, 0.010136, 0.00223782, 0.000295498, 0.0131663, 0.00239994, 0.00433133, 0.0139712, 0.00166205, 0.0066825, 0.0150275, 0.000508095, 0.00755326, 0.0208593, -0.00647914, 0.00773689, 0.0293219, -0.0218452, 0.00165352, 0.0332266, -0.0241414, -0.0032308, 0.0446622, -0.0151997, -0.00628639, 0.039337, -0.00650472, -0.0341432, 0.0398826, 0.00282761, -0.0385962, 0.0581432, -8.21211e-05, 0.000348719, 
0.00799025, 0.000703408, 0.000767721, 0.00812727, 0.0003208, 0.00038606, 0.00826615, -5.8219e-05, 1.75674e-05, 0.00841743, -0.000397603, -0.000357025, 0.00858678, -0.000655301, -0.000744242, 0.0087758, -0.000780743, -0.00116414, 0.00900357, -0.000718163, -0.00162701, 0.00930818, -0.00043993, -0.00203111, 0.00969778, -2.06447e-05, -0.00218439, 0.0100409, 0.000294757, -0.0020597, 0.0102985, 0.000463568, -0.00177467, 0.0103241, 0.000448625, -0.00137602, 0.0100311, 0.000229262, -0.000962679, 0.00956827, -0.000142635, -0.000647343, 0.00896359, -0.000503224, -0.000529807, 0.00838379, -0.000751934, -0.000533453, 0.0079186, -0.000932301, -0.00058158, 0.0075931, -0.00109424, -0.000675906, 0.00746607, -0.00120808, -0.000814984, 0.00757121, -0.00124689, -0.000978912, 0.00783799, -0.00121, -0.00116595, 0.00813325, -0.00109286, -0.00138037, 0.00839308, -0.000896778, -0.00157787, 0.00862986, -0.000649987, -0.00171057, 0.00890148, -0.000414619, -0.00175178, 0.00923336, -0.000249195, -0.00172525, 0.00954781, -0.000138754, -0.00167126, 0.00976931, -4.52449e-05, -0.00158621, 0.0100267, 4.84245e-06, -0.00150308, 0.0104629, 2.67739e-05, -0.00150064, 0.0107492, 4.69477e-05, -0.00148929, 0.0105144, -5.70936e-05, -0.00140128, 0.0102254, -0.000167886, -0.00139058, 0.0103296, 0.000184549, -0.00142747, 0.0102518, 0.000834358, -0.00130177, 0.009255, 0.00114417, -0.00129472, 0.00896646, 0.00148746, -0.000889306, 0.0109993, 0.00167406, 0.00160758, 0.0125802, 0.000859946, 0.00435952, 0.0124988, 0.000233553, 0.00530384, 0.0145762, -0.00197799, 0.00574632, 0.0217488, -0.0116112, 0.00315237, 0.0267571, -0.0203421, -0.00365184, 0.0309512, -0.016685, -0.00248712, 0.0378137, -0.00993309, -0.015078, 0.0339798, 0.00360129, -0.0367088, 0.0389697, 0.00912215, -0.0298639, 0.0582248, -0.000215841, 0.000367879, 
0.00818402, 0.000861413, 0.000743027, 0.00832458, 0.000490256, 0.000383497, 0.00846535, 0.000124673, 3.44963e-05, 0.00861374, -0.00019618, -0.000330732, 0.00877549, -0.000428948, -0.000724092, 0.00895594, -0.000522164, -0.00115973, 0.00918235, -0.000417366, -0.001644, 0.00951816, -9.55481e-05, -0.0020798, 0.00997523, 0.00034437, -0.00227377, 0.0103753, 0.000671933, -0.0021704, 0.0106782, 0.000851889, -0.0018814, 0.010746, 0.000842167, -0.00149619, 0.0104824, 0.000634953, -0.00111548, 0.0100141, 0.000273391, -0.000825375, 0.00937598, -0.00011872, -0.000708408, 0.00873036, -0.000409394, -0.000721171, 0.0082153, -0.000598877, -0.000778444, 0.0078475, -0.000750302, -0.000867473, 0.00764079, -0.000868338, -0.00100407, 0.00764208, -0.000919185, -0.00117427, 0.00782936, -0.000889433, -0.00136587, 0.00810078, -0.000775083, -0.0015729, 0.00837035, -0.000577099, -0.00176611, 0.00863431, -0.000318515, -0.00189967, 0.00894043, -5.13251e-05, -0.00194321, 0.00933467, 0.000164036, -0.00190682, 0.00976926, 0.000307564, -0.00183234, 0.0101293, 0.000404614, -0.00174051, 0.0104327, 0.000466802, -0.00163099, 0.0108095, 0.000493214, -0.00153469, 0.0111172, 0.000497622, -0.00146596, 0.010996, 0.000418627, -0.00138841, 0.0105698, 0.00022889, -0.00135892, 0.0103325, 0.000259361, -0.00140818, 0.0103115, 0.000691428, -0.00132182, 0.00972457, 0.00106162, -0.00120304, 0.00883908, 0.00124744, -0.00119934, 0.00955928, 0.00140255, -7.42559e-05, 0.0113138, 0.000735248, 0.00225283, 0.0116405, -0.000164876, 0.00358645, 0.0115978, -0.000718338, 0.00396356, 0.015474, -0.00503263, 0.00327455, 0.0217991, -0.0138975, -0.00213261, 0.0234809, -0.0150859, -0.00440807, 0.029035, -0.0121556, -0.00565098, 0.0328375, -0.00211349, -0.0215682, 0.0327034, 0.0127397, -0.0319425, 0.0379039, 0.0132606, -0.0239994, 0.058304, -0.000345872, 0.000317736, 
0.00846286, 0.00100402, 0.000789364, 0.00860834, 0.000640263, 0.000454315, 0.00875288, 0.00028338, 0.000129065, 0.00890111, -2.52281e-05, -0.000220779, 0.00905829, -0.000239524, -0.000617702, 0.0092348, -0.000305693, -0.00107358, 0.00946404, -0.000162866, -0.00158063, 0.00982631, 0.000210822, -0.00204009, 0.0103568, 0.000711282, -0.00225478, 0.0108304, 0.00107893, -0.00214424, 0.0111797, 0.00127529, -0.00182857, 0.0112965, 0.00127, -0.00142573, 0.0111001, 0.00107193, -0.00105447, 0.0106689, 0.000727049, -0.00078709, 0.0100421, 0.00032503, -0.000677166, 0.00935582, -6.42194e-06, -0.000700307, 0.00877149, -0.000223513, -0.000774266, 0.00834889, -0.000375447, -0.000866741, 0.00807996, -0.000495371, -0.00100133, 0.0079863, -0.000557779, -0.00117942, 0.00807768, -0.000537467, -0.00138291, 0.00829679, -0.00042638, -0.00159244, 0.00855508, -0.000227797, -0.00178353, 0.00882871, 3.4193e-05, -0.00191408, 0.0091525, 0.00031531, -0.00195573, 0.00957384, 0.000562542, -0.00191086, 0.0100763, 0.000735859, -0.00181593, 0.0105662, 0.00084114, -0.00170887, 0.0109755, 0.000910644, -0.00158018, 0.0113295, 0.000939451, -0.00142215, 0.01161, 0.000921674, -0.00128846, 0.0116104, 0.000854567, -0.00120322, 0.011236, 0.000683798, -0.00117712, 0.0107779, 0.000557082, -0.00124627, 0.0105983, 0.000749148, -0.00124177, 0.0103107, 0.00110318, -0.00107899, 0.00946348, 0.00130207, -0.00105349, 0.0092011, 0.00144624, -0.00069856, 0.0104153, 0.00103802, 0.000841967, 0.0113845, -7.03329e-05, 0.00240952, 0.0110246, -0.000718918, 0.00298815, 0.012077, -0.00228658, 0.00302466, 0.0172694, -0.00855401, -7.91045e-05, 0.0208436, -0.013321, -0.00543244, 0.0228919, -0.0127077, -0.00606887, 0.0298493, -0.00766883, -0.0140446, 0.0360052, 0.00853972, -0.0265524, 0.040304, 0.0257699, -0.0275927, 0.0577226, 0.0121089, -0.00764326, 0.0541058, 0.0220646, 0.00255658, 0.0568979, -7.48975e-05, -9.62722e-06, 
0.00888067, 0.00114087, 0.000918239, 0.0090355, 0.000775402, 0.000615008, 0.00918826, 0.000417791, 0.00032037, 0.00934179, 0.000109965, -6.40933e-06, 0.00950032, -9.80463e-05, -0.000400532, 0.00967824, -0.000145797, -0.000876343, 0.00991458, 3.27336e-05, -0.00140918, 0.0103001, 0.000470462, -0.00188656, 0.0109018, 0.00106475, -0.00209646, 0.0114595, 0.00149181, -0.00195425, 0.0118796, 0.00171263, -0.00160012, 0.0120848, 0.00171683, -0.00116292, 0.0120007, 0.00151779, -0.000760415, 0.0116224, 0.00117865, -0.000499207, 0.0110357, 0.0007848, -0.000400325, 0.0103435, 0.000429692, -0.000434311, 0.00969471, 0.000178384, -0.000529473, 0.00919631, 1.2172e-05, -0.000636758, 0.00885924, -0.000112349, -0.000774548, 0.00867559, -0.000185736, -0.000962272, 0.00865917, -0.000176298, -0.00118308, 0.00879157, -6.90486e-05, -0.00140676, 0.00900628, 0.00013045, -0.0016025, 0.00926642, 0.000393875, -0.00173153, 0.00958991, 0.000679767, -0.00177012, 0.0100146, 0.000942015, -0.00171858, 0.0105493, 0.00113648, -0.00160616, 0.0111395, 0.00125654, -0.00147377, 0.0116704, 0.00133264, -0.00132052, 0.012067, 0.00136212, -0.00112924, 0.0123546, 0.00132782, -0.000944071, 0.0124678, 0.00124154, -0.000813662, 0.0122197, 0.00109692, -0.000779897, 0.0117083, 0.000932186, -0.000857777, 0.011324, 0.000943393, -0.00093497, 0.0111012, 0.00118692, -0.000832141, 0.0105101, 0.0014067, -0.000715942, 0.00979997, 0.00155489, -0.00064879, 0.0101676, 0.00140953, 0.000110854, 0.0112408, 0.000463932, 0.00143805, 0.0113628, -0.000535953, 0.00220394, 0.0110368, -0.00114207, 0.00243342, 0.0136997, -0.00431717, 0.00120278, 0.0181412, -0.00945124, -0.00370556, 0.0195228, -0.010693, -0.00662835, 0.0231989, -0.00939981, -0.00945732, 0.030936, -0.000238228, -0.0186007, 0.0390288, 0.019972, -0.0255747, 0.0470524, 0.025731, -0.0176407, 0.0663712, 0.0134231, 0.00157237, 0.0504481, 0.0394507, 0.0152927, 0.0576425, -0.000165451, -6.85078e-05, 
0.00930856, 0.00122935, 0.00109221, 0.00947638, 0.000854655, 0.000825308, 0.00964101, 0.000488484, 0.000564732, 0.00980331, 0.000174069, 0.00026717, 0.00996536, -3.47289e-05, -0.000110079, 0.0101422, -7.09972e-05, -0.000584756, 0.0103775, 0.000132609, -0.00112011, 0.0107639, 0.000609937, -0.00158555, 0.0113883, 0.00126232, -0.00176241, 0.0119919, 0.00172545, -0.00158346, 0.0124651, 0.0019588, -0.00120471, 0.0127512, 0.00196996, -0.000743039, 0.0127649, 0.00176958, -0.000313553, 0.0124559, 0.00143346, -4.99368e-05, 0.0119212, 0.001059, 3.65454e-05, 0.0112571, 0.000708604, -7.36087e-06, 0.0105821, 0.000437594, -0.00012034, 0.0100223, 0.000254636, -0.00024722, 0.00962617, 0.000125261, -0.000392146, 0.00937823, 4.53194e-05, -0.000586551, 0.00927579, 4.65787e-05, -0.00082301, 0.00931912, 0.000150783, -0.00106468, 0.00947494, 0.000352081, -0.00126968, 0.00970772, 0.00061848, -0.00140023, 0.0100183, 0.000906452, -0.00143635, 0.0104308, 0.00117246, -0.00137997, 0.0109678, 0.0013789, -0.00125446, 0.0116025, 0.0015149, -0.00109394, 0.0122152, 0.0015957, -0.00091286, 0.0126841, 0.00162287, -0.000706249, 0.0130105, 0.00157769, -0.000485775, 0.0131851, 0.00145984, -0.00030557, 0.0130612, 0.00131377, -0.000247285, 0.0126137, 0.00115923, -0.000317738, 0.0121011, 0.00108026, -0.000445636, 0.0117867, 0.00119139, -0.000450946, 0.0114032, 0.00138121, -0.000321068, 0.0106825, 0.00152751, -0.000282409, 0.0103817, 0.00155929, -2.91518e-05, 0.0110508, 0.000985484, 0.000802879, 0.0116139, -8.62149e-05, 0.00155783, 0.0111675, -0.000664277, 0.00182134, 0.0117296, -0.00181253, 0.00155254, 0.015169, -0.00532167, -0.00145011, 0.0175341, -0.00755642, -0.00556479, 0.0184533, -0.00755789, -0.00706407, 0.0230336, -0.00446425, -0.0112545, 0.0315427, 0.00846712, -0.0183007, 0.0381626, 0.0240014, -0.0186323, 0.0489294, 0.0163628, -0.0104822, 0.052897, 0.0216776, 0.00941875, 0.0452887, 0.0341024, 0.0257427, 0.0580406, -0.000190338, -0.000156602, 
0.00970585, 0.00125154, 0.0012704, 0.00989022, 0.000860031, 0.00103864, 0.0100705, 0.000477236, 0.000810837, 0.0102454, 0.000148553, 0.000543229, 0.0104142, -6.94126e-05, 0.000192229, 0.0105911, -0.000106282, -0.000263682, 0.0108221, 0.000104146, -0.000782452, 0.0111964, 0.000590129, -0.00121889, 0.0118043, 0.00125389, -0.00135346, 0.0124152, 0.00172554, -0.00114288, 0.01292, 0.00196181, -0.000745069, 0.0132468, 0.00197156, -0.000265818, 0.0133116, 0.00177217, 0.000168579, 0.0130819, 0.00144209, 0.000436149, 0.0126087, 0.00108485, 0.00051544, 0.0119915, 0.000756118, 0.00046405, 0.0113302, 0.000486273, 0.000340866, 0.0107407, 0.000292483, 0.000196396, 0.0103004, 0.000158436, 4.07056e-05, 0.0100105, 7.58098e-05, -0.000157909, 0.0098521, 7.26562e-05, -0.000404921, 0.00982406, 0.000175259, -0.000662271, 0.00992027, 0.000379062, -0.000878084, 0.010119, 0.000649888, -0.00101235, 0.0104115, 0.000939291, -0.00104671, 0.01081, 0.001203, -0.000986482, 0.0113351, 0.00141311, -0.00085228, 0.0119697, 0.00155905, -0.000669913, 0.0126173, 0.00164088, -0.000464937, 0.0131542, 0.0016633, -0.000244745, 0.0135202, 0.00160909, 6.49903e-08, 0.0137045, 0.00146827, 0.00020817, 0.0136709, 0.00130205, 0.000295528, 0.0133376, 0.00115595, 0.000245055, 0.0128092, 0.00105592, 0.0001038, 0.0123729, 0.00107616, 6.60506e-06, 0.0120554, 0.00120531, 7.13676e-05, 0.011509, 0.00133504, 0.000147489, 0.010913, 0.00144132, 0.000203677, 0.0110198, 0.00121967, 0.000596467, 0.0116345, 0.000371127, 0.00117348, 0.0116018, -0.000418395, 0.00143501, 0.0112308, -0.000858114, 0.00146379, 0.0129276, -0.00261941, 0.00012698, 0.0157458, -0.00481004, -0.00352566, 0.0165354, -0.00525655, -0.00587902, 0.0179079, -0.00457835, -0.00751854, 0.0236719, 0.00119897, -0.0118085, 0.0318593, 0.0157176, -0.0150367, 0.0361695, 0.019146, -0.0121918, 0.0461008, 0.0148631, -0.00427177, 0.0420222, 0.0251893, 0.0205858, 0.0436201, 0.0200633, 0.0271954, 0.0581313, -0.000173524, -0.000271893, 
0.0100816, 0.00121644, 0.00142742, 0.0102866, 0.00080002, 0.0012253, 0.0104868, 0.000392182, 0.00102508, 0.0106788, 4.07729e-05, 0.000783299, 0.0108599, -0.000196262, 0.000459008, 0.0110425, -0.000248007, 2.78051e-05, 0.0112731, -4.85101e-05, -0.000468268, 0.0116352, 0.000423111, -0.000875038, 0.0122119, 0.00106551, -0.000974968, 0.0128095, 0.00152795, -0.000741913, 0.0133251, 0.00176084, -0.000323172, 0.0136575, 0.00176257, 0.000168651, 0.013739, 0.00156311, 0.000597809, 0.0135706, 0.00124139, 0.000864828, 0.0131651, 0.000896187, 0.000942939, 0.0126033, 0.000590436, 0.000887448, 0.0119799, 0.000337005, 0.000761296, 0.011394, 0.000143104, 0.000606627, 0.01093, 6.32663e-06, 0.000439534, 0.0106124, -7.67754e-05, 0.000236982, 0.0104206, -8.15055e-05, -1.53272e-05, 0.0103436, 2.0836e-05, -0.000283613, 0.010387, 0.000227841, -0.000509992, 0.0105471, 0.000503858, -0.000649463, 0.0108172, 0.000795448, -0.000683086, 0.0112029, 0.00105635, -0.000619396, 0.0117118, 0.0012645, -0.000479728, 0.0123253, 0.00141063, -0.000286246, 0.0129771, 0.00148927, -6.57698e-05, 0.0135575, 0.00150548, 0.000172489, 0.0139508, 0.00144297, 0.000432999, 0.0141282, 0.00128999, 0.000651675, 0.0141361, 0.00110059, 0.00075975, 0.0139127, 0.00094377, 0.000733052, 0.0134528, 0.000845505, 0.000603261, 0.0129509, 0.000826041, 0.000458284, 0.0125962, 0.000897993, 0.000429883, 0.0122056, 0.000999475, 0.000499753, 0.0116104, 0.0011116, 0.000528444, 0.0112927, 0.00111208, 0.000663814, 0.0116301, 0.000624682, 0.00100616, 0.0119334, -0.000185486, 0.00122326, 0.0115364, -0.00062033, 0.00126301, 0.0118554, -0.0013238, 0.000845236, 0.0140405, -0.00283128, -0.00149381, 0.015601, -0.00348346, -0.00438399, 0.0157796, -0.00331446, -0.00574716, 0.0181216, -0.00142447, -0.00773417, 0.0251949, 0.00742982, -0.0108445, 0.0304043, 0.0171597, -0.010066, 0.0344505, 0.0143585, -0.00834539, 0.040681, 0.0167404, 0.00550005, 0.0387899, 0.0188644, 0.0278627, 0.043263, 0.0107177, 0.0255715, 0.05818, -9.40964e-05, -0.000370629, 
0.0104486, 0.00114098, 0.0015522, 0.0106785, 0.000691946, 0.0013717, 0.0109029, 0.000251457, 0.0011913, 0.0111169, -0.000130386, 0.000967897, 0.0113164, -0.000395489, 0.000663573, 0.0115127, -0.000473581, 0.000253374, 0.0117503, -0.000298021, -0.000223295, 0.0121074, 0.000144187, -0.00060869, 0.0126571, 0.000748208, -0.000689729, 0.0132329, 0.00119189, -0.000443307, 0.0137383, 0.00141495, -6.50894e-06, 0.0140589, 0.0014057, 0.000494955, 0.0141379, 0.0012027, 0.000919175, 0.0140011, 0.000887553, 0.00118155, 0.0136534, 0.000551277, 0.0012602, 0.0131483, 0.000262618, 0.00120361, 0.0125728, 3.08298e-05, 0.00107887, 0.0120145, -0.000152559, 0.000923065, 0.0115502, -0.000287532, 0.000749027, 0.0112189, -0.000369312, 0.00054287, 0.0110096, -0.000373666, 0.000289048, 0.0109041, -0.000270505, 1.46847e-05, 0.0109065, -5.94263e-05, -0.000220947, 0.011027, 0.000222583, -0.0003665, 0.0112703, 0.000518495, -0.000400762, 0.0116403, 0.000779676, -0.00033401, 0.0121315, 0.000982957, -0.000190984, 0.0127215, 0.00112055, 4.09541e-06, 0.0133629, 0.00119232, 0.000231255, 0.0139567, 0.00120139, 0.000485674, 0.0143646, 0.00113085, 0.000756748, 0.0145389, 0.0009716, 0.000978965, 0.0145531, 0.000765021, 0.00109674, 0.0144011, 0.000585294, 0.00108812, 0.0140407, 0.000481766, 0.000977595, 0.0135519, 0.000452641, 0.000824309, 0.0131383, 0.000491389, 0.000725325, 0.0128116, 0.000566414, 0.000739571, 0.0123408, 0.000657887, 0.000774681, 0.0118421, 0.000747844, 0.000813541, 0.0118069, 0.000578527, 0.00097283, 0.0121454, -2.18269e-05, 0.00111797, 0.0120595, -0.000569582, 0.00110363, 0.0117709, -0.000907833, 0.000993829, 0.0128547, -0.00170511, -0.000136307, 0.0147018, -0.00231209, -0.00261196, 0.0151985, -0.00215982, -0.00443052, 0.0154783, -0.00158121, -0.00550548, 0.0194926, 0.00240178, -0.00745855, 0.0259491, 0.0116665, -0.00785446, 0.0279139, 0.0143146, -0.00649741, 0.0329242, 0.0135076, -0.00292383, 0.0373399, 0.0145944, 0.0146607, 0.0383436, 0.00940077, 0.0296961, 0.042463, 0.00409559, 0.0247197, 0.0582298, 2.98767e-05, -0.000424409, 
0.0108993, 0.0010185, 0.00164591, 0.0111612, 0.00052516, 0.00147737, 0.0114171, 3.99861e-05, 0.00130727, 0.0116619, -0.000385845, 0.00108978, 0.011892, -0.000693558, 0.000786704, 0.0121182, -0.000809618, 0.000373022, 0.0123827, -0.000660444, -0.000112319, 0.0127613, -0.00023517, -0.000504779, 0.0133114, 0.000350759, -0.00057878, 0.0138665, 0.000781916, -0.000311989, 0.0143497, 0.000994232, 0.000150727, 0.0146502, 0.00097098, 0.000674254, 0.0147162, 0.000756231, 0.00110578, 0.01459, 0.000437069, 0.00136884, 0.0142834, 0.00010141, 0.00144977, 0.0138337, -0.000180729, 0.00139454, 0.0133119, -0.000396927, 0.0012722, 0.0127973, -0.00056637, 0.00112012, 0.0123566, -0.000695437, 0.000944721, 0.0120302, -0.000774079, 0.000736065, 0.0118178, -0.000776409, 0.000482082, 0.0117007, -0.0006713, 0.000204879, 0.0116756, -0.000455417, -3.80059e-05, 0.0117592, -0.000166426, -0.000189947, 0.0119695, 0.000136383, -0.000226465, 0.0123135, 0.000400966, -0.000157875, 0.0127808, 0.000598192, -1.3451e-05, 0.0133476, 0.000722967, 0.000177888, 0.0139686, 0.000785451, 0.000404309, 0.014549, 0.00078723, 0.000667471, 0.0149561, 0.000708331, 0.000947355, 0.015132, 0.000544477, 0.00117163, 0.0151462, 0.000327479, 0.00129374, 0.0150317, 0.000122736, 0.00129616, 0.0147667, -2.61691e-06, 0.00120212, 0.0143541, -4.10155e-05, 0.0010597, 0.0139279, -1.8176e-05, 0.000928853, 0.0136068, 3.87604e-05, 0.000876382, 0.0132595, 0.000110307, 0.000889163, 0.0127758, 0.000210118, 0.000908383, 0.0124679, 0.000225241, 0.000975862, 0.0126119, -9.50381e-05, 0.00106201, 0.0127576, -0.000628519, 0.00101476, 0.0124492, -0.000978131, 0.00090714, 0.0126419, -0.00138969, 0.000432802, 0.0140715, -0.00183552, -0.00122868, 0.0151927, -0.00167561, -0.00327725, 0.015102, -0.00117498, -0.00454142, 0.0164189, 0.00048599, -0.00578655, 0.0218187, 0.00675821, -0.00665667, 0.0258129, 0.0133317, -0.00500484, 0.0277799, 0.0143568, -0.00337892, 0.0345608, 0.0148641, 0.00614464, 0.0412041, 0.00927341, 0.0238757, 0.0456191, -0.00230842, 0.0331718, 0.0589998, -0.00341019, 0.0109457, 0.0549521, -0.0180153, 0.0121068, 0.0571609, 1.87836e-05, -3.59066e-05, 
0.0114472, 0.000865099, 0.0016904, 0.0117506, 0.000313503, 0.00152396, 0.0120469, -0.000229288, 0.00135416, 0.0123324, -0.000712604, 0.00112957, 0.0126056, -0.00107576, 0.000807761, 0.012878, -0.00123771, 0.000363576, 0.0131919, -0.00111401, -0.000161683, 0.0136188, -0.000691482, -0.000587186, 0.0141963, -0.000102349, -0.000662325, 0.0147375, 0.000321678, -0.000372888, 0.0151911, 0.000521726, 0.000115407, 0.01547, 0.000482985, 0.000667922, 0.0155128, 0.000243691, 0.00112664, 0.015361, -9.49531e-05, 0.00139557, 0.0150594, -0.000437582, 0.00147537, 0.0146451, -0.000720164, 0.00142009, 0.0141718, -0.000928622, 0.00129906, 0.0137072, -0.00108548, 0.00115205, 0.0133092, -0.00120519, 0.000981529, 0.0130122, -0.0012782, 0.000774901, 0.0128194, -0.00127637, 0.00052176, 0.0127121, -0.00116673, 0.000242487, 0.0126794, -0.000943201, -6.77762e-06, 0.012738, -0.000643392, -0.000165519, 0.0129154, -0.000328976, -0.000205439, 0.0132267, -5.76206e-05, -0.000135893, 0.0136665, 0.00013522, 9.41658e-06, 0.014211, 0.000247902, 0.000196548, 0.0148053, 0.000299248, 0.000415349, 0.0153601, 0.000293582, 0.000672587, 0.0157615, 0.000207432, 0.000957483, 0.0159373, 3.08294e-05, 0.00119295, 0.0159361, -0.000196872, 0.00131615, 0.0158254, -0.000419601, 0.00132066, 0.0156213, -0.00057306, 0.00123415, 0.0153032, -0.000630683, 0.00110357, 0.0149229, -0.000618866, 0.000970429, 0.0146053, -0.000573397, 0.000872832, 0.0143374, -0.000511951, 0.00083251, 0.0139582, -0.000421045, 0.000828135, 0.0135431, -0.00032635, 0.000855631, 0.0134308, -0.000406731, 0.000907083, 0.0135871, -0.000762367, 0.00086753, 0.0134701, -0.0011282, 0.000724555, 0.013239, -0.00139503, 0.000497223, 0.0139243, -0.00166842, -0.000381438, 0.0151946, -0.00154701, -0.00203005, 0.0155358, -0.000977392, -0.00345629, 0.0154638, -0.000137231, -0.00440534, 0.0183312, 0.00305672, -0.00520579, 0.0231594, 0.00922704, -0.00415092, 0.024704, 0.0125406, -0.00224478, 0.0280113, 0.0136901, 0.00145334, 0.0357665, 0.0112861, 0.0132693, 0.0436737, 0.000321282, 0.0281863, 0.0497971, -0.00687315, 0.0250584, 0.062925, -0.00899306, 0.00618177, 0.0523924, -0.0353064, 0.011077, 0.0577563, 0.000122939, -4.66158e-05, 
0.0120031, 0.000742252, 0.00167477, 0.0123515, 0.000130478, 0.00149834, 0.0126914, -0.000471525, 0.00131691, 0.0130204, -0.00101175, 0.00107344, 0.0133392, -0.00142706, 0.000720616, 0.0136632, -0.00163064, 0.000232755, 0.0140383, -0.00153225, -0.000345397, 0.0145274, -0.00111733, -0.0008145, 0.0151496, -0.00053069, -0.000906289, 0.0156939, -0.000118298, -0.000613802, 0.016123, 6.81734e-05, -0.000113491, 0.0163721, 1.27277e-05, 0.00046522, 0.0163741, -0.000254883, 0.000950687, 0.0161716, -0.000620319, 0.00122488, 0.0158354, -0.000974588, 0.001297, 0.0154179, -0.00125838, 0.00123566, 0.0149638, -0.00146132, 0.00111278, 0.0145296, -0.00160651, 0.000970383, 0.0141685, -0.00171465, 0.000810033, 0.0139103, -0.00178026, 0.000612843, 0.0137545, -0.00177326, 0.000364259, 0.0136787, -0.00165681, 8.39375e-05, 0.0136646, -0.0014217, -0.000170819, 0.0137234, -0.00110526, -0.000335723, 0.0138859, -0.000773731, -0.000377908, 0.0141767, -0.000492803, -0.000305978, 0.0146012, -0.000301977, -0.00015789, 0.0151342, -0.00020013, 2.67945e-05, 0.0157114, -0.000162632, 0.000231932, 0.0162483, -0.000176082, 0.000471772, 0.0166381, -0.000268746, 0.00075974, 0.0167968, -0.000461261, 0.00100733, 0.0167658, -0.000701864, 0.00112958, 0.0166275, -0.000933747, 0.00112731, 0.0164324, -0.00110532, 0.00103737, 0.0161728, -0.00118068, 0.000910367, 0.0158512, -0.00117498, 0.000788284, 0.0155475, -0.00113274, 0.000682873, 0.0153127, -0.00107322, 0.00060067, 0.0150385, -0.000985724, 0.000558169, 0.0146502, -0.0008681, 0.000561132, 0.0143612, -0.000807018, 0.000598295, 0.0143796, -0.00094698, 0.000590397, 0.0144103, -0.00122849, 0.000462674, 0.0141477, -0.00145318, 0.000287244, 0.0142241, -0.00162208, -0.000120768, 0.0151534, -0.00155477, -0.0011403, 0.0159381, -0.00102852, -0.00239987, 0.0157115, -0.000333755, -0.00328536, 0.0164375, 0.00109393, -0.00389771, 0.0201683, 0.00505153, -0.003455, 0.0228747, 0.00912053, -0.00144617, 0.0235872, 0.010889, 0.000459784, 0.028023, 0.0108098, 0.00591886, 0.0366632, 0.00444473, 0.0174328, 0.0427986, -0.00621591, 0.0250651, 0.0498385, -0.00480102, 0.0158908, 0.0528353, -0.0205173, 0.00501114, 0.0488326, -0.0359754, -0.000202694, 0.0580078, 0.00020988, 3.36705e-06, 
0.0125511, 0.000672468, 0.00162336, 0.0129443, 6.06e-06, 0.00142629, 0.0133282, -0.00065035, 0.00122213, 0.0137001, -0.00124045, 0.000949053, 0.0140631, -0.00169764, 0.000554739, 0.0144397, -0.00193173, 1.14654e-05, 0.014883, -0.00185054, -0.000628356, 0.0154465, -0.0014425, -0.00114843, 0.016131, -0.000863194, -0.00127074, 0.0166997, -0.000463528, -0.000991389, 0.0171188, -0.000288855, -0.000487071, 0.0173279, -0.000362147, 0.000113835, 0.0172767, -0.000656714, 0.000617627, 0.0170168, -0.00105096, 0.000895455, 0.0166267, -0.00142166, 0.00095646, 0.0161763, -0.00170761, 0.000883428, 0.0157132, -0.00190527, 0.000755028, 0.0152851, -0.0020398, 0.000615304, 0.0149422, -0.00213637, 0.000466522, 0.0147141, -0.00219461, 0.000283565, 0.014597, -0.00218314, 4.37851e-05, 0.0145626, -0.00205957, -0.000235781, 0.0145852, -0.00181024, -0.000495198, 0.014667, -0.00147241, -0.000665093, 0.0148363, -0.00111958, -0.000707227, 0.015126, -0.000826357, -0.000630179, 0.0155503, -0.00063497, -0.000476279, 0.0160841, -0.000544022, -0.000292658, 0.0166603, -0.000522825, -0.000104184, 0.0171919, -0.000544276, 0.000115932, 0.0175608, -0.000641947, 0.000403427, 0.0176877, -0.000846868, 0.000656911, 0.0176214, -0.00110179, 0.000777528, 0.0174432, -0.00133936, 0.000764677, 0.0172237, -0.00151659, 0.00066505, 0.0169801, -0.00160196, 0.00053424, 0.016702, -0.00159993, 0.000421706, 0.0164199, -0.00155639, 0.000331988, 0.0161915, -0.00149593, 0.000240363, 0.0159809, -0.00140532, 0.000164115, 0.0156763, -0.00128054, 0.000140243, 0.015331, -0.00115963, 0.000169266, 0.0151849, -0.00114241, 0.000195621, 0.0152293, -0.00128248, 0.000127728, 0.015098, -0.00146328, -2.64916e-05, 0.0148936, -0.00159004, -0.000248049, 0.0153019, -0.00157338, -0.000775746, 0.0161611, -0.00118801, -0.00165769, 0.0163407, -0.000514341, -0.00247088, 0.0161014, 0.000303594, -0.00299527, 0.0179522, 0.00236513, -0.00293763, 0.0211254, 0.00573015, -0.00137612, 0.0219568, 0.00799762, 0.000593014, 0.0230736, 0.00893073, 0.00313702, 0.0289431, 0.00647571, 0.00950125, 0.0373042, -0.00271793, 0.0185226, 0.0402593, -0.00653599, 0.0185992, 0.0471622, -0.00832614, 0.0109687, 0.045725, -0.0291516, -0.00209481, 0.0474888, -0.0275589, -0.0089339, 0.0580778, 0.000264301, 0.000102534, 
0.0131055, 0.000654785, 0.00156769, 0.0135425, -5.87912e-05, 0.00134255, 0.0139696, -0.000762224, 0.00110766, 0.0143828, -0.00139355, 0.000796557, 0.0147882, -0.00188154, 0.000351132, 0.0152181, -0.00213278, -0.000258425, 0.0157347, -0.00205445, -0.000967987, 0.0163858, -0.00164342, -0.0015451, 0.0171518, -0.00106727, -0.00170501, 0.0177642, -0.000674573, -0.00144062, 0.0181847, -0.000509385, -0.000932113, 0.018351, -0.000600336, -0.000314423, 0.018241, -0.000920261, 0.000200871, 0.017923, -0.00134289, 0.000479521, 0.0174744, -0.00173426, 0.00052823, 0.0169748, -0.00202545, 0.000439298, 0.0164822, -0.00221852, 0.000301622, 0.016041, -0.00234384, 0.000161698, 0.0156977, -0.00243041, 2.25056e-05, 0.015484, -0.00248242, -0.000145467, 0.0153965, -0.002468, -0.000373774, 0.0154026, -0.00233843, -0.000650584, 0.0154696, -0.00207403, -0.000913694, 0.0155895, -0.00171249, -0.00108689, 0.0157856, -0.00133569, -0.0011262, 0.0160939, -0.00102684, -0.00104058, 0.0165329, -0.000832678, -0.000877391, 0.0170805, -0.000753507, -0.000693263, 0.0176711, -0.000748944, -0.000518405, 0.0182037, -0.000778283, -0.000314478, 0.0185453, -0.000878309, -3.34614e-05, 0.0186325, -0.00108999, 0.000218543, 0.0185273, -0.00135802, 0.000335802, 0.0183081, -0.00160244, 0.000311656, 0.0180508, -0.00177805, 0.000199868, 0.0177939, -0.00186438, 6.19049e-05, 0.0175348, -0.00186387, -4.75743e-05, 0.0172743, -0.00181822, -0.000117349, 0.0170459, -0.00175779, -0.000192171, 0.0168572, -0.00166446, -0.00028182, 0.0166301, -0.00153075, -0.000333546, 0.0163174, -0.00138572, -0.000318028, 0.0160659, -0.00128462, -0.000269151, 0.0160263, -0.00129333, -0.000266199, 0.016002, -0.00139554, -0.000361932, 0.0157837, -0.00149535, -0.000518017, 0.0157827, -0.00151328, -0.000780721, 0.0163769, -0.00129157, -0.00127904, 0.0169009, -0.00073886, -0.00189499, 0.0166409, -5.57495e-05, -0.00236389, 0.0170135, 0.00100538, -0.00249665, 0.0194176, 0.00313638, -0.00157802, 0.0211883, 0.00532484, 0.000348229, 0.0211915, 0.00660937, 0.00227217, 0.023426, 0.00628004, 0.00545954, 0.0307616, 0.000943181, 0.0117339, 0.0358407, -0.00659942, 0.0158491, 0.0378903, -0.00600432, 0.0139084, 0.0435114, -0.0154722, 0.00433253, 0.0434673, -0.0280724, -0.0111394, 0.0468093, -0.0207687, -0.0133349, 0.0581283, 0.000256671, 0.000221999, 
0.0136824, 0.00068013, 0.00153315, 0.0141628, -7.36067e-05, 0.00127553, 0.0146319, -0.00081627, 0.00100536, 0.0150852, -0.00148038, 0.000650564, 0.0155319, -0.00198938, 0.000146674, 0.0160153, -0.00224516, -0.00053639, 0.0166103, -0.00215441, -0.00132171, 0.0173621, -0.0017268, -0.00195902, 0.0182274, -0.001142, -0.00215488, 0.0188969, -0.000747874, -0.00189615, 0.0193255, -0.000590406, -0.00137822, 0.0194532, -0.000698206, -0.000747273, 0.0192838, -0.0010419, -0.000225966, 0.0189073, -0.00149141, 4.95112e-05, 0.0184011, -0.00190569, 8.46983e-05, 0.0178456, -0.0022061, -2.32051e-05, 0.0173096, -0.00239636, -0.000174129, 0.0168415, -0.00251432, -0.00031777, 0.0164837, -0.00259331, -0.000451455, 0.0162692, -0.0026407, -0.000607028, 0.0161984, -0.00262479, -0.000823699, 0.0162378, -0.0024907, -0.0010966, 0.0163484, -0.002212, -0.00136205, 0.0165141, -0.00182695, -0.00153635, 0.0167522, -0.00142483, -0.00157003, 0.0170964, -0.00109736, -0.00147214, 0.0175653, -0.000899326, -0.00129593, 0.0181419, -0.000831742, -0.00110723, 0.018758, -0.000842059, -0.000937709, 0.0192936, -0.00087903, -0.00074514, 0.019606, -0.000979176, -0.000474898, 0.0196499, -0.00119173, -0.000231183, 0.0195025, -0.00146872, -0.000120589, 0.0192428, -0.00172178, -0.000156351, 0.0189452, -0.00189475, -0.000281459, 0.01866, -0.00197539, -0.000427524, 0.0183977, -0.00197283, -0.000538519, 0.0181501, -0.00192493, -0.000594303, 0.0179238, -0.00186613, -0.000642405, 0.017734, -0.00177559, -0.000723134, 0.0175502, -0.00163331, -0.000793233, 0.017303, -0.00147012, -0.000796504, 0.0170281, -0.00133037, -0.000740596, 0.0168874, -0.00125422, -0.000683305, 0.0168779, -0.00126795, -0.000694946, 0.0167527, -0.00132892, -0.000791655, 0.0165697, -0.00136029, -0.000942594, 0.0167902, -0.00126337, -0.00118566, 0.0173472, -0.000907174, -0.00155057, 0.0174227, -0.000321678, -0.00191576, 0.0171706, 0.000382562, -0.00210794, 0.0183106, 0.00156053, -0.00170095, 0.0203548, 0.00317193, -0.000238061, 0.0208491, 0.00444221, 0.00163639, 0.0209461, 0.0049215, 0.00368038, 0.0250144, 0.00271361, 0.00720296, 0.0317365, -0.00400339, 0.0114877, 0.0329714, -0.00705269, 0.0123547, 0.0365664, -0.00896435, 0.00932232, 0.041432, -0.0185356, -0.00398902, 0.0428587, -0.022044, -0.017679, 0.0458506, -0.0156425, -0.0167746, 0.0581794, 0.000190578, 0.000330147, 
0.0143765, 0.00073495, 0.0015365, 0.0149026, -5.63131e-05, 0.00124351, 0.0154161, -0.000835158, 0.000935161, 0.0159118, -0.00152919, 0.000530584, 0.0164041, -0.00205576, -4.24568e-05, 0.0169495, -0.00230814, -0.000814302, 0.0176391, -0.0021866, -0.001694, 0.0185194, -0.00170943, -0.00240319, 0.0195128, -0.00107995, -0.00262029, 0.0202513, -0.000667484, -0.00233876, 0.020696, -0.000513662, -0.00178796, 0.0207909, -0.000640567, -0.00113212, 0.0205664, -0.00100996, -0.000603335, 0.0201348, -0.00148759, -0.000331964, 0.0195769, -0.00192849, -0.000310176, 0.0189674, -0.00224514, -0.000438786, 0.0183809, -0.00243841, -0.000607868, 0.0178747, -0.00255345, -0.000761144, 0.017491, -0.00262883, -0.000896615, 0.0172622, -0.00267391, -0.00104684, 0.0171944, -0.00265751, -0.00125556, 0.0172562, -0.00251998, -0.00152512, 0.0174048, -0.00222899, -0.00179112, 0.017618, -0.0018231, -0.00196373, 0.0179072, -0.00139694, -0.00198896, 0.0183001, -0.0010511, -0.0018756, 0.018814, -0.00084961, -0.0016826, 0.0194335, -0.000791407, -0.00148221, 0.020081, -0.000813625, -0.00130701, 0.0206184, -0.0008577, -0.00111735, 0.0208991, -0.000957355, -0.000857386, 0.0208991, -0.00116541, -0.000627652, 0.020711, -0.00144512, -0.000527082, 0.0204152, -0.00170779, -0.000574089, 0.020082, -0.00188391, -0.000713411, 0.0197653, -0.00196064, -0.000870457, 0.0194869, -0.00195585, -0.000988806, 0.0192412, -0.00190678, -0.00104361, 0.0190206, -0.00184977, -0.00107434, 0.018828, -0.00176531, -0.00113921, 0.0186616, -0.00161777, -0.00121743, 0.0184756, -0.00143127, -0.00124082, 0.0182393, -0.00126188, -0.00118945, 0.0180442, -0.001139, -0.00110143, 0.0179874, -0.00108369, -0.00103619, 0.0179379, -0.00109706, -0.00105098, 0.0177534, -0.00112447, -0.00114283, 0.0176968, -0.00109364, -0.00127306, 0.0180457, -0.000909523, -0.0014536, 0.0183646, -0.000479724, -0.00168681, 0.0181381, 0.000130855, -0.00186307, 0.0183201, 0.000901117, -0.00172635, 0.0198273, 0.00195452, -0.000801309, 0.0210407, 0.00302183, 0.000911932, 0.0208814, 0.00369624, 0.00292032, 0.0221352, 0.0030487, 0.00536337, 0.0277465, -0.00130712, 0.00868847, 0.0318348, -0.00724926, 0.0106808, 0.0330208, -0.00981659, 0.0103504, 0.0392407, -0.0150845, 0.00269656, 0.0457825, -0.0190186, -0.0139822, 0.0496167, -0.0145865, -0.026069, 0.0600201, -0.00264781, -0.00874276, 0.0554666, 0.00788997, -0.0200899, 0.0573154, -9.45212e-06, 1.25682e-05, 
0.0151746, 0.000827846, 0.00160038, 0.0157511, -6.11362e-07, 0.00127309, 0.0163122, -0.000813977, 0.000927012, 0.0168533, -0.00153547, 0.000471325, 0.0173948, -0.00207612, -0.000174258, 0.018008, -0.00231826, -0.0010401, 0.0188041, -0.00215226, -0.00202028, 0.019829, -0.00160373, -0.00279865, 0.0209693, -0.000905327, -0.00301891, 0.0217904, -0.000464657, -0.00269522, 0.0222614, -0.000313768, -0.00210496, 0.0223379, -0.000461454, -0.00141391, 0.0220611, -0.000862051, -0.000871443, 0.0215678, -0.00136823, -0.000608762, 0.0209546, -0.00183289, -0.000605187, 0.020291, -0.00216678, -0.000757175, 0.0196488, -0.00236663, -0.000948874, 0.0190936, -0.00248197, -0.00111759, 0.0186723, -0.00255657, -0.00126128, 0.0184177, -0.00260107, -0.0014126, 0.0183406, -0.00258477, -0.00161843, 0.0184131, -0.00244394, -0.00188734, 0.0185904, -0.00214125, -0.00215419, 0.0188474, -0.00171542, -0.00232396, 0.0191909, -0.00126572, -0.00233863, 0.0196432, -0.000902047, -0.00220635, 0.0202193, -0.000695612, -0.0019904, 0.0208994, -0.000642737, -0.00176691, 0.0215889, -0.000675516, -0.00157532, 0.0221386, -0.000728076, -0.00139043, 0.0223998, -0.000828867, -0.0011353, 0.0223557, -0.00103516, -0.000916262, 0.0221193, -0.00131271, -0.000830367, 0.0217831, -0.0015796, -0.000891237, 0.0214139, -0.00176067, -0.00104629, 0.0210629, -0.0018352, -0.00121741, 0.0207571, -0.00182532, -0.00134503, 0.0204986, -0.00177218, -0.0014029, 0.0202767, -0.00171454, -0.00142516, 0.0200785, -0.00163496, -0.00147523, 0.0199086, -0.00148736, -0.00155074, 0.0197541, -0.00127942, -0.00158716, 0.0195728, -0.00107627, -0.00154331, 0.019379, -0.000921061, -0.0014401, 0.0192683, -0.000821687, -0.0013203, 0.019235, -0.000790146, -0.00124238, 0.0191187, -0.000804056, -0.00125428, 0.01895, -0.000804032, -0.00132272, 0.0190334, -0.00073889, -0.00139545, 0.0193513, -0.000516082, -0.00149475, 0.0193555, -6.07776e-05, -0.00160417, 0.0191417, 0.000527685, -0.00157032, 0.0198056, 0.00117568, -0.00108953, 0.0211138, 0.00185876, 0.000103299, 0.0214683, 0.00240436, 0.00186204, 0.0213531, 0.00235341, 0.00384223, 0.024235, 0.000255924, 0.00603844, 0.0292448, -0.00478886, 0.00786395, 0.0306228, -0.00888286, 0.0083658, 0.0333538, -0.0122287, 0.00593838, 0.0406297, -0.0155677, -0.00482025, 0.0476053, -0.013797, -0.0211356, 0.0519827, -0.00742807, -0.0209571, 0.0611984, 0.00344063, -0.00887107, 0.0534721, 0.0207952, -0.0258361, 0.057827, -7.39201e-05, 7.66352e-05, 
0.016015, 0.000927375, 0.00175691, 0.0166451, 6.42883e-05, 0.00139869, 0.0172568, -0.000780907, 0.00101719, 0.0178449, -0.00152575, 0.000513243, 0.0184362, -0.00207505, -0.000199483, 0.0191174, -0.00230094, -0.00115045, 0.0200202, -0.00208581, -0.00221674, 0.0211863, -0.00146639, -0.00304459, 0.0224715, -0.000701408, -0.00325196, 0.0233821, -0.000235727, -0.00288263, 0.0238843, -8.93467e-05, -0.00225244, 0.0239456, -0.000258505, -0.00152861, 0.0236215, -0.000689586, -0.000975821, 0.0230671, -0.00122077, -0.000727828, 0.0223966, -0.00170172, -0.000748693, 0.021681, -0.00204738, -0.000926439, 0.0209854, -0.00225313, -0.00114277, 0.020378, -0.00236932, -0.00133023, 0.019913, -0.0024439, -0.00148586, 0.0196254, -0.00248876, -0.00164342, 0.0195292, -0.0024728, -0.00185124, 0.0195996, -0.00232867, -0.00212273, 0.0197933, -0.00201451, -0.00239185, 0.0200842, -0.00156892, -0.00255897, 0.0204776, -0.00109668, -0.00256179, 0.0209939, -0.000716229, -0.00240766, 0.0216452, -0.000502669, -0.00216183, 0.0224007, -0.000452042, -0.00190356, 0.023147, -0.000496851, -0.00168711, 0.0237209, -0.000559696, -0.00150358, 0.0239684, -0.000662161, -0.0012512, 0.0238815, -0.000867896, -0.00104131, 0.0235936, -0.0011411, -0.000972567, 0.0232135, -0.00140593, -0.00104993, 0.022809, -0.00158984, -0.00122112, 0.0224253, -0.00166332, -0.00140753, 0.022089, -0.00164634, -0.00154423, 0.0218072, -0.00158557, -0.00160408, 0.0215706, -0.00152357, -0.00162022, 0.0213573, -0.00144551, -0.00165685, 0.0211658, -0.00130212, -0.00172033, 0.0210057, -0.00108473, -0.00175705, 0.0208542, -0.000852986, -0.00171607, 0.020686, -0.000670728, -0.00160407, 0.0205453, -0.000548731, -0.00145463, 0.0204849, -0.000488933, -0.00130651, 0.0204216, -0.00049007, -0.0012262, 0.0202631, -0.000506269, -0.00123396, 0.020169, -0.000501849, -0.00125902, 0.0203301, -0.000441976, -0.00127412, 0.0204793, -0.00020178, -0.00131142, 0.0202834, 0.000242169, -0.00129506, 0.0203293, 0.000699563, -0.00105611, 0.0212048, 0.00107414, -0.000385473, 0.0219796, 0.00138273, 0.00086738, 0.0217795, 0.00143005, 0.00254149, 0.0224913, 0.00053937, 0.00416528, 0.0262468, -0.0025065, 0.00539548, 0.0290426, -0.00670034, 0.00582701, 0.029604, -0.00990973, 0.00531058, 0.0337171, -0.0125306, 0.000592575, 0.0416278, -0.0121107, -0.0113202, 0.0464793, -0.0075072, -0.0213279, 0.0512383, -0.00472356, -0.0138287, 0.0531739, 0.0132684, -0.0139509, 0.0510382, 0.0257134, -0.0159678, 0.057991, -0.000165297, 8.28234e-05, 
0.0168893, 0.000992601, 0.00200675, 0.0175776, 9.6237e-05, 0.0016199, 0.0182447, -0.00077997, 0.00120525, 0.0188836, -0.00154671, 0.000656524, 0.0195276, -0.00210261, -0.000116897, 0.0202801, -0.00231148, -0.00114252, 0.0212912, -0.00205013, -0.00227781, 0.0225964, -0.00136567, -0.00313623, 0.0240213, -0.00054364, -0.00331706, 0.0250192, -5.91636e-05, -0.0028973, 0.0255495, 8.03944e-05, -0.00221928, 0.0255864, -0.000111865, -0.00146727, 0.025216, -0.000570151, -0.000912356, 0.0246064, -0.00112235, -0.000683625, 0.0238809, -0.00161356, -0.000733413, 0.0231163, -0.00196448, -0.000939048, 0.0223732, -0.00217382, -0.00118073, 0.0217172, -0.00229087, -0.00138907, 0.0212084, -0.0023656, -0.0015595, 0.0208863, -0.00241116, -0.00172759, 0.0207665, -0.00239523, -0.00194167, 0.0208268, -0.00224731, -0.0022187, 0.021027, -0.0019213, -0.00249176, 0.0213423, -0.00145619, -0.0026565, 0.0217796, -0.000963597, -0.00264632, 0.0223606, -0.000568355, -0.00246782, 0.023094, -0.000346929, -0.00218595, 0.0239347, -0.00029914, -0.00188436, 0.0247501, -0.000358575, -0.00163523, 0.0253519, -0.000432698, -0.00144104, 0.0255794, -0.000536019, -0.00119215, 0.0254483, -0.000738888, -0.000994166, 0.0251099, -0.00100741, -0.000943381, 0.0246854, -0.00126751, -0.00103872, 0.0242475, -0.00145203, -0.00122607, 0.0238363, -0.00152649, -0.00142834, 0.0234743, -0.00150446, -0.00157579, 0.0231679, -0.00143552, -0.00163866, 0.0229089, -0.00136671, -0.00165037, 0.0226737, -0.00128591, -0.00167764, 0.0224533, -0.00114465, -0.00172828, 0.0222651, -0.000926212, -0.00175697, 0.0221107, -0.000676013, -0.00171272, 0.0219621, -0.000468544, -0.00159138, 0.0218159, -0.000332546, -0.00142511, 0.0217184, -0.000260999, -0.00123824, 0.021663, -0.000255888, -0.0010805, 0.0215526, -0.000287629, -0.00101502, 0.0213986, -0.00031369, -0.00101036, 0.0213869, -0.000339027, -0.00099506, 0.0215211, -0.000290992, -0.000987016, 0.0214686, -2.98633e-05, -0.000968421, 0.0212785, 0.000334776, -0.000827823, 0.021602, 0.000572658, -0.000482946, 0.0223674, 0.000691377, 0.000229487, 0.0225625, 0.000677932, 0.00148033, 0.0223882, 0.000209856, 0.00289299, 0.0241936, -0.00136751, 0.00380309, 0.0273777, -0.00443559, 0.00398894, 0.0283096, -0.00773566, 0.00364145, 0.0294223, -0.0103849, 0.00178123, 0.0349211, -0.0108502, -0.00457924, 0.0422028, -0.00708906, -0.0151111, 0.0439061, -0.00468093, -0.0169677, 0.048893, 0.000877632, -0.0125074, 0.0486282, 0.0228641, -0.011519, 0.0503502, 0.0232557, -0.00517102, 0.0580437, -0.000249366, 2.42996e-05, 
0.017804, 0.000993862, 0.0023352, 0.0185574, 6.36236e-05, 0.00191898, 0.0192866, -0.00084458, 0.00147138, 0.0199826, -0.00163419, 0.000879472, 0.0206858, -0.00219791, 4.92139e-05, 0.0215177, -0.00239343, -0.00104265, 0.0226449, -0.00209248, -0.00223356, 0.0240939, -0.00135127, -0.00310835, 0.0256579, -0.000484522, -0.00325303, 0.0267366, 1.31335e-05, -0.00277366, 0.0272832, 0.000142043, -0.00204036, 0.0272827, -7.66176e-05, -0.00126017, 0.0268592, -0.000559756, -0.000712055, 0.0261981, -0.00112836, -0.000507917, 0.0254225, -0.00162551, -0.000589518, 0.0246119, -0.00197636, -0.000824998, 0.0238264, -0.0021859, -0.00109242, 0.0231279, -0.00230342, -0.00132297, 0.0225785, -0.00237861, -0.00151113, 0.0222226, -0.00242481, -0.00169326, 0.0220779, -0.00240835, -0.00191666, 0.0221249, -0.00225572, -0.00220166, 0.022326, -0.00191649, -0.00248052, 0.0226596, -0.00143129, -0.00264314, 0.0231366, -0.000919565, -0.0026187, 0.0237827, -0.00051069, -0.00241289, 0.0246026, -0.000283184, -0.00208964, 0.0255368, -0.000243354, -0.00173946, 0.0264297, -0.000319776, -0.00144795, 0.0270575, -0.000405751, -0.00123188, 0.0272541, -0.000509932, -0.000984298, 0.027071, -0.000706363, -0.000803304, 0.0266813, -0.000969026, -0.00077223, 0.0262137, -0.00122482, -0.000886404, 0.0257442, -0.00140933, -0.00109028, 0.025311, -0.00148683, -0.00130887, 0.0249305, -0.00146407, -0.00147047, 0.0246035, -0.00138872, -0.00154025, 0.0243203, -0.001312, -0.0015496, 0.0240587, -0.00122468, -0.00157159, 0.0238064, -0.00107883, -0.00161368, 0.0235811, -0.000858547, -0.00163206, 0.0233999, -0.000598086, -0.0015798, 0.0232501, -0.000368819, -0.00144636, 0.0231071, -0.000218545, -0.00126431, 0.022984, -0.000143473, -0.00105894, 0.0229053, -0.000138454, -0.000853782, 0.0228238, -0.000188122, -0.000715669, 0.0226824, -0.000242329, -0.00067023, 0.022566, -0.0003014, -0.000648849, 0.0225933, -0.000370554, -0.000627278, 0.022619, -0.000305698, -0.000616507, 0.0224458, -5.43834e-05, -0.00052917, 0.0223983, 0.000149303, -0.000331072, 0.0228492, 0.000185843, -6.31505e-06, 0.0232989, 0.000115731, 0.000717183, 0.0231339, -0.000231005, 0.00187305, 0.023537, -0.00111801, 0.00274321, 0.0258417, -0.00289426, 0.00283123, 0.0276749, -0.00554498, 0.00235313, 0.0278808, -0.00828314, 0.00125879, 0.0301124, -0.00962737, -0.00182942, 0.0367325, -0.0073578, -0.00867237, 0.0407482, -0.00326486, -0.0148205, 0.0416397, -0.00276374, -0.0140142, 0.0465342, 0.00961042, -0.0103152, 0.0475308, 0.0252252, -0.00320158, 0.0499144, 0.020421, 0.00153481, 0.0580856, -0.000289791, -8.14164e-05, 
0.0187636, 0.000911637, 0.00272567, 0.0195905, -5.3662e-05, 0.00227576, 0.02039, -0.000995029, 0.00179174, 0.0211511, -0.00180882, 0.00115431, 0.0219232, -0.00238272, 0.000267176, 0.0228468, -0.00256942, -0.000886268, 0.024104, -0.00223529, -0.00212401, 0.0257091, -0.00144908, -0.00300491, 0.0274157, -0.000551696, -0.00310641, 0.0285671, -4.77816e-05, -0.00255973, 0.0291141, 6.60395e-05, -0.00176504, 0.0290614, -0.000183268, -0.000955217, 0.0285737, -0.000691685, -0.000420415, 0.0278585, -0.00127161, -0.000248381, 0.0270371, -0.00177009, -0.000364769, 0.0261839, -0.00211658, -0.000631728, 0.0253593, -0.0023225, -0.000925329, 0.0246236, -0.00243932, -0.00117878, 0.0240381, -0.00251521, -0.00138736, 0.0236501, -0.0025618, -0.00158668, 0.0234806, -0.00254415, -0.0018216, 0.0235138, -0.00238569, -0.00211653, 0.0237141, -0.00203121, -0.00240286, 0.0240636, -0.00152392, -0.00256361, 0.0245796, -0.000991538, -0.00252336, 0.0252926, -0.000568741, -0.00228636, 0.0262033, -0.00034032, -0.00191716, 0.0272382, -0.000315985, -0.00151398, 0.0282138, -0.000412666, -0.00117099, 0.0288639, -0.000511012, -0.000923573, 0.0290185, -0.000616791, -0.000673012, 0.0287713, -0.00080474, -0.000513367, 0.0283246, -0.0010583, -0.000506196, 0.0278138, -0.00131032, -0.000640542, 0.0273147, -0.0014958, -0.000861748, 0.0268638, -0.00157843, -0.00109742, 0.0264713, -0.00155937, -0.00127682, 0.0261293, -0.00148041, -0.00135902, 0.0258235, -0.00139549, -0.00136873, 0.0255331, -0.00129931, -0.0013875, 0.0252458, -0.00114185, -0.00142519, 0.0249798, -0.000912037, -0.00143426, 0.0247588, -0.000642989, -0.00137086, 0.0245859, -0.000397153, -0.00122292, 0.0244381, -0.000231324, -0.00102155, 0.0243018, -0.000153666, -0.000802713, 0.0241933, -0.00015193, -0.000577276, 0.0241086, -0.000218042, -0.000386722, 0.0239947, -0.000306405, -0.000289761, 0.023849, -0.00038712, -0.000258915, 0.0237705, -0.000501218, -0.0002422, 0.0237735, -0.000585398, -0.000250194, 0.0236799, -0.000488766, -0.000222223, 0.0235031, -0.000316684, -9.44711e-05, 0.0236053, -0.000278708, 4.45581e-05, 0.0240045, -0.000352793, 0.000318135, 0.0241042, -0.000613401, 0.00105575, 0.0239762, -0.00124791, 0.00189557, 0.0250419, -0.00223651, 0.00208356, 0.0270021, -0.00384321, 0.0016083, 0.0276832, -0.00614512, 0.000643926, 0.0280257, -0.00806853, -0.00123466, 0.0317962, -0.00741158, -0.00492591, 0.0376072, -0.00347483, -0.0103592, 0.0380409, -0.00153384, -0.0130739, 0.040657, 0.00191237, -0.0119053, 0.0455393, 0.0150207, -0.00449976, 0.0472485, 0.0228323, 0.00494864, 0.0491464, 0.017973, 0.00697905, 0.0581314, -0.000274611, -0.000204857, 
0.0198441, 0.000711756, 0.00317953, 0.020756, -0.000291003, 0.00268684, 0.0216371, -0.00126803, 0.00215647, 0.0224756, -0.00210876, 0.0014619, 0.0233328, -0.00269562, 0.000505741, 0.0243699, -0.00287339, -0.000719752, 0.0257847, -0.00250272, -0.00200848, 0.0275735, -0.00167178, -0.00289014, 0.0294299, -0.00074921, -0.00293506, 0.0306394, -0.00024441, -0.00230775, 0.0311688, -0.000149449, -0.00143002, 0.0310503, -0.000434873, -0.0005865, 0.0304933, -0.000971206, -6.74063e-05, 0.0297247, -0.00155977, 6.7709e-05, 0.0288646, -0.00205602, -8.49165e-05, 0.027978, -0.00239679, -0.000383094, 0.0271214, -0.00259829, -0.000703161, 0.026355, -0.00271482, -0.000980932, 0.025739, -0.00279252, -0.00121374, 0.0253208, -0.00283966, -0.00143553, 0.0251247, -0.00281986, -0.00168664, 0.0251422, -0.00265421, -0.00199407, 0.0253402, -0.0022828, -0.00228907, 0.0257052, -0.00175126, -0.0024478, 0.0262607, -0.00119553, -0.00238986, 0.0270411, -0.000759988, -0.00211783, 0.0280426, -0.000538896, -0.00169994, 0.0291767, -0.000538183, -0.00124123, 0.030231, -0.000658448, -0.000840603, 0.0308957, -0.000768903, -0.00054247, 0.0309991, -0.000876597, -0.00028609, 0.0306814, -0.00105415, -0.000151778, 0.0301749, -0.00129439, -0.00017282, 0.0296236, -0.00154277, -0.000327985, 0.0291014, -0.00173418, -0.000566775, 0.0286408, -0.00182867, -0.000821858, 0.0282449, -0.00182094, -0.00102571, 0.0278962, -0.00174375, -0.00113184, 0.0275718, -0.00165034, -0.00115285, 0.0272524, -0.00154156, -0.00117417, 0.0269272, -0.00136397, -0.00121259, 0.0266178, -0.00111039, -0.0012153, 0.0263514, -0.000822261, -0.001138, 0.0261402, -0.000558327, -0.00097105, 0.0259725, -0.000374501, -0.000743739, 0.0258259, -0.000290429, -0.000502784, 0.0256964, -0.0002919, -0.000265558, 0.0255926, -0.000370002, -4.62608e-05, 0.0254919, -0.000493309, 9.96067e-05, 0.0253599, -0.000607061, 0.000154094, 0.0252293, -0.000732769, 0.000165221, 0.0251661, -0.000889906, 0.000138671, 0.0251094, -0.000941359, 0.000102452, 0.0249516, -0.000841772, 0.000160565, 0.024848, -0.000778841, 0.000248359, 0.0250302, -0.000817003, 0.000288292, 0.0252668, -0.000972192, 0.000601831, 0.025174, -0.00147354, 0.00128022, 0.025411, -0.00222714, 0.00164681, 0.0267839, -0.00313719, 0.00134121, 0.0280473, -0.00472316, 0.000473452, 0.028222, -0.00678426, -0.00121082, 0.0295689, -0.00745535, -0.00386114, 0.0345831, -0.00484577, -0.00766792, 0.0379845, -0.00080455, -0.0116167, 0.0384732, 0.00189982, -0.0133376, 0.0439674, 0.009448, -0.0087424, 0.0502356, 0.0186204, 0.00387099, 0.0533829, 0.0193699, 0.0149133, 0.0605662, 0.00377016, 0.00522276, 0.0553889, 0.000825069, 0.0217019, 0.0574564, 2.57375e-05, -3.77016e-05, 
0.0209995, 0.000389138, 0.00367234, 0.0220097, -0.000652474, 0.00312435, 0.0229839, -0.00166488, 0.0025333, 0.0239123, -0.00253157, 0.00176573, 0.0248709, -0.00312898, 0.000725778, 0.0260433, -0.00329296, -0.000580577, 0.0276426, -0.00288589, -0.00191605, 0.0296307, -0.00202535, -0.00278381, 0.0316298, -0.00109812, -0.00276379, 0.0328815, -0.000600855, -0.00205059, 0.0333807, -0.000529805, -0.00109099, 0.0331916, -0.000856988, -0.000208671, 0.0325604, -0.00142385, 0.000291352, 0.0317329, -0.00201839, 0.00038224, 0.0308297, -0.00250543, 0.000187013, 0.0299096, -0.0028349, -0.000144711, 0.0290226, -0.00302888, -0.000492002, 0.028228, -0.00314407, -0.000795073, 0.0275857, -0.00322393, -0.00105475, 0.0271418, -0.00327135, -0.00130267, 0.0269233, -0.00324816, -0.00157271, 0.0269294, -0.00307296, -0.00189524, 0.0271287, -0.00268056, -0.00220099, 0.0275126, -0.00211933, -0.00235796, 0.028111, -0.00153562, -0.00227965, 0.0289591, -0.00108939, -0.00196848, 0.0300473, -0.000883491, -0.00149958, 0.031273, -0.000913654, -0.000983305, 0.0323997, -0.00105986, -0.000516567, 0.033082, -0.00118461, -0.000160188, 0.033137, -0.0012989, 0.000113686, 0.032745, -0.00146769, 0.000222113, 0.0321712, -0.00169023, 0.000166753, 0.0315731, -0.00192946, -1.34367e-05, 0.0310266, -0.00212657, -0.000271439, 0.0305588, -0.00223608, -0.000547907, 0.0301644, -0.00224365, -0.00077974, 0.0298153, -0.00217131, -0.00091449, 0.0294793, -0.00207061, -0.000950475, 0.0291324, -0.00194761, -0.000976988, 0.0287626, -0.00174511, -0.00101643, 0.0284007, -0.00145945, -0.00101162, 0.02808, -0.00114378, -0.000916561, 0.0278174, -0.000861233, -0.000726467, 0.0276107, -0.000662775, -0.000471188, 0.027442, -0.000572077, -0.000202265, 0.0272945, -0.000576684, 4.78998e-05, 0.027168, -0.000662002, 0.000276815, 0.0270595, -0.000811371, 0.000454281, 0.0269431, -0.000969007, 0.000539516, 0.0268059, -0.00111337, 0.00055346, 0.0266881, -0.00129316, 0.000514748, 0.0266102, -0.00145042, 0.000422666, 0.0264956, -0.00146198, 0.000378277, 0.026335, -0.00140931, 0.000413329, 0.0263089, -0.00140656, 0.000366499, 0.026476, -0.00144243, 0.00034883, 0.0265288, -0.00172391, 0.000692393, 0.0264637, -0.00233443, 0.00108503, 0.0270603, -0.00288657, 0.000994746, 0.0282648, -0.00362749, 0.000411615, 0.0288298, -0.00509173, -0.000893473, 0.0290077, -0.00630973, -0.00305971, 0.0316083, -0.00529605, -0.00549074, 0.0359865, -0.00180976, -0.00827811, 0.0368554, 0.00156936, -0.010972, 0.0388561, 0.00569147, -0.0106402, 0.0454955, 0.0121199, -0.00238933, 0.0517126, 0.0161724, 0.0117488, 0.0543121, 0.0114897, 0.0128754, 0.0599535, -0.00092111, 0.00877294, 0.0532843, -0.00878254, 0.0300462, 0.057896, 5.5272e-05, -0.000104639, 
0.0221675, -4.89877e-05, 0.00416897, 0.0232819, -0.00111974, 0.00354316, 0.0243551, -0.00215789, 0.00286822, 0.0253812, -0.00303974, 0.00200479, 0.0264545, -0.0036357, 0.00086307, 0.0277837, -0.00377737, -0.000528543, 0.0295884, -0.00334167, -0.00189376, 0.0317713, -0.00248142, -0.00272387, 0.0338771, -0.00158331, -0.00263497, 0.0351385, -0.00110993, -0.00184937, 0.0356016, -0.00106733, -0.000802571, 0.0353518, -0.00143538, 0.000108667, 0.0346608, -0.0020269, 0.00058223, 0.0337824, -0.00261819, 0.000622283, 0.0328357, -0.00308666, 0.00037866, 0.0318781, -0.00339692, 9.59943e-06, 0.0309573, -0.00357854, -0.000366719, 0.0301319, -0.00368996, -0.000696356, 0.0294631, -0.00377145, -0.000984987, 0.0289974, -0.00381894, -0.00126304, 0.0287625, -0.00379069, -0.00155659, 0.0287653, -0.00360404, -0.00189477, 0.0289741, -0.00318739, -0.00221128, 0.0293851, -0.0025928, -0.00236456, 0.0300308, -0.00198189, -0.002262, 0.030942, -0.001532, -0.00190969, 0.0320998, -0.00134904, -0.00139179, 0.0333902, -0.00141289, -0.000820917, 0.0345681, -0.0015863, -0.000288725, 0.0352746, -0.00172891, 0.000151822, 0.0353004, -0.00185454, 0.000451643, 0.0348491, -0.00201488, 0.000534988, 0.0342127, -0.0022123, 0.000440692, 0.0335637, -0.00243271, 0.000231305, 0.0329868, -0.00263018, -4.81136e-05, 0.0325088, -0.00275442, -0.000348002, 0.0321164, -0.00277872, -0.000610199, 0.0317711, -0.00271317, -0.000776675, 0.0314275, -0.00260582, -0.000830585, 0.0310553, -0.00247004, -0.000859207, 0.0306369, -0.0022431, -0.000896068, 0.0302135, -0.00192339, -0.000879989, 0.0298298, -0.00157564, -0.00076294, 0.0295071, -0.00127319, -0.00054552, 0.0292478, -0.00106475, -0.000262331, 0.0290415, -0.000970712, 3.4284e-05, 0.0288707, -0.000979429, 0.000300202, 0.0287225, -0.00106914, 0.000528772, 0.0285941, -0.00123002, 0.000715022, 0.0284758, -0.00142463, 0.000822948, 0.0283462, -0.00160209, 0.000845114, 0.0282053, -0.00178695, 0.000800896, 0.0280849, -0.00199079, 0.000676394, 0.0279771, -0.00210272, 0.000529411, 0.027832, -0.00209592, 0.000468633, 0.027701, -0.00207128, 0.000394089, 0.0277151, -0.00202194, 0.0002182, 0.0278035, -0.00205917, 0.000230307, 0.0277495, -0.00244752, 0.000487276, 0.0278501, -0.00288937, 0.000538336, 0.0285767, -0.00313181, 0.000246042, 0.02936, -0.00379709, -0.000541788, 0.0294576, -0.00487382, -0.00225586, 0.0301826, -0.00487872, -0.00421452, 0.0334116, -0.00279294, -0.00573463, 0.0357631, 0.000495541, -0.00765719, 0.0358503, 0.00387629, -0.00919462, 0.0393233, 0.00787227, -0.00612033, 0.0465041, 0.0110701, 0.00446348, 0.050227, 0.0109034, 0.0139827, 0.0528685, 0.00700773, 0.00850908, 0.0529173, -0.00816088, 0.0171886, 0.0510365, -0.0167006, 0.0228904, 0.0580229, 0.000134446, -0.000139593, 
