0.0469218, 0, 0.0469218, 0, 
0.0193716, -0.0723824, -0.0141124, -0.0531162, -0.0167192, 0.0377044, -0.00722241, 0.0255331, -0.0350786, 0.140954, 0.00940993, 0.100256, 0.0469218, 0, 
-0.172023, 0.36, 0.087799, -0.187002, 0.131598, -0.0471564, 0.0253008, 0.155186, 0.0817061, 0.0942184, 0.0903725, 0.194025, 0.126956, -0.254953, 0.0872104, 0.100931, 0.220055, -0.114767, 0.105322, 0.100614, 0.0469218, 0, 
0.23492, -0.370255, -0.097139, 0.148536, -0.0639854, 0.0716724, 0.121633, -0.0279379, 0.00605154, 0.180994, 0.0467289, -0.039607, -0.00700647, -0.0791288, -0.0535944, 0.0021989, -0.0787111, 0.0759989, -0.00290684, -0.00666775, 0.168644, -0.146938, 0.384669, -0.16906, 0.153522, 0.264413, 0.268461, 0.141306, 0.0469218, 0, 
-0.023714, 0.120691, 0.0437049, -0.017643, 0.119346, -0.245605, 0.0861371, 0.220071, -0.0984988, 0.0673623, 0.075763, 0.0357037, 0.148376, -0.00725104, 0.139433, -0.0439565, -0.148583, 0.0320396, -0.101574, 0.0939873, -0.146202, -0.0268743, 0.0303326, -0.0292311, 0.0133839, -0.0627336, 0.103928, 0.000704292, 0.076944, 0.0446425, 0.0146242, 0.283015, 0.198192, -0.0630388, -0.00115082, 0.0817184, 0.0469218, 0, 
0.0239309, -0.118266, -0.305462, 0.255437, 0.0212353, -0.0160018, 0.0714338, -0.272185, 0.0360336, -0.106451, 0.126761, 0.0272048, -0.121728, -0.0494987, -0.0442484, 0.0739351, -0.00687979, 0.128469, 0.230444, -0.103257, 0.262167, 0.121494, 0.102795, 0.0312947, 0.0262905, 0.0610481, 0.0723919, 0.0897043, 0.20711, -0.0505518, 0.195576, -0.025224, 0.0818659, -0.0601406, 0.160009, 0.220536, 0.20497, 0.222329, -0.0185019, -0.0195866, 0.193258, -0.195465, -0.103288, -0.0501535, 0.0469218, 0, 
-0.0300637, -0.203838, -0.0132356, -0.125679, 0.0639464, 0.145259, 0.13562, 0.333985, 0.0954715, 0.0111737, 0.156804, -0.086193, 0.0367552, -0.172454, 0.0677872, 0.0772333, 0.146373, 0.177623, -0.0540063, -0.108077, -0.0281349, -0.0437812, 0.229355, -0.064321, 0.00838792, 0.254826, 0.0727216, -0.261435, -0.0611578, -0.156321, 0.148183, 0.0560153, -0.0290859, -0.049109, -0.0591045, 0.333199, 0.309254, -0.0153159, 0.402224, -0.0340233, 0.126604, 0.0986642, 0.0692259, 0.199257, 0.157671, 0.00471271, -0.170724, -0.0123778, -0.239808, -0.198148, 0.188012, 0.176919, 0.229488, 0.137711, 0.0469218, 0, 
0.260799, 0.011954, 0.00906572, -0.0454408, -0.0771556, -0.165606, 0.195953, 0.0185087, 0.11437, -0.0016893, -0.000104198, 0.0377012, 0.00121782, 0.0429213, 0.194211, 0.149149, 0.0193435, -0.00928586, 0.0511007, 0.0817995, 0.00987018, 0.0776218, 0.261359, -0.0740291, 0.0884625, -0.136759, 0.0971339, 0.306202, 0.149015, -0.170201, 0.00887669, -0.0607408, -0.0425367, 0.278565, 0.0136412, 0.159967, 0.151845, -0.0933457, 0.1369, -0.213322, -0.187292, 0.0812414, -0.0520865, 0.060397, 0.190926, -0.156504, 0.129911, 0.118747, -0.143927, 0.171663, -0.0139528, -0.171751, 0.0845101, 0.0730364, 0.0868658, -0.170334, 0.201069, 0.180408, 0.146548, -0.0304774, 0.0506565, -0.0136736, 0.0469218, 0, 
-0.106839, -0.141472, -0.0573657, 0.0173061, 0.0820344, 0.00276475, 0.128992, -0.070066, 0.105193, -0.00133153, 0.160732, 0.0753533, 0.113991, 0.0394409, 0.0672135, -0.0891364, 0.107534, 0.0708161, 0.207785, 0.136787, 0.0103709, -0.149758, -0.056143, 0.159233, 0.0310015, 0.107595, 0.1082, -0.0675879, -0.00920364, -0.0645981, 0.0181247, -0.149621, -0.00281345, 0.080332, 0.123814, -0.183503, -0.0920026, -0.236378, -0.142333, 0.294368, -0.00914579, 0.10557, 0.198909, 0.0191574, 0.0756704, -0.112142, -0.00337747, 0.240075, -0.0168544, 0.0131004, -0.0135797, -0.114462, -0.0152713, 0.0234582, 0.135722, 0.171808, 0.110825, -0.177472, -0.0591668, -0.115348, -0.197626, 0.0230645, -0.104597, 0.172232, 0.0460633, 0.0764814, 0.0779246, 0.0283401, -0.0669559, -0.0649741, 0.0469218, 0, 
-0.213453, -0.118102, -0.0403044, -0.112997, -0.02347, -0.0161275, 0.117776, 0.195415, -0.0799846, 0.0105834, 0.0524083, 0.147436, -0.075734, 0.0719796, 0.0976516, -0.122487, 0.0769871, -0.175945, -0.104828, -0.0778488, -0.0675358, -0.186608, 0.118085, 0.0349192, 0.00447587, 0.15264, 0.0340984, 0.0645819, 0.0869324, 0.175646, 0.109467, 0.0223312, 0.16749, -0.167261, 0.0928617, 0.0228211, 0.0974799, -0.0897182, -0.0612597, 0.0620897, 0.0767435, 0.21932, 0.181784, -0.0536304, 0.0471327, -0.197532, 0.0594708, 0.0553653, 0.13192, 0.0126883, 0.0932777, 0.0934513, 0.0607585, 0.0620764, 0.106423, -0.0103193, 0.0404286, -0.00932766, 0.0899308, -0.298076, -0.131857, 0.00124188, -0.160005, 0.0437101, -0.0145277, 0.0392827, -0.0222573, -0.0159704, 0.109347, -0.176444, 0.182794, 0.12762, -0.045141, -0.0652012, -0.0778384, 0.213914, 0.118168, 0.13646, 0.0469218, 0, 
-0.0617125, 0.128004, -0.00420913, 0.0277044, 0.147478, -0.146836, -0.007852, 0.152241, -0.181743, -0.0254183, 0.017476, -0.00728068, -0.00247091, -0.0266419, 0.093634, -0.202887, 0.183354, 0.175969, 0.219286, -0.060531, -0.00624075, 0.0237436, 0.0537423, 0.13816, 0.105123, 0.179366, -0.0261321, -0.303224, -0.116531, -0.165422, -0.0162626, -6.1922e-05, -0.0465352, 0.043808, -0.121996, -0.098981, 0.0909316, -0.0153591, 0.170399, 0.0160976, -0.0230076, 0.0329431, 0.0933672, -0.0615489, 0.0563361, -0.0731956, 0.0707812, 0.213361, -0.0255969, -0.00729916, -0.0783074, -0.101387, -0.0576749, 0.0481334, -0.0138107, 0.100208, -0.0211424, -0.129909, 0.0431355, -0.0216564, 0.0859852, 0.153317, 0.0765801, -0.169223, 0.0260093, -0.229457, 0.160797, 0.0669925, 0.144635, 0.0609995, 0.0297247, 0.117622, 0.108812, 0.00684634, 0.0502683, 0.0791731, 0.143696, 0.0022072, 0.161954, 0.178359, 0.0644861, 0.065111, 0.121717, -0.00382951, 0.108203, 0.01154, 0.0469218, 0, 
0.146637, 0.0394377, 0.0425361, -0.0268747, -0.069001, 0.0100745, 0.105037, -0.0736882, -0.00612638, 0.261506, 0.00847738, 0.00614092, -0.0806049, -0.219562, -0.0728388, -0.19867, 0.0607109, -0.04586, -0.0405835, 0.150327, 0.0453292, 0.0584249, 0.0663501, -0.0222435, 0.0750188, -0.110695, 0.0699183, -0.0894423, 0.0237711, 0.0144575, 0.0306795, 0.272651, -0.0444373, -0.112934, 6.92312e-05, 0.0890956, 0.0234862, 0.0423284, -0.113383, 0.0641917, 0.0696206, -0.209417, 0.133015, 0.111299, 0.0340183, -0.152468, 0.169974, 0.0187116, 0.0825711, 0.121591, 0.170831, 0.0261977, -0.0423231, 0.0591778, 0.104419, -0.0927128, 0.244893, 0.00853587, 0.152303, -0.0392223, 0.111529, 0.0142205, 0.201309, 0.00263943, 0.0381998, -0.063908, 0.130023, 0.0410978, -0.0639478, -0.0993306, -0.0916367, -0.0693466, -0.111453, 0.00308722, 0.00608597, -0.0386858, 0.179141, -0.00208625, 0.13135, 0.205233, 0.183398, 0.00289371, 0.087374, -0.054233, 0.0884664, 0.0620088, 0.00487102, -0.122288, 0.023606, 0.144532, 0.080088, 0.0240178, 0.0204623, -0.0281983, -0.0385947, 0.0264046, 0.0469218, 0, 
0.00611537, -0.0069679, -0.0633243, -0.061708, -0.00651061, 0.0333517, 0.10036, -0.114258, 0.0417947, -0.0569628, 0.083308, 0.051255, 0.00567085, 0.188778, 0.0424054, -0.116955, 0.0124426, 0.0697394, 0.0681163, 0.047403, 0.0836466, 0.0302895, 0.11661, -0.0175337, 0.223189, -0.0233353, 0.139027, 0.0587338, 0.0979129, 0.0818953, 0.0788229, 0.00890739, -0.00458663, -0.0355588, 0.0590758, -0.13849, 0.00192717, -0.0192806, -0.0170989, -0.0842892, -0.114424, 0.0680632, -0.0750275, -0.027231, 0.111028, -0.109618, -0.103179, 0.0415731, -0.153278, 0.0871584, -0.0326775, -0.0932573, -0.0245368, 0.0290578, 0.0222324, 0.0455337, 0.0323881, 0.0688302, 0.177668, -0.00170906, 0.0567085, -0.0341752, 0.0849937, 0.165442, -0.0402426, -0.0464372, 0.0304233, -0.228764, 0.0828617, -0.00321301, 0.0610829, -0.058416, 0.0930423, 0.0717756, 0.0952207, 0.0140629, 0.0858921, 0.0170755, 0.197575, 0.0298069, 0.204199, -0.010933, 0.110139, 0.0171026, 0.0506015, 0.0596368, 0.0611787, -0.0326058, 0.0594799, -0.063349, 0.150272, -0.167437, 0.040777, 0.127723, 0.170492, -0.00486478, 0.141087, 0.0319657, 0.0340583, 0.0743303, 0.13742, -0.118018, -0.0102364, -0.0450515, 0.0469218, 0, 
0.123343, 0.019428, 0.0289992, -0.0486794, 0.0155324, -0.0928275, 0.107858, -0.0503147, 0.0640826, 0.110548, -0.0146606, 0.0905289, -0.0145657, 0.0216024, 0.0525937, -0.0263872, -0.00401955, -0.0781009, 0.0130171, -0.000961511, 0.135734, 0.0192269, 0.200778, -0.0457148, 0.0335037, 0.064842, 0.0122684, -0.00226677, 0.0651874, 0.0205984, 0.0780782, 0.0710225, 0.015323, 0.0123111, -0.0417059, -0.0871551, -0.000600728, 0.0406408, 0.118774, -0.00263189, 0.0414798, -0.0816247, -0.0233502, -0.149992, 0.0952633, 0.0335588, 0.064241, -0.0633815, 0.229418, -0.0277736, 0.016918, 0.135962, -0.0907858, 0.108102, 0.0181907, 0.0575667, 0.0915652, 0.0127426, 0.136023, -0.0928574, 0.127678, 0.0953626, -0.0259048, 0.0994241, 0.197783, -0.199682, 0.0893681, 0.138733, -0.00400884, -0.087342, 0.0564327, 0.0320515, 0.0686765, 0.033045, 0.0163075, -0.103929, 0.14814, 0.0617907, 0.0160159, -0.110808, -0.0393028, -0.0824475, 0.0578634, -0.0355463, -0.00920612, -0.0668711, 0.0630305, 0.181027, 0.122672, 0.0442721, 0.0222072, -0.0197133, 0.145279, -0.0595385, 0.0348738, 0.00682887, 0.0573038, 0.0632828, 0.038985, -0.0324088, 0.0266352, -0.120207, 0.125015, 0.000619717, 0.0479932, 0.0543326, 0.142853, -0.0608881, 0.103426, 0.113827, -0.0367618, 0.166048, 0.0469218, 0, 
-0.0233869, -0.0429714, 0.00808864, -0.0451284, 0.027591, -0.0245021, 0.0578018, 0.124924, 0.0589601, 0.0370535, -0.0143768, 0.0844849, 0.0227966, -0.121728, 0.0663558, -0.0975687, 0.0157371, 0.0178246, 0.0341611, -0.0138228, -0.0229221, -0.0542432, 0.0934559, 0.0804446, 0.0403868, -0.138564, -0.0138259, -0.0501721, -0.0154688, 0.0542779, -0.0942312, -0.0317746, 0.106004, 0.0277285, 0.0275361, 0.0376694, -0.0132006, -0.0534099, 0.0462906, 0.0121576, 0.0121964, 0.0574761, -0.00718539, -0.0354613, 0.0565355, -0.0102705, 0.0739849, -0.0198259, 0.0360638, -0.0410972, 0.0944489, -0.0327478, 0.207689, 0.103208, 0.0429353, 0.0887975, 0.0553256, -0.12652, 0.0428473, 0.102231, 0.0540227, -0.114828, 0.0796235, 0.0090302, 0.0673967, 0.128863, 0.0232393, -0.0237716, -0.00413194, 0.076956, 0.0329537, -0.143343, 0.0610581, -0.0423804, 0.0615991, -0.0264718, -0.0311954, 0.0262936, -0.0295279, 0.0560718, 0.193865, 0.0151086, 0.0652931, 0.0319139, 0.0672532, -0.12141, 0.059802, -0.011412, 0.128338, 0.041088, 0.0286502, 0.0214787, -0.0231949, 0.134463, 0.0399093, -0.0803574, 0.0712305, -0.0529705, 0.0621386, -0.0433214, 0.121793, 0.15984, 0.00598153, 0.0729718, 0.0769473, 0.0766733, 0.0602254, 0.00730453, 0.0374638, -0.201191, 0.0758056, 0.100179, 0.131397, -0.0260133, 0.00493998, -0.0756505, 0.113454, -0.116939, 0.0855158, 0.0143791, 0.0469218, 0, 
0.0302441, 0.129462, 0.0887088, -0.0243455, 0.174103, -0.112987, 0.0248604, 0.109846, 0.143366, 0.0233538, 0.084965, -0.0164365, 0.110208, -0.0820198, 0.0779135, 0.0133546, 0.0427116, 0.0960743, 0.0822565, -0.0306581, 0.032116, -0.0211225, 0.0656505, 0.0288057, 0.110285, 0.0158594, 0.148315, -0.0413103, -0.048114, 0.0153314, 0.118651, -0.0816315, 0.03002, 0.0284491, 0.0040038, 0.0560735, 0.151692, -0.0432449, 0.0514852, -0.108281, 0.103948, -0.0252132, 0.0592369, -0.00464183, -0.107339, 0.102906, -0.0135799, 0.00293873, -0.098856, -0.037243, 0.0198213, -0.00900522, 0.0808696, 0.0381118, 0.06769, -0.0464174, 0.0568411, 0.0035363, 0.0284281, 0.0305047, 0.0282318, -0.141146, -0.0399548, 0.00911108, 0.0337699, -0.0416508, 0.0722281, 0.191056, 0.030327, 0.0775118, 0.110255, -0.109317, 0.0448476, -0.0890571, -0.0234204, 0.0378293, 0.0483979, 0.0618344, 0.142195, -0.0704746, 0.020376, -0.0506613, 0.0960037, -0.0128669, 0.00877532, 0.0669513, -0.0200392, 0.0596659, 0.00184876, -0.025102, 0.0371219, 0.0431403, 0.106485, -0.00622437, 0.0905721, 0.0390778, 0.0636303, 0.0460729, 0.0615931, -0.0198172, -0.0122492, -0.0304016, 0.035067, -0.0056931, -0.0592034, 0.0225037, 0.011893, 0.0419439, 0.0969848, -0.0410912, 0.174831, 0.0604725, 0.168087, 0.0605732, 0.0834458, -0.0350805, 0.090018, 0.0692197, 0.128147, 0.00435331, 0.140045, -0.0371836, 0.149018, 0.0846199, 0.00634513, -0.139248, 0.00722104, 0.00816075, 0.0469218, 0, 
-0.0625786, 0.0930771, -0.0159568, 0.0432367, 0.123873, -0.0912254, 0.117497, -0.0671385, 0.0768973, -0.00108004, 0.0255355, -0.0610216, 0.0301394, -0.0448788, 0.0590811, 0.02894, 0.0983881, 0.0708496, 0.0625631, 0.089541, 0.0399655, 0.0684297, -0.0696395, 0.0447774, 0.0581911, -0.0810416, 0.0227158, -0.0953113, 0.0153267, 0.00621708, 0.0120222, -0.00351246, 0.0206918, -0.0266829, 0.072941, -0.0698206, 0.0460119, -0.00469018, 0.052642, 0.0320942, 0.088892, 0.0354579, 0.0110445, -0.0602614, 0.0397672, 0.0367517, 0.0892788, -0.0665908, 0.062839, -0.0757172, 0.135975, 0.040123, 0.0964724, 0.0321419, 0.0612334, 0.0455387, 0.0761329, -0.027117, 0.028872, 0.0781558, 0.0613239, -0.0551415, 0.016474, 0.0353612, 0.105687, 0.0278966, -0.0139947, -0.063411, 0.0580935, 0.0343566, 0.0958073, -0.051906, -0.0418082, 0.0996899, 0.00708941, 0.0578023, -0.100873, -0.0294838, -0.047231, -0.037433, 0.0435526, 0.00842043, 0.091655, -0.0334082, 0.0904547, -0.0221793, 0.0835129, 0.0647549, 0.115398, 0.0390619, 0.0863923, 0.0180599, 0.128091, -0.0927101, 0.0463648, -0.00330207, 0.131914, 0.0445841, 0.00425467, 0.0320933, 0.102178, 0.00379466, 0.0967887, 0.0757597, 0.0550149, -0.0764291, 0.0974791, 0.145283, 0.0902848, -0.0813517, -0.0055523, -0.014823, 0.0261526, -0.0107302, 0.0754735, -0.0121831, 0.0142283, 0.0584635, 0.0474636, -0.117067, 0.045, -0.0431194, 0.154873, 0.0397105, 0.0276933, 0.0141773, 0.136044, -0.00316767, 0.0247815, 0.0537037, 0.00954412, -0.00669915, 0.0594678, -0.0393073, 0.00366891, -0.0875842, -0.0887042, 0.025812, 0.0469218, 0, 
-0.0397583, -0.0132524, -0.0132304, -0.0731657, 0.0752237, -0.0352206, 0.028057, 0.079864, 0.0664189, -0.0299406, 0.0559767, 0.0256701, 0.119035, -0.0343842, 0.099771, 0.0562353, 0.0281732, 0.030503, 0.153903, -0.0702318, 0.0151017, -0.00632704, 0.0529949, -0.0158947, -0.0206341, -0.0854409, 0.0814016, 0.0513441, 0.0255691, 0.00712832, 0.114293, 0.0464125, 0.0420256, 0.133706, 0.0759599, -0.166022, 0.080052, -0.120249, 0.0331112, 0.0286101, -0.0127623, 0.0447999, 0.0772765, 0.0721687, 0.0543467, 0.0239254, 0.0131914, -0.0664104, 0.0622527, -0.00938951, 0.00255106, 0.0231743, 0.0483312, 0.00217109, -0.0393354, 0.0799087, 0.117629, -0.0101245, 0.0648955, -0.024206, 0.0623534, 0.101102, 0.133655, 0.0348676, 0.0230341, -0.0589066, 0.0677994, -0.0361125, 0.0899944, -0.0581141, 0.0223632, 0.0971733, 0.13172, -0.0025461, 0.0356819, -0.0497349, 0.0168267, 0.0278894, 0.0810007, -0.0262415, 0.116537, -0.0766387, 0.093468, 0.0277178, -0.00225337, 0.0169334, 0.0265764, 0.0533494, 0.0361882, -0.0432531, 0.0872238, -0.0864904, 0.0937346, 0.033473, -0.038695, 0.0186518, 0.00483466, -0.0353371, 0.0332305, 0.0115894, 0.0409453, 0.0029976, 0.101757, 0.00742472, 0.143759, -0.0126467, 0.0085406, 0.054142, 0.0647425, 0.0372436, 0.0616981, 0.118174, 0.0492301, -0.0830794, 0.139429, 0.029467, 0.116153, -0.0653103, 0.105026, -0.00605159, 0.0222061, -0.0889577, 0.00324473, 0.0436678, -0.000103947, 0.0609829, 0.103584, 0.00395858, -0.00918796, 0.0333237, -0.00692298, 0.00472968, 0.0608452, -0.0192499, 0.0324504, 0.0233891, 0.0366865, -0.0291091, 0.0245229, -0.000884264, 0.171901, -0.0312704, 0.0732723, 0.036189, 0.0509411, -0.108696, 0.0469218, 0, 
-0.0224227, -0.0113682, 0.0220008, -0.0580912, 0.073494, -0.0048219, 0.0397887, 0.035015, 0.0487647, 0.0124689, -0.00127235, -0.121316, 0.0288177, 0.0549482, -0.00281483, -0.03251, 0.165764, 0.0106029, -0.00305053, -0.0175601, 0.00238388, 0.0389656, 0.0613903, 0.0071113, -0.00224021, 0.00702789, 0.0634784, -0.0193485, 0.133315, -0.00985208, 0.0156542, 0.0769999, 0.0390458, -0.00215483, 0.0758687, -0.0939729, 0.0725141, 0.0648373, 0.0316248, 0.0354774, 0.0307471, -0.0091065, 0.0674613, 0.0759478, -0.0306384, -0.0188733, 0.0635809, 0.00971075, 0.00572123, 0.00554327, -0.0217358, -0.0580426, 0.0630585, -0.0646106, 0.0278796, -0.000187745, 0.0528154, -0.0113886, 0.0440205, 0.00153564, 0.105084, -0.00206592, 0.0661825, 0.0349714, 0.0190723, 0.0918147, 0.0616551, -0.00562741, -0.0435678, -0.0490344, 0.0909462, -0.039022, 0.0589885, -0.0745865, 0.00724881, 3.97576e-05, 0.0632409, -0.0301996, 0.0657137, 0.0525183, 0.00711127, -0.0188806, 0.00938473, 0.0211233, 0.10647, -0.0223638, 0.119465, 0.00791035, 0.0845712, 0.0513789, 0.030314, 0.0175861, -0.00157288, -0.0366555, 0.00585194, -0.00567234, 0.0444007, 0.0305699, 0.0247005, 0.0170095, 0.0350101, 0.0642774, 0.00859623, -0.0458439, 0.0495175, -0.0125846, 0.05567, -0.0160553, -0.0204464, 0.0402391, 0.0855445, 0.0125727, -0.0182393, -0.0491808, 0.0626506, -0.052176, 0.0952397, 0.0597566, 0.0325557, 0.0130424, 0.08432, -0.10204, -0.011072, 0.0666633, -0.00349056, 0.0527159, 0.0557745, -0.0376902, 0.0253395, -0.0452142, 0.152425, 0.010237, 0.0413457, -0.0378295, -0.0495688, 0.0628562, 0.0303278, -0.00440498, 0.0399534, 0.0484851, 0.0943049, -0.00181245, 0.0607568, 0.0153123, 0.0538794, 0.037467, -0.0575408, -0.0575417, -0.00584493, -0.0471838, 0.0152187, 0.0515105, 0.0212156, -0.00422332, 0.0469218, 0, 
-0.0752044, -0.0245033, 0.0481745, -0.0134538, 0.0444702, -0.0140798, 0.0801884, -0.0182899, 0.093175, 0.00568722, 0.145776, 0.084872, 0.0783649, 0.0191713, 0.0241284, -0.035091, 0.130666, -0.0723646, 0.00207971, 0.00234273, -0.0203528, 0.00576837, 0.100541, -0.00895187, 0.0237724, -0.0163668, 0.0315843, 0.0247648, 0.0636608, -0.0315065, 0.0628194, -0.00155095, 0.0625564, 0.00910113, 0.0830913, 0.0151594, 0.0232094, 0.00705846, -0.0220227, -0.0713373, 0.0209917, -0.036557, 0.0895139, 0.0289136, -0.0210624, 0.00261293, 0.0597232, 0.0177062, 0.0175185, 0.00280397, -0.00963242, -0.0185674, 0.0892515, 0.0910804, 0.0107561, -0.0495212, 0.0546202, 0.0498828, 0.0284678, -0.0818396, 0.042777, 0.0254123, 0.0701541, 0.0687216, 0.0200422, -0.0344258, 0.0787833, 0.00244726, -0.0218392, 0.0864442, 0.0607193, 0.0254987, 0.0395896, -0.0989537, 0.0169301, 0.0302933, 0.0307727, -0.0204314, 0.0514663, -0.0332998, 0.0180759, -0.0154017, -0.0410413, -0.0644355, 0.0630078, 0.0283878, 0.101158, 0.0151133, 0.101825, 0.0260099, 0.127929, -0.00816352, 0.0611526, -0.0040443, -0.0382883, 0.0356531, 0.0513445, -0.0567842, 0.0381069, 0.0753475, 0.0856661, -0.0457051, -0.0468114, -0.00793165, 0.0216718, 0.02643, -0.0784886, -0.00491515, 0.000590822, -0.022184, 0.145271, 0.0108276, 0.126836, 0.103088, 0.11521, 0.0249044, 0.0541489, -0.0219689, 0.0653889, -0.0440728, 0.0468447, 0.0267414, -0.0129484, 0.000840742, 0.0567642, -0.110027, 0.0567995, -0.0469848, 0.0561389, 0.0251122, 0.0438933, 0.072981, 0.0478347, -0.0169885, 0.068039, -0.024926, 0.0340934, 0.0065069, 0.094666, -0.0563922, 0.100995, 0.0617416, -0.014127, 0.0539585, 0.0758307, 0.0132435, 0.0230367, -0.0610301, -0.011896, -0.050439, 0.102927, 0.00118033, -0.000831971, -0.0286448, 0.0484998, 0.079672, 0.0679678, 0.0179386, 0.0450122, 0.0113105, 0.0665362, -0.0382323, 0.0469218, 0, 
0.0458981, -0.0866573, 0.074128, -0.0346836, 0.0321613, 0.0908614, -0.0379775, -9.67592e-05, 0.0616011, -0.0491941, 0.068493, 0.0198516, -0.0286245, -0.00201471, 0.0887353, -0.0547662, 0.111978, 0.00530447, 0.0639256, 0.070706, 0.0089739, 0.0480005, 0.00606202, -0.0419596, 0.0745807, 0.0185683, 0.07279, 0.0210887, 0.0853969, 0.0433761, 0.0339261, -0.0564815, 0.0340764, -0.102927, 0.0169142, 0.0375996, 0.00904363, 0.00141451, 0.029873, -0.070309, 0.0320356, -0.0157425, 0.0682694, -0.0158572, 0.0784473, -0.024797, 0.0390492, 0.00747713, 0.129733, 0.0122466, 0.0444962, -0.00437637, 0.117644, -0.0131429, 0.0293523, 0.0500474, 0.0453516, 0.0130676, 0.0406201, -0.00829933, -0.0174777, -0.0252701, 0.0442917, 0.00596652, 0.0251244, 0.00497437, 0.0504407, 0.0254348, 0.0398496, -0.00536509, -0.00246902, -0.0319353, 0.0356887, -0.0183163, 0.0226702, 0.0214282, -0.0435261, 0.00637877, 0.00181545, -0.0401268, -0.00849946, 0.0760311, 0.0780194, 0.0680102, 0.0357333, -0.0152383, 0.134006, 0.0249391, 0.0502298, 0.0647567, 0.0468015, -0.0467202, 0.0595676, -0.0204408, -0.00493983, -0.00854299, 0.0437741, -0.0139806, 0.026331, 0.0053369, 0.0591466, -0.0319915, -0.0183471, -0.010552, -0.0391556, -0.0362005, 0.0378715, -0.00274546, 0.0190329, 0.0322773, 0.10382, 0.0237514, 0.0369687, -0.0930362, -0.0436222, 0.00841852, 0.0577466, -0.0470525, 0.076582, 0.09942, 0.0919615, -0.0143889, 0.10115, 0.00743489, 0.0786854, 0.0246526, 0.0301944, -0.0155406, -0.0298752, 0.0137052, 0.127694, -0.0390695, 0.0624298, -0.0128145, 0.0971005, 0.00442493, 0.0355325, 0.0170621, 0.0409447, -0.0430897, 0.0190585, 0.0477051, 0.0188213, -0.00288281, 0.00821548, -0.0326047, 0.0145812, 0.0346878, 0.00987361, 0.0628584, 0.0567811, -0.0163875, 0.0503318, -0.0420768, -0.0443472, -0.00485088, 0.0141282, 0.0519809, 0.0371798, -0.0457419, 0.0390726, 0.0695598, 0.0123945, -0.0258662, 0.0495579, 0.0363085, 0.053665, -0.0314077, 0.0947954, -0.0694871, 0.0469218, 0, 
-0.00948052, -0.0281123, 0.0485599, 0.00317585, 0.0717007, 0.0350606, 0.0736547, -0.0068072, 0.0563535, 0.0239664, 0.0153238, 0.0068876, 0.0467562, -0.0152171, 0.019249, -0.0364017, 0.0250804, -0.0650816, 0.0405151, -0.0196815, 0.0242144, 0.0784291, 0.0500424, -0.0477831, 0.0369825, 0.012646, 0.0925546, 0.025714, 0.0483368, -0.0274058, 0.0289786, -0.0128478, 0.0731189, -0.00504001, 0.0276076, -0.0507392, 0.08145, 0.029068, 0.0239895, 0.0370613, 0.0112913, -0.0124973, 0.0217286, -0.051691, -0.000956827, 0.051153, 0.0377535, -0.0303168, 0.0727496, -0.0277884, 0.0783421, 0.0717888, 0.0819111, 0.0667677, 0.0258949, -0.0472714, 0.0538517, 0.00160496, 0.0643964, 0.00827436, 0.0341154, -0.0265088, -0.0016403, 0.0227375, 0.0220641, 0.00586572, 0.0235016, 0.00284754, 0.0750544, -0.0344684, 0.0916228, -0.0144883, 0.0596694, -0.0751713, 0.0810073, 0.0132657, 0.0650307, -0.00996591, 0.0565607, -0.0553817, 0.0652695, 0.0642481, 0.0155484, 0.0553992, 0.105799, -0.0686356, 0.042014, -0.0287208, 0.0579197, 0.00953196, 0.0437838, 0.0719781, 0.0525161, -0.00414571, 0.100647, -0.0725399, -0.0673649, 0.0239078, 0.0956047, 0.0248037, 0.0459431, 0.018338, 0.0695876, 0.051821, 0.05821, 0.0248621, 0.0569, 0.0505855, 0.0756927, -0.021215, 0.0428055, -0.0314964, 0.0614537, 0.0037715, 0.00885702, -0.0733909, 0.0651959, -0.0177395, 0.120037, 0.00384539, 0.0656818, 0.0532934, 0.0866951, -0.0196639, 0.0757935, 0.0321437, -0.0178583, 0.00225559, 0.0480148, -0.0284803, 0.0327847, 0.0323357, 0.108516, -0.0635297, 0.0495834, 0.0761737, 0.0883846, 0.0372841, 0.0293042, -0.00615405, 0.111591, -0.0803115, 0.00203468, 0.0200753, -0.00795049, -0.0153804, 0.0997818, 0.0124441, 0.0669755, -0.00448788, 0.0628247, 0.00265692, 0.0273534, -0.00562025, -0.0614002, -0.0545969, 0.0351983, 0.0387727, 0.0310295, 0.00390088, 0.037399, -0.0264276, 0.114503, 0.0206518, 0.0818024, -0.035311, 0.0334977, 0.00405259, 0.00315229, 0.0343151, 0.0507282, 0.0285218, 0.0273329, -0.0141792, 0.0708075, 0.0481228, -0.0119804, 0.0878114, 0.0665725, -0.0198709, 0.0469218, 0, 
0.0818363, -0.0497635, 0.0655078, 0.00413909, 0.0310006, 0.0255561, 0.0431549, -0.019213, 0.0525942, -0.0125123, 0.0996382, -0.0228714, 0.0208528, -0.0380654, -0.00349587, 0.000289369, 0.041625, 0.0480901, 0.041625, 0.0321709, 0.00262117, -0.0117143, 0.0407911, -0.00366196, 0.0691046, 0.0795272, 0.0464154, -0.0917624, 0.0174219, 0.000966037, 0.0546277, 0.0499854, 0.0155369, -0.00588946, 0.0806529, -0.038159, 0.0764671, -0.00383305, 0.0452264, 0.0250692, 0.0234122, 0.00689333, 0.0215, -0.00812951, 0.0742207, -0.00739347, -0.00731676, -0.00573506, 0.0340753, 0.0554881, 0.105094, -0.00966627, 0.0159729, -0.088398, 0.0477233, -0.00586538, 0.107745, -0.0505528, 0.0378679, 0.053143, -0.0182534, 0.000962133, 0.0176041, 0.00780803, 0.0341786, 0.0309556, 0.0871606, -0.0654427, 0.0603355, 0.00541867, 0.0276232, -0.00651458, 0.0738339, -0.0184498, 0.0150878, 0.0194636, 0.00692684, -0.0677176, 0.0415937, -0.00358085, 0.0926496, 0.0700667, 0.0912098, -0.0195408, 0.0465904, -0.00894062, 0.0220272, -0.0174776, 0.0323748, 0.0368171, 0.0476685, 0.0613173, 0.0408509, -0.050209, 0.0622864, -0.012903, 0.0155099, 0.0012478, 0.049447, 0.0169764, 0.0428497, 0.0169664, 0.0578734, -0.00253346, 0.101714, 0.0042114, 0.030413, -0.00851016, 0.0389614, -0.00012184, 0.0449122, -0.0551421, 0.0439253, -0.0147762, 0.0724192, 0.00303692, 0.0385047, 0.0117791, -0.0174064, 0.0223158, 0.0155125, -0.0193952, 0.00507272, 0.0104302, 0.0317662, -0.0118629, 0.0328871, -0.00962931, 0.00608024, 0.0161544, 0.00479219, 0.060958, 0.0422253, -0.0115132, 0.0109475, -0.00676287, 0.0501174, -0.00427544, 0.0703997, -0.0111644, 0.115379, 0.055378, 0.063727, 0.0907545, 0.0353109, 0.0046307, 0.0584705, 0.00957077, 0.0107734, -0.0167342, 0.0463234, -0.0130969, 0.00150665, -0.104883, 0.0616802, -0.000622923, 0.0641582, -0.0108171, 0.0399831, -0.0194384, -0.00361198, 0.0391923, 0.0317264, 0.01184, 0.0142493, -0.0234161, 0.0263792, 0.011496, 0.015094, -0.0420273, 0.050008, -0.0168385, 0.0456646, 0.0138742, 0.111414, 0.03919, 0.0662811, -0.00298235, 0.0555626, -0.0192378, 0.0526371, -0.00412964, 0.0547713, -0.00646319, 0.134709, -0.0222132, 0.0159652, 0.0420814, 0.0469218, 0, 
0.0431842, -0.0298771, 0.0125586, -0.023826, -0.00311123, 0.019824, 0.106089, 0.00241335, 0.0885173, -0.00527103, 0.0627951, 0.0925779, 0.0834823, -0.0430682, 0.0137121, -0.0179682, 0.0476136, -0.00702426, -0.00365032, 0.00661887, 0.0696948, -0.0239113, 0.0326954, 0.0284934, 0.0703809, 0.0125754, 0.0757319, -0.0498671, 0.0316999, -0.029226, 0.00147581, 0.0269128, 0.0264099, -0.0126686, 0.0558798, -0.0291319, 0.0798669, 0.00623361, 0.0436419, -0.0296643, 0.114917, 0.00147276, 0.0199726, 0.0140137, 0.041365, 0.0116079, 0.0589965, 0.000836612, 0.0877055, 0.00221553, 0.0981945, 0.0308891, -0.0051731, 0.00530866, 0.0958703, -0.0559869, 0.0508151, 0.0364517, 0.0341098, 0.01474, 0.04419, 0.015708, 0.041096, 0.0122601, -0.0111028, -0.00311305, -0.012972, -0.0190242, 0.0628086, 0.00560626, -0.0220711, 0.00542859, 0.00236495, -0.0433946, 0.0566295, 0.00266134, 0.0167997, 0.00257663, 0.0449381, -0.0723585, 0.0315624, -0.0194402, 0.0996275, 0.0246257, 0.0435224, -0.0187842, 0.0754962, 0.029786, 0.04644, -0.00577912, 0.0627182, 0.00803409, 0.0831814, 0.0182665, 0.0609862, 0.00251893, 0.012395, 0.0247595, 0.0691364, -0.0368287, 0.062162, 0.00859467, -0.0519558, -0.000204589, 0.0442525, -0.0145526, 0.0790253, -0.0129988, 0.0460496, -0.0131735, 0.0374299, 0.0257002, 0.0218029, 0.038613, 0.0764926, -0.0234938, 0.051308, -0.0608311, 0.0403091, 0.0345909, 0.0465617, 0.0486141, 0.0208428, 0.0575876, 0.0511522, -0.0591528, 0.0168239, -0.0616293, -0.000588678, 0.0187761, 0.0417176, 0.025333, 0.0459323, -0.0172106, 0.116836, -0.0266104, 0.0456663, -0.0131508, 0.103974, 0.0499218, 0.0209733, 0.0272932, 0.0230602, 0.000650301, 0.0581068, -0.0390072, -0.0238551, -0.0403288, 0.0483467, 0.0328071, 0.00664508, 0.0497269, 0.0961636, -0.0395374, 0.0924932, 0.0203038, 0.0282585, 0.0155859, 0.0266508, -0.0731034, 0.0210919, 0.011018, 0.0449617, 0.0709671, 0.0604255, -0.0245013, 0.0739996, 0.00588335, 0.0605242, -0.0236127, 0.0452339, 0.00689621, 0.0499688, -0.0339271, 0.0430834, 0.0543337, 0.0534039, -0.00860196, 0.0559, 0.0128522, 0.0158975, 0.0143455, 0.0914732, 0.0527828, 0.0635878, 0.0115261, 0.041412, -0.0396686, 0.0137907, -0.00687867, 0.0330398, -0.00724199, 0.0220823, 0.0376193, 0.039506, 0.00509561, 0.0469218, 0, 
0.0286984, -0.0138847, 0.0443894, -0.0613188, 0.022837, 0.0208062, 0.0311048, 0.0373729, 0.0348362, -0.00902763, 0.0780592, -0.00330534, 0.0405144, 0.0367032, 0.0818978, 0.0060168, 0.00619256, -0.000119272, 0.0175687, -0.00533912, 0.0649982, 0.0208288, 0.0431574, -0.0295908, -0.00184831, 0.0104669, 0.0448741, 0.00693547, 0.0457412, -0.000467873, 0.0577657, -0.0276367, -0.0185356, -0.00859772, 0.0241637, -0.0442749, 0.106854, 0.0276184, 0.0768474, 0.0230282, 0.0323421, -0.0341701, 0.0900049, -0.0293974, 0.0647266, -0.054634, 0.0345888, 0.0240047, 0.0724439, 0.0707188, 0.0480007, -0.015699, 0.0766428, -0.0147387, 0.0596077, -0.0325186, 0.0276422, 0.0126452, 0.0561848, -0.0165061, 0.0489863, 0.024337, 0.0494754, 0.00897979, 0.0665082, 0.0111252, -0.0208535, -0.0156773, 0.0274936, 0.0074308, -0.00555045, -0.00377771, 0.0574623, 0.0151424, 0.0637994, 0.0111968, 0.0608775, 0.0358897, 0.0121794, -0.0429764, 0.0932351, 0.0194346, 0.104272, -0.0472298, 0.0554399, -0.0198745, 0.11083, 0.032284, 0.0548403, -0.00244033, 0.00300256, 0.0141912, 0.0495326, -0.0263218, 0.0711813, 0.0131649, 0.0665298, 0.00504703, 0.012225, 0.0520184, 0.0772731, -0.00370597, 0.107763, -0.0315899, 0.0541754, -0.0357784, 0.0449478, -0.0137471, 0.0227062, 0.015082, 0.0543317, 0.0323541, 0.0299409, -0.0254656, -0.00219716, -0.0528138, 0.0749264, 0.00831896, 0.0129401, 0.00815181, 0.0651259, -0.0167018, 0.0176444, -0.0330126, 0.0804567, 0.024559, 0.0350231, 0.0348795, 0.0781608, -0.019828, 0.0171233, -0.0213289, 0.0573909, -0.0171778, 0.0272425, 0.00188544, 0.00994268, 0.00486878, 0.105988, -0.00290344, 0.0818035, 0.0229164, 0.127442, 0.0273534, 0.0676381, -0.00203055, 0.0320305, 0.00465014, 0.0501209, -0.00477432, 0.0789359, -0.0103733, 0.0451865, -0.0108922, 0.0243623, 0.00693843, 0.0479725, -0.0113026, 0.0308813, 0.0390404, 0.0426707, 0.0158153, 0.0816929, 0.0227769, 0.0562874, -0.0228667, 0.0413565, -0.0298033, 0.0203607, 0.0105226, 0.0114794, 0.0578573, 0.0360018, -0.0134878, 0.0288572, -0.0127954, 0.0590863, 0.0107163, -0.00435962, 0.0359901, 0.0578015, 0.0211879, 0.00920762, 0.0458861, 0.0313214, -0.0875052, 0.0413521, -0.045555, 0.0757112, 0.0323267, 0.0160495, 0.00566698, 0.0761199, -0.00625745, 0.0475529, 0.0358425, 0.0399266, -0.00966831, 0.0723315, 0.0593182, 0.0706546, 0.00325269, 0.0561779, -0.000332398, 0.0469218, 0, 
0.104642, -0.0463734, 0.0155428, 0.029222, 0.0275163, -0.000577607, 0.0882842, 0.00316701, 0.0778334, 0.00129421, 0.0615033, 0.00314123, 0.016497, -0.0206638, 0.0391155, -0.0203862, 0.0784253, 0.0108881, -0.00122462, 0.0114185, 0.0981188, -0.0123718, 0.0525527, -0.0138065, 0.0571498, 0.0153347, 0.0143595, 0.0125634, 0.0421432, 0.0121054, 0.036846, -0.0349154, 0.0444014, -0.00903703, 0.0236971, -0.0122909, 0.0163862, 0.0157551, 0.0565118, -0.0136774, 0.0581826, 0.0521627, 0.030196, 0.00422146, 0.0636817, -0.0280417, 0.0260408, -0.042976, 0.0483737, 0.00304022, 0.0660151, -0.0272432, 0.049601, 0.00821447, 0.0434279, 0.0540351, 0.0692566, -0.0230658, 0.0694057, 0.0127262, -0.00620924, 0.0288157, 0.0961039, 0.00279259, -0.00537093, 0.0066723, 0.0366949, -0.02655, 0.0197396, -0.0147574, 0.0572556, -0.012466, 0.0660633, 0.0158729, 0.0529992, -0.0115212, 0.049574, -0.0208971, 0.0479843, 0.00101509, 0.031668, -0.0176938, 0.0454624, -0.0337169, 0.0342238, 0.0312851, 0.049038, 0.00257388, 0.059956, 0.0191844, 0.0762944, 0.0315146, 0.000929362, -0.0296547, 0.0703357, -0.0246509, 0.0586087, 0.00909362, 0.0597729, 0.00720127, 0.0312083, 0.0262918, 0.0146751, -0.0469366, 0.0919429, 0.00402004, 0.0363468, 0.0120341, 0.0563338, -0.0554419, 0.0760199, 0.0515615, -0.014251, 0.0105993, 0.0523708, 0.00116538, 0.028717, -0.0258911, 0.046256, 0.010417, 0.0305106, -0.0275574, 0.0397453, -0.0144347, 0.0280013, 0.00558506, 0.050927, -0.00940161, 0.0596367, 0.029798, 0.0663414, 0.0042407, 0.0781085, -0.0193971, -0.00220265, 0.0269894, 0.0618466, 0.0194284, 0.081055, -0.0170081, 0.0613851, -0.0249271, 0.0404613, -0.00610628, 0.0478052, 0.0424829, 0.131863, 0.00321552, 0.0226334, -0.0265542, 0.0958718, 0.0152432, 0.0378004, -0.0332822, 0.0664508, 0.00859843, 0.00868958, 0.0126034, 0.0122581, 0.0187653, 0.0357549, 0.00602639, 0.0231956, -0.036181, 0.0637301, -0.0362129, 0.0362505, 0.00208481, 0.0388304, 0.0448234, 0.0896181, 0.042428, 0.0262769, 0.0109526, 0.0623872, 0.00951968, 0.0164328, -0.0178215, 0.0927382, -0.00549469, 0.0389142, -0.0206249, 0.0271587, 0.0444649, 0.0925623, 0.0191303, -0.000481612, -0.00711766, 0.0374196, -0.0115488, 0.0436037, 0.0189495, 0.0375654, -0.00218244, 0.0271648, -0.00169495, 0.0597936, -0.0431656, 0.0780076, 0.000796753, 0.0842607, 0.00564841, 0.108702, 0.0118021, 0.0658007, 0.0130716, 0.0865344, 0.0219447, 0.0469468, -0.0312452, 0.0634527, 0.0156614, 0.0469218, 0, 
0.0649665, 0.0964833, 0.0671592, 0.00155622, 0.0595078, -0.0360318, 0.0438011, -0.0539277, 0.0159856, -0.0110625, 0.0757095, 0.0144445, 0.0122507, -0.015632, 0.0671782, 0.0170088, 0.0150438, 0.0228715, 0.0439049, -0.00442847, 0.0298731, 0.0205524, 0.048835, -0.034573, 0.0384608, 0.00453038, 0.0514386, 0.0201982, 0.0297741, -0.0165915, 0.0314799, -0.00578742, 0.0669275, -0.0116014, 0.0216845, 0.0126668, 0.0985019, -0.0124712, 0.0248469, 0.013627, 0.0492986, 0.0241119, 0.0726275, -0.00157846, 0.0118292, -0.00708122, 0.0695719, 0.0017164, 0.0293523, 0.0120403, 0.029987, 0.00176523, 0.0992208, -0.0105597, 0.0312452, 0.00911142, 0.0643287, -0.0087221, 0.0379936, -0.0092492, 0.0990468, 0.0120515, 0.0612949, -0.019575, 0.0204472, -0.00531691, 0.0833558, -0.00653516, 0.0550488, 0.00287961, 0.0619907, 0.00266093, 0.0643031, -0.0337434, 0.021831, -0.00735543, 0.0686518, 0.00449233, 0.0641733, 0.00391126, -0.0145491, -0.022597, 0.0862312, 0.00389901, 0.00726618, 0.033692, 0.0036387, -0.029835, 0.0411839, -2.85464e-05, 0.0336972, -0.0320434, 0.0881669, 0.0104345, 0.000436503, 0.0468681, 0.0513953, 0.00351692, 0.0146242, -0.0171252, 0.0982551, -0.0174589, 0.0597582, -0.0131652, 0.0207869, -0.0019172, 0.0401047, 0.00845769, 0.0343279, -0.00566748, 0.0380334, 0.0158928, 0.0688065, 0.00474517, 0.0558153, 0.0102179, 0.0407776, -0.016165, 0.00796733, -0.037273, 0.0405805, 0.0118245, 0.0274534, 0.0466364, 0.0838714, -0.0146572, 0.0247328, 0.00467304, 0.0441448, -0.00779877, 0.0137889, 0.0110196, 0.017194, 0.0339261, 0.114624, -0.00668188, 0.00968807, -0.0791331, 0.0208877, 0.020264, 0.0375577, 0.0216833, 0.049472, 0.0265675, 0.049449, 0.00390784, 0.0703477, 0.0296934, 0.0760748, 0.0117911, 0.00900233, -0.0182364, 0.084344, 0.00545352, 0.0317941, -0.0300677, 0.0277716, 0.0029333, 0.0509193, 0.00165696, 0.0471849, -0.0364879, 0.0562888, 0.0109352, 0.0653958, -0.000847605, 0.0778076, -0.0164154, 0.0624992, -0.0261799, 0.0250033, 0.00243672, 0.0707228, 0.00711267, 0.0259054, 0.0304958, 0.0475211, 0.0285017, 0.0427986, -0.0269277, 0.0502494, -0.0303829, 0.0420954, -0.0187372, 0.0553671, 0.0163473, 0.0606788, 0.0111082, 0.0300075, -0.0207388, 0.0566344, 0.00728992, 0.0712403, -0.00372166, 0.0548571, 0.0171395, 0.0433503, 0.0262444, 0.0375927, -0.0201764, 0.012047, -0.0104437, 0.0611581, 0.0387548, 0.0547844, -0.0242119, 0.0519148, 0.038282, 0.0454895, 0.0185427, 0.0280339, -0.021116, 0.0683863, -0.00499842, 0.0336522, 0.0448255, 0.0115848, 0.0131136, 0.0917794, -0.0155147, 0.0481578, -0.0107417, 0.0469218, 0, 
0.0441329, -0.0347267, 0.0094072, 0.00112534, 0.0505756, 0.00425141, 0.0541703, -0.0118738, 0.019343, 0.0234945, 0.0290232, -0.0430638, 0.0643499, 0.0491175, 0.0461144, 0.018703, 0.032053, -0.0175145, 0.0868306, -0.0081391, 0.00691232, -0.0418101, 0.0324214, 0.0398178, 0.0574789, 0.0231814, 0.0510543, -0.0126706, 0.083484, -0.0453971, 0.00967841, 0.0221488, 0.0623916, -0.043353, 0.0285954, 0.0396506, 0.0765004, 0.041976, 0.0320544, 0.0103792, 0.0526378, -0.0382212, 0.098561, -0.0356832, 0.0537983, 0.0284646, 0.0659307, 0.0169285, 0.0517328, -0.0270777, 0.0839558, -0.0161929, 0.0402234, -0.0142707, 0.00534608, 0.00731713, 0.0864653, 0.0378861, 0.0412043, -0.0202271, 0.0689782, -0.0129919, 0.05015, -0.010718, 0.068497, -0.0135283, 0.0506728, 0.00212447, 0.0223332, 0.0109212, 0.0912952, 0.00510624, 0.0496558, -0.00506265, 0.0584775, 0.0206076, 0.0445585, -0.000605486, 0.0611192, -0.0137913, 0.0146659, 0.0139503, 0.0529717, 0.00581696, 0.0539607, -0.0261008, 0.0507838, -0.0100508, 0.0980701, 0.010677, 0.0632249, 0.0250742, 0.0356454, -0.0445598, 0.071993, -0.00852705, 0.0447701, -0.0204853, 0.0384628, 0.0311542, 0.0400925, 0.0154295, 0.0441572, -0.0177019, 0.0140582, 0.0124698, 0.0424981, -0.00144874, 0.0537553, -0.0182616, -0.00632929, 0.0277483, 0.0475819, 0.000477097, 0.0300405, 0.0158208, 0.0464075, 0.0122062, 0.0611297, -0.058183, 0.0421574, -0.0138658, 0.10673, 0.0408203, 0.0494497, -0.00352277, 0.0448613, 0.0140152, 0.088048, 0.0154709, 0.0361556, 0.0113286, 0.00968414, 0.00405967, 0.0523969, -0.0327402, 0.0160736, -0.00893576, 0.0551585, 0.0242354, 0.0429137, -0.00451921, 0.0383803, -0.0172588, 0.0293662, -0.0280597, 0.0602911, -0.00415604, 0.0572392, -0.00692766, 0.0710417, 0.0146852, 0.0955836, 0.0112799, 0.0391027, -0.0182984, 0.0479133, 0.0243489, 0.083091, -0.00596577, 0.0855637, -0.0231887, 0.054244, 0.0279333, 0.0948621, -0.00969683, 0.0282001, 0.0172488, 0.0570051, -0.0260382, 0.029378, 0.0408288, 0.0227183, 0.00724572, 0.0489791, -0.0442851, 0.0180216, -0.00460698, 0.0339682, 0.0422176, 0.0699178, 0.00406848, 0.0158827, -0.000679935, 0.0733598, 0.0190804, 0.0499504, 0.0033337, 0.0846213, -0.0214219, 0.0159717, -0.00595142, 0.0483682, -0.0271656, 0.0711321, -0.0259541, 0.046498, 0.00112446, 0.0503925, 0.00167779, 0.00981608, 0.0102534, 0.0251589, -0.00627301, 0.0490941, -0.00911168, 0.0594548, -0.00740618, 0.012783, 0.017346, 0.0749098, -0.000444352, 0.0232329, -0.0122116, 0.0657852, -0.00935271, 0.0825398, 0.00404189, 0.0772708, 0.0121547, 0.0462412, 0.00778157, 0.047007, 0.0302884, 0.0335294, -0.00327809, 0.0708864, 0.00593348, 0.0576379, 0.0284785, 0.0469218, 0, 
0.0432777, -0.056941, 0.0259641, 0.0241286, 0.0362614, 0.0352654, 0.0540316, -0.0116911, 0.0642902, 0.00117391, 0.0493635, 0.0140138, 0.0534226, -0.00662776, 0.0538845, -0.0103576, 0.0604345, -0.0173184, 0.0436173, -0.030006, 0.0361682, 0.0071795, 0.0614064, 0.0175866, 0.0645764, -0.0195054, 0.0768438, -0.0117862, 0.0597238, 0.0276203, 0.0265083, 0.0159254, 0.0250766, -0.0284108, 0.0257058, -0.00478733, 0.0552666, -0.0172516, 0.0539676, 0.00577418, 0.0657327, 0.00872932, 0.0333587, -0.0351801, 0.0401072, 0.0178016, 0.0289887, 0.0136567, 0.0258727, -0.0123204, 0.0769689, 0.0236005, 0.0142278, -0.0193589, 0.0903571, -0.0285407, 0.0190083, 0.00346721, 0.0375467, 0.0262868, 0.0423517, -0.0156478, 0.0442278, 0.00133144, 0.0422942, -0.0211136, 0.0226542, 0.0303305, 0.00942288, -0.0229683, 0.0212929, 0.0372868, 0.0454851, 0.0361034, 0.0332705, 0.00390063, 0.0337237, -0.0237141, 0.083936, -0.0305438, 0.0214781, -0.0234625, 0.0485708, 0.0116262, 0.0999783, 0.00980939, 0.0314229, 0.00931676, 0.0729002, 0.00887115, 0.0479653, 0.00232409, 0.0568289, 0.0118898, 0.0573296, -0.00110455, 0.0579118, -0.0210451, 0.0604748, 0.00595047, 0.0872538, 0.0301413, 0.0061936, -0.0195676, 0.0398923, -0.0250554, 0.0257695, 0.00828423, 0.0186696, -3.4576e-05, 0.0177443, -0.000754685, 0.047112, -0.0371769, 0.0683558, 0.00522982, 0.0291587, 0.00289498, 0.0709177, 0.0216548, 0.0738431, 0.00100513, 0.0736176, -0.0321467, 0.0761141, 0.0302753, 0.0584711, 0.00753237, 0.0265335, -0.0361099, 0.0623604, 0.0224532, 0.00060021, 0.00303213, 0.0249892, -0.00406565, 0.00161908, 0.0195772, 0.0139707, -0.0156266, 0.0168687, -0.0265486, 0.0206388, 0.0261903, 0.0544641, -0.026434, 0.0590682, -0.0119962, 0.0453224, 0.0199496, 0.078347, -0.00145181, 0.00118502, 0.02735, 0.0919491, 0.00218743, 0.0331595, -0.037556, 0.0324093, -0.00619913, 0.0482654, -0.00963464, 0.0201753, 0.0292665, 0.0611125, -0.000396644, 0.0564679, 0.0152534, 0.0611839, 0.0153041, 0.0513983, -0.0307994, 0.0315756, -0.0286025, 0.0475466, 0.0502935, 0.0441076, -0.00257554, 0.0448555, -0.00717881, 0.0422879, -0.00555936, 0.0880143, -0.0039257, 0.0308594, 0.00134526, 0.0361677, 0.0179746, 0.0573387, -0.0368907, 0.0536716, -0.0226234, 0.0606661, 0.0331544, 0.0685983, 0.00072286, 0.0297952, -0.000395073, 0.0271411, -0.00553631, 0.0867668, -0.0163832, 0.0251108, -0.00853888, 0.045707, -0.0546004, 0.0409746, 0.0128646, 0.0414222, 0.0173661, 0.0505579, 0.00921053, 0.0291328, 0.0145182, 0.10038, -0.0163068, 0.0364213, 0.0343113, 0.0842747, 0.00695723, -0.0010328, -0.0297999, 0.0687118, -0.0124421, 0.0591714, 0.056074, 0.0505421, -0.0129362, 0.0840763, -0.0160616, 0.0237032, -0.0383954, 0.0244186, -0.0248625, 0.0795143, 0.0163114, 0.0558931, 0.0135412, 0.0469218, 0, 
0.0128459, -0.00497778, 0.0186927, 0.00235798, 0.0379649, -0.0107026, 0.0534069, 0.0301768, 0.0542843, -0.0372746, 0.0471156, -0.00939078, 0.0401187, 0.0313429, 0.0447559, 0.00494244, 0.0714329, -0.0038216, 0.0410975, -0.0152113, 0.0809096, 0.00514994, 0.0555529, -0.0118676, 0.0311276, 0.0240664, 0.0761791, -0.0311161, 0.0227912, -0.0155942, 0.0737665, 0.0193332, 0.0468049, -0.0084748, 0.0425622, 0.00273705, 0.0217329, 0.00122331, 0.0672898, -0.0102884, 0.0414615, 0.00120223, 0.0361573, 0.00113801, 0.0676738, 0.0234235, 0.042066, 0.00251059, 0.0477674, -0.0298659, 0.0353559, 0.0211993, 0.0393785, -0.0080818, 0.0399184, -0.0150379, 0.0260821, -0.00834148, 0.0530895, 0.000220081, 0.0711999, 0.0205466, 0.0514585, 0.024287, 0.0552795, -0.0248607, 0.0511111, 0.00511632, 0.0209993, -0.00846845, 0.0570249, 0.00124011, 0.0704538, -0.0257637, 0.0136362, -0.0286394, 0.0418179, 0.00843715, 0.0413035, 0.0496433, 0.0553867, -0.0136032, 0.0540994, -8.14444e-05, 0.0235262, 0.0195327, 0.0561503, 0.0115909, 0.0319857, -0.0176463, 0.0305128, -0.0134659, 0.0432453, 0.000110746, 0.0329776, 0.00428614, 0.0608642, -0.00767088, 0.0197973, 0.0285189, 0.0164847, -0.0250394, 0.0346579, 0.011257, 0.0444454, 0.0152471, 0.01802, 0.00317469, 0.0569652, 0.0102253, 0.0213857, -0.0436394, 0.042729, -0.00479157, 0.0231232, 0.0221932, 0.0274664, -0.0163089, 0.0329933, -0.0093321, 0.0788041, 0.00152513, 0.0691479, -0.0134959, 0.0567623, 0.0298484, 0.0678664, -0.00853964, 0.0607582, -0.00276367, 0.0577306, 0.0295714, 0.0620982, -0.0293575, 0.0384703, -0.034112, 0.0154832, 0.00801311, 0.0389274, 0.0491218, 0.0196079, 0.00747466, 0.0466138, -0.0219758, 0.0571851, -0.014344, 0.058437, 0.0436418, 0.0633894, -0.0312088, 0.0217313, -0.00335345, 0.0694224, -0.00848943, 0.0480115, -0.00378695, 0.0133805, -0.0242684, 0.0474892, 0.00979638, 0.0135629, 0.00399185, 0.0383978, -0.00770302, 0.0387911, 0.00830091, 0.0320746, 0.00837309, 0.0992788, -0.0332947, -0.0180091, -0.010564, 0.0447038, 0.011906, 0.0417053, -0.00626652, 0.0552149, -0.00169831, 0.0630339, 0.00296358, 0.050488, -0.0184607, -0.00745048, 0.0275433, 0.0536557, -0.0242916, 0.0432539, -0.00714823, 0.0611403, -0.00657385, 0.0604695, -0.00789461, 0.07642, 0.0063662, 0.0317733, -0.00639652, 0.075583, 0.0131132, 0.0385655, 0.0152782, 0.0394751, 0.0167509, 0.0722307, -0.0184463, 0.0465449, 0.0153429, 0.0359561, -0.00331683, 0.0795653, 0.00964744, 0.0457213, 0.0180202, 0.0310191, 0.00842836, 0.0391241, -0.0187642, 0.0434406, 0.0165159, 0.025196, 0.0150854, 0.0381338, -0.0615941, 0.0642891, 0.00846254, 0.0359258, -0.00891259, 0.0563085, -0.00851443, 0.0392852, 0.0371471, 0.0609278, -0.0223502, 0.0595455, -0.00860572, 0.035415, 0.0365448, 0.0449512, -0.0039923, 0.0484996, -0.0266263, 0.0475245, -0.00849266, 0.102304, 0.000577915, 0.0208592, 0.0374223, 0.0469218, 0, 
0.0165405, -0.0178032, 0.0491385, -0.0176505, 0.046291, 0.0311558, 0.0614836, -0.0201479, 0.0379615, -0.0252727, 0.0295702, 0.0266931, 0.050623, 0.0103126, 0.0408237, -0.0142962, 0.0506309, -0.0203237, 0.0378746, -0.00518229, 0.0536822, 0.0236759, 0.0324092, 0.00890903, 0.0496002, 0.00531615, 0.0311278, 0.0141359, 0.0507507, -0.00687511, 0.0414083, 0.00693565, 0.0374132, 0.00597696, 0.025246, -0.015133, 0.0579029, -0.0148314, 0.0481999, -0.0253899, 0.077446, 0.0179608, 0.0583093, 0.00251896, 0.0546104, 0.0022615, 0.0517936, 0.0251948, 0.03924, -0.0464158, 0.058953, 0.0126074, 0.0654871, 0.0323902, 0.0387117, -0.00650775, 0.0685929, -0.00779887, 0.0465063, 0.011796, 0.0726509, -0.00460357, 0.0382585, -0.0194462, 0.0221253, 0.00440836, 0.0705125, 0.0165382, 0.0694966, -0.011771, 0.0694383, -0.00551684, 0.0698207, -0.0124663, 0.0439672, -0.0221983, 0.0238019, 0.00434836, 0.0477815, 0.0169659, 0.0339727, -0.0201814, 0.00729666, 0.00645121, 0.0282474, 0.0233058, 0.0444054, -0.0143071, 0.0238051, -0.0244605, 0.0623604, 0.0102558, 0.0400823, 0.040033, 0.0557259, -0.0170113, 0.0566645, -0.0366165, 0.0315878, 0.0559487, 0.0239468, -0.023145, 0.0461044, -0.0218931, 0.0306658, 0.0215586, 0.0821317, -0.0164596, 0.0487189, 0.0167253, 0.0328326, 0.00750364, 0.0507899, -0.0324317, 0.057194, 0.0225234, 0.0321991, 0.00148308, 0.0251411, 0.0100945, 0.0601933, 0.019069, 0.0387921, -0.00975783, 0.02672, 0.0248554, 0.0575093, 0.00743365, 0.0519394, -0.0220667, 0.0498285, -0.0265464, 0.0305137, 0.0169184, 0.0209152, -0.012808, 0.0564119, -0.0166945, 0.020886, -0.00643615, 0.0761172, -0.0206805, 0.0433375, 0.02233, 0.0143456, 0.00522755, 0.0578036, 0.0122025, 0.0645585, -0.0372626, 0.0595388, -0.0284594, 0.0362644, 0.0170187, 0.0896594, 0.00517708, 0.0751042, -0.0125658, 0.0454247, -0.000208157, 0.0639763, 0.0172327, 0.0634429, 0.00302139, 0.0417206, -0.0171368, 0.0474669, -0.0248966, 0.019817, 0.00209362, 0.0723206, 0.0295361, -0.0153821, 0.0120952, 0.0378014, 0.0131909, 0.0584735, -0.0115445, 0.0266755, -0.0179953, 0.0429649, -0.00510737, 0.0226297, -0.00470121, 0.0556909, -0.0116544, 0.0560636, 0.0201584, 0.0420747, 0.00823626, 0.0447596, -0.0205198, 0.0613523, 0.0194884, 0.0859619, -0.00988371, 0.0569232, 0.0014426, 0.0780992, 0.00256039, 0.0527138, 0.0107879, 0.048523, 0.00711913, 0.0655669, -0.00281749, 0.0485751, -0.00351377, 0.0219226, -0.0109715, 0.0345125, -0.0321811, 0.0788275, -0.00042702, 0.0357489, 0.00203301, 0.0429728, 0.015097, 0.0631559, 0.0292675, 0.0659806, -0.0137525, 0.0514297, -0.00555375, 0.0619271, -0.00359998, 0.0585724, 0.00136329, 0.048238, -0.0206986, 0.0672067, 0.0272143, 0.0193384, -0.00281127, 0.0800084, 0.0252092, 0.0270001, 0.00734814, 0.0373976, -0.00531038, 0.0627897, -0.00308225, 0.0276867, -0.0084833, 0.0692623, 0.012324, 0.0281261, -0.00129386, 0.0683176, -0.0112357, 0.0470639, 0.0118231, 0.0738616, 0.0174829, 0.0469218, 0, 
