0.0165786, 0, 0, 0.0165786, 0, 0, 0.0165786, 0, 0, 0.0165786, 0, 0, 0.0165786, 0, 0, 0.0165786, 0, 0, 0.0165786, 0, 0, 0.0165786, 0, 0, 
0.00977853, -0.000110114, -3.47674e-21, 0.00977852, -6.09367e-05, 1.66375e-20, 0.00977884, 0.000131545, -2.20121e-20, 0.0097795, 0.000288436, -9.22333e-20, 0.00978368, -0.000352929, 4.44233e-20, 0.00986113, -0.00209578, 5.68205e-19, 0.00994358, -0.00351189, 1.56428e-19, 0.0100515, -0.00223148, -1.48149e-18, 0.0141339, 0.000865278, -2.94762e-20, 
0.00897753, -0.000232386, 2.37335e-20, 0.00897915, 6.60115e-05, -1.77763e-19, 0.00898178, 0.000358533, -2.418e-19, 0.00898182, 0.000365902, 2.57021e-19, 0.00900828, -0.000536395, 9.11211e-19, 0.00921038, -0.00255896, 1.17594e-18, 0.00938955, -0.00425498, -1.44175e-18, 0.00958046, -0.00272741, -3.70882e-18, 0.0143904, 0.00108593, 1.59023e-19, 
0.0102065, -0.000432783, -4.30632e-05, 0.0102191, 0.000266687, -0.000138412, 0.0102329, 0.000835688, -0.000161177, 0.0102267, 0.000156903, 0.000284006, 0.0103533, -0.00155465, 0.000862388, 0.0102341, -0.000794231, -0.000464835, 0.0103798, 0.00116365, -0.00373088, 0.00980764, -0.00197445, -0.00486223, 0.00975838, -0.00497632, -0.0018226, 0.0140555, -0.000215564, 0.00125326, 
0.00806748, -1.55881e-05, -0.000279063, 0.00807717, 0.000260604, -0.000120061, 0.00807689, 0.000193032, 0.000236903, 0.0080899, -0.000213134, 0.000722271, 0.00809056, -0.00025516, 0.000517163, 0.00813482, 9.4462e-05, -0.00125711, 0.00863696, -0.000661899, -0.00393569, 0.00847646, -0.00276511, -0.00489056, 0.00929804, -0.00270073, -0.00165011, 0.0146284, 0.000164278, 0.00137659, 
0.00914401, -1.38721e-05, -0.000570758, 0.00915633, 0.000215393, -0.000137909, 0.00918382, 0.000595723, 0.000628818, 0.00920908, 0.000636643, 0.00125558, 0.00931463, -0.000655639, -4.48608e-05, 0.00970358, -0.00165305, -0.00165059, 0.00914778, 0.000359889, -0.000199049, 0.00986905, 0.002776, -0.00113331, 0.00863241, 0.0033896, -0.00615727, 0.0091214, 0.000780794, -0.00582964, 0.0142181, -0.001309, 0.000319825, 
0.0071834, 0.000134298, -0.000628501, 0.00721798, 0.000398031, 0.000120583, 0.0072322, 0.000355184, 0.000553743, 0.00723834, -0.000289391, 0.000456041, 0.00732744, -0.00096247, 0.000131512, 0.00725023, -0.00045422, -4.53131e-05, 0.00738501, 0.00147571, -0.00086063, 0.00832072, 0.00300877, -0.00341816, 0.00770295, 0.00226955, -0.00582958, 0.0089816, 9.19873e-05, -0.00353752, 0.0148542, -0.00127401, 0.000769828, 
0.00845189, 0.000186191, -0.000563028, 0.00848525, 0.000442427, -0.000155992, 0.00851897, 0.000551032, 0.000413605, 0.00859904, -4.81514e-05, 0.00156889, 0.00874617, -0.000974761, 0.00179855, 0.00919426, -0.000651554, -0.00147236, 0.00966246, -0.000594449, -0.00267719, 0.00843465, -0.00143129, 0.00092997, 0.010144, 0.00356946, 0.000700787, 0.00808778, 0.00952826, -0.00283264, 0.0084826, 0.00810866, -0.00371186, 0.0142578, -0.000963527, -0.000741771, 
0.00613928, 0.000553329, -0.000766875, 0.00619047, 0.000387109, 0.000182436, 0.00622964, 0.000109707, 0.000867655, 0.00623869, -0.000392069, 0.000721178, 0.00633527, -0.000882667, -0.000259163, 0.00646594, -0.00102594, -0.000717645, 0.0061265, -0.00034922, 0.000172401, 0.00691903, 0.00163944, 0.000637188, 0.00809086, 0.00515769, -0.00141646, 0.00763881, 0.00608138, -0.00293792, 0.00890403, 0.00311158, -0.00268587, 0.0149506, -0.00136897, -0.000360905, 
0.00765481, 0.00045164, -0.000619661, 0.0077147, 0.000424889, 6.23573e-05, 0.00776773, 0.000511067, 0.000599445, 0.00782137, 8.01831e-05, 0.001037, 0.00821903, -0.00191862, 0.00153264, 0.00874812, -0.00308972, 0.000722105, 0.00998397, -0.000150176, -0.0022084, 0.0100352, -0.000461983, -0.00301371, 0.00980791, -0.00107826, -0.00247106, 0.010907, 0.004067, 0.000523369, 0.0083021, 0.0122878, 0.00420709, 0.008933, 0.0102631, 0.00382733, 0.0139435, -0.000253124, -0.000644148, 
0.00541558, 0.000833749, -0.000497557, 0.00547038, 0.000516032, 0.000172823, 0.00551609, -9.96253e-05, 0.000771059, 0.00558967, -0.000972896, 0.000867137, 0.00568006, -0.00128653, 5.76092e-05, 0.00582094, -0.000795616, -0.00101826, 0.00581765, -0.000577663, -0.00100328, 0.00549114, -0.000659367, -8.69814e-05, 0.00721234, 0.00154155, 9.28794e-05, 0.00791059, 0.00578327, 4.11575e-05, 0.00744514, 0.00820654, 5.46498e-05, 0.00863439, 0.00532157, -0.000421438, 0.0148535, -0.000973501, -0.000652504, 
0.00579215, 0.000961002, -0.000342977, 0.00584861, 0.000354066, 0.000284054, 0.00589357, -9.41248e-05, 0.000701234, 0.00592116, -0.000439087, 0.000665016, 0.00615242, -0.0013014, 0.000217749, 0.006939, -0.00320662, -0.000392984, 0.00730524, -0.00237153, -0.00113708, 0.00976831, 0.000867361, -0.00140731, 0.00784024, -6.48317e-05, -0.00329627, 0.00914881, 0.00360313, -0.00275755, 0.00913426, 0.00704988, -0.000277749, 0.0078192, 0.0108997, 0.00488383, 0.00875399, 0.00829747, 0.00531223, 0.0142991, -0.000672428, -0.000100972, 
0.00433971, 0.000979853, -2.6357e-05, 0.00437971, 0.000448815, 0.000344614, 0.00440479, -0.000271101, 0.000540295, 0.00448765, -0.00120032, 0.000291033, 0.00463203, -0.00159262, -0.000341089, 0.00457496, -0.000917945, -0.000866853, 0.00451451, -4.78334e-05, -0.000697382, 0.00440721, -2.30865e-05, -0.000336385, 0.00490689, 0.00061265, -0.00084008, 0.00612878, 0.00357463, -0.000939216, 0.00639347, 0.00718265, -6.19395e-05, 0.00626994, 0.00801402, 0.000887596, 0.00839198, 0.00425967, 0.000676804, 0.0151713, -0.00109635, -0.000271916, 
0.00410252, 0.00111331, 0.000262047, 0.00412365, 0.000264212, 0.000422757, 0.00413736, -0.000468777, 0.000415261, 0.0041718, -0.000966799, 1.34688e-05, 0.0042565, -0.00110758, -0.000600943, 0.00442311, -0.00134919, -0.000876435, 0.0043318, -0.00156554, -0.000711847, 0.00615094, 0.000731261, -0.000674103, 0.00809927, 0.00223309, -0.00113002, 0.00628687, 0.000223562, -0.00206489, 0.00685566, 0.00420658, -0.0012568, 0.00595998, 0.00856718, 0.0010368, 0.00457038, 0.0113076, 0.00351821, 0.00708007, 0.0072043, 0.00295466, 0.0150221, -0.00100968, -0.000107296, 
0.00314843, 0.000969201, 0.000485202, 0.00314258, 0.00024918, 0.000353901, 0.00314759, -0.000467671, 0.000178521, 0.0032277, -0.00115511, -0.000160281, 0.00331358, -0.00132033, -0.000581412, 0.00315734, -0.000562803, -0.000834861, 0.00304957, 0.000541157, -0.000484706, 0.00302971, 0.00079217, 0.000171684, 0.00296685, 0.000791326, 2.93923e-05, 0.00372322, 0.00231043, -0.000458516, 0.00425464, 0.0050625, -0.000469155, 0.00406028, 0.00714, 0.00010443, 0.00455786, 0.00624842, 0.000557548, 0.00790583, 0.00269525, 0.000380278, 0.0157934, -0.00110487, -0.000164162, 
0.00331756, 0.000997957, 0.000573773, 0.00332684, 0.000203602, 0.000406306, 0.00333748, -0.000451227, 0.000182248, 0.00337246, -0.000810711, -0.000231517, 0.00341313, -0.000797825, -0.000693008, 0.00341273, -0.000559893, -0.000910322, 0.00311306, -0.000677421, -0.000336247, 0.00286853, -0.000665756, 0.000370305, 0.00861624, 0.00352464, -0.00223689, 0.010024, 0.0050968, -0.00265985, 0.00971019, 0.00125748, -0.000250199, 0.00974496, 0.00424348, 0.00130082, 0.00705402, 0.00890214, 0.00321309, 0.00212928, 0.0141375, 0.00379523, 0.00387264, 0.0121531, 0.0029625, 0.0151529, -0.000885966, -0.000388943, 
0.00237062, 0.000701694, 0.000744673, 0.00236023, 4.53439e-05, 0.000363549, 0.00235237, -0.000489747, -5.20731e-05, 0.002416, -0.000955325, -0.000475276, 0.00250558, -0.0011746, -0.000681886, 0.00236304, -0.000616737, -0.000758957, 0.00245416, 0.000753647, -0.00068838, 0.00297646, 0.00151171, -0.000151254, 0.00252406, 0.00108235, 0.000588831, 0.00246778, 0.000891347, 0.000790496, 0.00290747, 0.00214135, 0.000688393, 0.00282736, 0.00483924, 0.000709233, 0.00195631, 0.0069868, 0.000863393, 0.0023491, 0.00649473, 0.000730942, 0.00630593, 0.00327396, 0.000130474, 0.0160516, -0.000902232, -0.000310236, 
0.00288907, 0.000785351, 0.000727509, 0.00289288, 0.00019101, 0.000367836, 0.00290907, -0.000312517, 8.09555e-05, 0.00295433, -0.000599638, -0.000172823, 0.00298456, -0.000621026, -0.000377545, 0.00300643, -0.000505128, -0.000542991, 0.00301901, -0.000333201, -0.000530405, 0.00250352, -0.000644065, 4.69389e-05, 0.00280593, -0.000557957, 0.00032033, 0.0101966, 0.00707682, -0.00255199, 0.013152, 0.0115329, -0.0029587, 0.0136836, 0.00479881, 0.000978618, 0.0136937, 0.00647936, 0.00366026, 0.0099722, 0.00969979, 0.00632221, 0.0042518, 0.0130738, 0.00830363, 0.00493486, 0.0128563, 0.00701629, 0.0144774, -0.000635289, -0.000780095, 
0.00193427, 0.00049267, 0.00075841, 0.00195246, -0.000108393, 0.000391822, 0.00195317, -0.00053162, -6.74184e-05, 0.00197099, -0.000686591, -0.000697993, 0.00202945, -0.000722354, -0.00106234, 0.00190439, -0.000574203, -0.000811941, 0.00176914, 0.000249096, -0.000320268, 0.00274328, 0.00127558, -0.00015462, 0.0037816, 0.00174503, -0.000325783, 0.00370108, 0.00146047, 0.000121263, 0.0038531, 0.00100727, 0.00089621, 0.00435166, 0.00199926, 0.00160843, 0.00355174, 0.00491427, 0.00229398, 0.00131756, 0.00771527, 0.00271186, 0.00040914, 0.00858988, 0.0024142, 0.00472414, 0.0054936, 0.000924305, 0.0159652, -0.000754035, -0.000563342, 
0.00245554, 0.00043831, 0.000863329, 0.0024534, 3.83395e-05, 0.000396214, 0.00246052, -0.000314543, -1.70761e-05, 0.00250806, -0.000559043, -0.000372013, 0.00255307, -0.000612025, -0.000580259, 0.00251735, -0.000396024, -0.00065114, 0.00252616, 0.000110709, -0.000520331, 0.00278065, 0.000506572, -5.2049e-05, 0.00240199, 0.000197657, 0.000655816, 0.00280197, 0.000331556, 0.000865936, 0.00847399, 0.00784898, -0.000328084, 0.0116103, 0.0157345, -0.000316707, 0.0136454, 0.00776085, 0.00131705, 0.0157554, 0.00616556, 0.00362824, 0.0106306, 0.00842422, 0.00695128, 0.00657689, 0.00891647, 0.0113523, 0.00779612, 0.00839826, 0.00957631, 0.0141301, -0.000253116, -0.000691949, 
0.0016928, 0.000294771, 0.000794211, 0.00170885, -0.000146757, 0.000343246, 0.00172327, -0.000511533, -0.000116114, 0.00173766, -0.000560219, -0.000695065, 0.00171925, -0.000276979, -0.00114672, 0.00159115, -7.51198e-05, -0.000916132, 0.00125497, 0.000153212, -7.03289e-05, 0.0016515, 0.000692913, 0.000477896, 0.00346858, 0.00144546, -5.03726e-05, 0.00469976, 0.00221648, -0.000525546, 0.00535491, 0.00269018, -0.000393643, 0.0059408, 0.00285781, 0.00043309, 0.00644108, 0.00390384, 0.00172864, 0.00538104, 0.00599554, 0.00352034, 0.00260842, 0.00800224, 0.00545172, 0.000956408, 0.00890038, 0.00635314, 0.00511337, 0.00606427, 0.00394447, 0.0155777, -0.000628374, -0.000843113, 
0.0020746, 0.000134295, 0.000876681, 0.00207816, -0.000158113, 0.000383895, 0.00207727, -0.000362839, -0.000119628, 0.00210519, -0.000432634, -0.00066081, 0.0021532, -0.000417428, -0.000988879, 0.00206839, -0.000268979, -0.000842057, 0.00189354, 0.00021456, -0.000234604, 0.00227398, 0.000741061, 0.000431037, 0.00316034, 0.000976681, 0.000589233, 0.00334258, 0.00103597, 0.000622199, 0.00355494, 0.00112597, 0.000746518, 0.00645846, 0.00617466, 0.00107901, 0.00756149, 0.014418, 0.00310567, 0.00976939, 0.0104966, 0.00268402, 0.0161258, 0.00618512, 0.00178264, 0.0109546, 0.00673815, 0.00660305, 0.00771171, 0.0052679, 0.0124345, 0.00929925, 0.0044153, 0.0100412, 0.0142483, -0.000168276, -0.000496483, 
0.00149793, 2.73047e-05, 0.000832635, 0.00149464, -0.000183711, 0.000256579, 0.00150249, -0.000394219, -0.000275295, 0.00153723, -0.000466571, -0.000763008, 0.00149768, -0.000168109, -0.00105455, 0.00131735, 0.000328896, -0.000858909, 0.00101329, 0.000522571, 1.07978e-05, 0.00103205, 0.000730877, 0.000809703, 0.00227945, 0.00111392, 0.000713129, 0.00380916, 0.00187001, 0.000145537, 0.00496501, 0.00282355, -0.000280866, 0.00566635, 0.00374188, -0.000243837, 0.00615919, 0.00448181, 0.000449426, 0.00638004, 0.00538303, 0.00187315, 0.00558238, 0.00638172, 0.00420836, 0.00360546, 0.00688072, 0.0071486, 0.00338085, 0.0064383, 0.00834933, 0.00715363, 0.00394933, 0.00520684, 0.0152821, -0.000462054, -0.000917765, 
0.00170083, -7.22961e-05, 0.000828748, 0.00170646, -0.000260458, 0.000279607, 0.00170663, -0.000357408, -0.00025744, 0.00172307, -0.000294344, -0.000798371, 0.00173722, -0.000156443, -0.00110342, 0.00162101, -1.79178e-06, -0.000839536, 0.00135944, 0.000300223, 4.28231e-05, 0.00160601, 0.000690174, 0.000885691, 0.00271643, 0.000970327, 0.000870396, 0.00364025, 0.00137314, 0.000509006, 0.00422356, 0.00186325, 0.000189551, 0.00455162, 0.00224408, 0.00021472, 0.00550751, 0.00507788, 0.00114612, 0.00472821, 0.01039, 0.00424142, 0.00558267, 0.00995089, 0.0048552, 0.0147066, 0.0061437, 0.00115102, 0.0111262, 0.00496727, 0.00639097, 0.00783535, 0.00261508, 0.0127349, 0.00995857, 0.00144125, 0.00926131, 0.0145157, -0.000147517, -0.000476038, 
0.00129525, -0.000169711, 0.000769719, 0.00128929, -0.00022873, 0.000162755, 0.00129113, -0.000278164, -0.000392429, 0.00132128, -0.000270464, -0.000842774, 0.00130255, -0.000113965, -0.000984105, 0.0011076, 0.000343869, -0.000664298, 0.000920561, 0.000791131, 0.00016819, 0.000850807, 0.000878929, 0.00102873, 0.00160009, 0.00103447, 0.00111886, 0.00265136, 0.00143587, 0.000760458, 0.00384901, 0.00229209, 0.000194411, 0.00463586, 0.00338168, -0.000156789, 0.00498121, 0.0043033, 2.98966e-05, 0.00523369, 0.00498272, 0.000826334, 0.00541045, 0.00551933, 0.00241909, 0.0051407, 0.005631, 0.00507156, 0.00452058, 0.00497706, 0.00787439, 0.00536233, 0.00380695, 0.00845017, 0.00852425, 0.0020475, 0.00507931, 0.0152137, -0.000292366, -0.00091755, 
0.00140586, -0.000212016, 0.000733981, 0.00141288, -0.000281522, 0.000167102, 0.00141836, -0.000297001, -0.000356007, 0.00143383, -0.000187647, -0.000813756, 0.00141835, -4.72784e-08, -0.0010089, 0.00127795, 0.000210905, -0.000667532, 0.00104759, 0.000481085, 0.000285326, 0.00121776, 0.000751812, 0.00120808, 0.00216469, 0.000940817, 0.00123473, 0.00303762, 0.00127596, 0.000803857, 0.00373593, 0.00182122, 0.000253145, 0.00421182, 0.00256219, -0.000143489, 0.00448649, 0.00312847, 4.69181e-06, 0.00472823, 0.00453284, 0.00107915, 0.00335876, 0.00744888, 0.00436677, 0.00318323, 0.00782079, 0.00651873, 0.0139855, 0.00498073, 0.00168079, 0.0127959, 0.0028189, 0.00556101, 0.00769646, 0.00043751, 0.0131754, 0.0101592, -0.000717481, 0.00889078, 0.0147449, 1.41467e-06, -0.000499407, 
0.00110294, -0.000268073, 0.000640088, 0.00110499, -0.000245397, 6.80828e-05, 0.0011108, -0.000210743, -0.000446408, 0.00112953, -0.000119597, -0.000833229, 0.00110415, 1.48415e-05, -0.000892407, 0.000938029, 0.000267535, -0.000462826, 0.000811052, 0.00074819, 0.000388478, 0.000977224, 0.000966064, 0.00116338, 0.00123052, 0.000968514, 0.00136963, 0.00201412, 0.00123562, 0.00101845, 0.00276924, 0.00173807, 0.000541718, 0.00342721, 0.00261619, 8.06885e-05, 0.00373843, 0.00364267, 8.87737e-06, 0.00388271, 0.00426699, 0.000438114, 0.00424647, 0.00457556, 0.00135874, 0.00484604, 0.0046571, 0.003169, 0.00529036, 0.00407027, 0.0058343, 0.00550554, 0.00277018, 0.00818055, 0.00659353, 0.00145168, 0.00821323, 0.00924942, 0.000595228, 0.00482208, 0.0152391, -3.63179e-05, -0.000911844, 
0.00122249, -0.000294226, 0.000597952, 0.00123354, -0.000276698, 7.8457e-05, 0.00124499, -0.000240832, -0.000386591, 0.00126048, -0.00012476, -0.000749444, 0.00122984, 5.7427e-05, -0.000843076, 0.0010852, 0.000290362, -0.000449071, 0.00091855, 0.000567872, 0.000501253, 0.00108311, 0.000768231, 0.00141437, 0.00180023, 0.000872632, 0.00148422, 0.00250979, 0.00111878, 0.00106985, 0.0030566, 0.00154256, 0.000484957, 0.00341047, 0.00219872, -0.000103385, 0.00357807, 0.00300253, -0.000300312, 0.00377305, 0.00353628, 0.000107459, 0.00408248, 0.0042091, 0.00134295, 0.00303664, 0.00556977, 0.00507321, 0.00242577, 0.00558809, 0.00844439, 0.013602, 0.00352193, 0.00240802, 0.0166746, 0.000623535, 0.00306735, 0.00786039, -0.00277961, 0.0138318, 0.0100299, -0.00362449, 0.00967626, 0.0148879, 0.000218017, -0.000414427, 
0.000957706, -0.000303144, 0.000480454, 0.000968425, -0.000238018, -1.93744e-05, 0.000980068, -0.000169145, -0.000458997, 0.000991272, -4.99686e-05, -0.000755999, 0.000947679, 0.000107405, -0.000744066, 0.000802714, 0.000287529, -0.000276164, 0.000687765, 0.000583752, 0.000590924, 0.00103732, 0.000891404, 0.00126154, 0.00144058, 0.000940905, 0.00130319, 0.00151352, 0.0010022, 0.00113604, 0.00192776, 0.00129877, 0.000716281, 0.00238409, 0.00190409, 0.000287029, 0.00262865, 0.00270015, 0.000141306, 0.00269224, 0.00335225, 0.000390726, 0.00294294, 0.0035982, 0.000921212, 0.00378477, 0.00359887, 0.00181946, 0.00494685, 0.0033361, 0.0036077, 0.0059546, 0.00221656, 0.00607953, 0.0064943, 0.000428588, 0.00806651, 0.00742342, -0.000921867, 0.00789417, 0.00968847, -0.000786026, 0.0045916, 0.0152813, 0.000292839, -0.00081249, 
0.00112371, -0.000338821, 0.000432643, 0.00113839, -0.000275834, -2.13893e-06, 0.00115327, -0.00021518, -0.000384473, 0.00116718, -0.00011252, -0.000655068, 0.00113167, 3.77706e-05, -0.000671496, 0.000999239, 0.000263459, -0.00025726, 0.000903569, 0.000556682, 0.000641155, 0.00109224, 0.000717724, 0.00148013, 0.00159919, 0.000768479, 0.00155714, 0.00209538, 0.000934305, 0.0012023, 0.00248204, 0.00124041, 0.000671267, 0.00268956, 0.00173386, 6.44175e-05, 0.00269358, 0.00240795, -0.000334772, 0.00267447, 0.00300463, -0.000212329, 0.00294006, 0.00340824, 0.000465819, 0.00368535, 0.00373781, 0.00195343, 0.00392315, 0.00394235, 0.00585862, 0.00374228, 0.00300093, 0.0106629, 0.01237, 0.00231484, 0.00440289, 0.0210005, 0.000200754, -0.000619931, 0.00929122, -0.00763231, 0.0119785, 0.00963846, -0.00894839, 0.0108396, 0.0149457, 0.000351703, -0.000220407, 
0.000868494, -0.000301362, 0.000312245, 0.000884272, -0.000219729, -9.73503e-05, 0.00089881, -0.000142965, -0.000447439, 0.000902814, -2.7737e-05, -0.000645032, 0.000846233, 0.000131332, -0.000559119, 0.000716285, 0.000327481, -9.52104e-05, 0.00064292, 0.000535297, 0.000692973, 0.000897321, 0.000725135, 0.00130854, 0.00160393, 0.000827221, 0.00121823, 0.00167676, 0.000913772, 0.000934027, 0.00141503, 0.000919696, 0.000651258, 0.00148446, 0.00115085, 0.000313472, 0.00171049, 0.00176811, 0.000198791, 0.00183098, 0.0023251, 0.000436926, 0.00197938, 0.00266966, 0.000895023, 0.0025053, 0.00273978, 0.00140897, 0.00378251, 0.00265887, 0.00200425, 0.00531776, 0.00217197, 0.00349953, 0.00669569, 0.000567635, 0.00562117, 0.00739312, -0.00185879, 0.00730659, 0.00803698, -0.00342307, 0.00708681, 0.00995782, -0.0023081, 0.00414166, 0.0153201, 0.00056837, -0.000584595, 
0.00108036, -0.00035215, 0.000247875, 0.00109622, -0.000277782, -8.83837e-05, 0.00111004, -0.000205097, -0.000380188, 0.00111982, -0.000117848, -0.00057057, 0.00108824, -1.66563e-05, -0.00053605, 0.000978423, 0.000172341, -0.000128472, 0.000946057, 0.000475502, 0.000685674, 0.00118227, 0.000630862, 0.00140451, 0.00151555, 0.000658858, 0.00143707, 0.00177993, 0.000766415, 0.00113476, 0.00196909, 0.000950387, 0.000715667, 0.0020619, 0.00126994, 0.000216729, 0.00199871, 0.00178008, -0.000201998, 0.00184561, 0.00227074, -0.000273186, 0.0018935, 0.00261703, 8.55218e-05, 0.00247954, 0.0028854, 0.000988258, 0.0037424, 0.00303651, 0.00255961, 0.00540746, 0.00252697, 0.00601835, 0.00681387, 3.88799e-06, 0.0116479, 0.0118958, -0.00043616, 0.0080609, 0.0233229, 0.00194616, -0.00240669, 0.0125597, -0.0106876, 0.00584128, 0.00942798, -0.0169361, 0.00997105, 0.0149311, 0.000335664, -3.15163e-05, 
0.000823169, -0.00028241, 0.000154547, 0.000838724, -0.000196119, -0.000159519, 0.000852349, -0.000122832, -0.000421335, 0.000849479, -2.3103e-05, -0.000532116, 0.00078758, 0.000121917, -0.000388609, 0.00067634, 0.000321435, 5.72283e-05, 0.000659338, 0.000540137, 0.000724036, 0.000853345, 0.000658683, 0.00120786, 0.00127226, 0.000703576, 0.00118371, 0.00168981, 0.000813685, 0.000900413, 0.00162277, 0.000902852, 0.000507488, 0.00110207, 0.000741568, 9.61743e-05, 0.000946259, 0.000768889, -0.000121015, 0.00113271, 0.00129536, 0.000161469, 0.00137449, 0.00180027, 0.000794153, 0.00178196, 0.00203324, 0.00142051, 0.00250249, 0.00209412, 0.00183718, 0.0038988, 0.00205887, 0.00208298, 0.00563045, 0.00142647, 0.00312112, 0.00724309, -0.000680364, 0.00476622, 0.00804262, -0.00388847, 0.00591556, 0.0083986, -0.00575096, 0.00550581, 0.0100617, -0.00380969, 0.00320128, 0.0153502, 0.00070499, -0.000313623, 
0.00104988, -0.000333185, 7.30368e-05, 0.00106448, -0.000267865, -0.000171031, 0.00107458, -0.000195598, -0.00037572, 0.00107584, -0.000109963, -0.000492628, 0.00104829, -4.34056e-05, -0.000428278, 0.000966313, 8.72038e-05, -5.39835e-05, 0.000977469, 0.000371667, 0.000659306, 0.00125897, 0.000534991, 0.00125864, 0.00151476, 0.000562106, 0.00123142, 0.00158859, 0.000639285, 0.000941763, 0.00157672, 0.000728657, 0.000589395, 0.00152892, 0.000875365, 0.000201078, 0.00144602, 0.00119986, -0.000139021, 0.00129562, 0.00161028, -0.000232898, 0.0012261, 0.00192993, -1.81342e-05, 0.00154007, 0.00215798, 0.000521572, 0.00250444, 0.00237503, 0.00147338, 0.00416104, 0.00238754, 0.00306571, 0.00659867, 0.00139244, 0.00584393, 0.0097479, -0.00265066, 0.0105959, 0.0133385, -0.00563524, 0.0100906, 0.0234524, 0.00232752, -0.000911499, 0.0174111, -0.00851356, -0.000870898, 0.00968423, -0.0245585, 0.00516765, 0.0148208, 0.000242928, 5.12585e-05, 
0.000808557, -0.000258775, 2.03996e-05, 0.000819588, -0.000172638, -0.000200912, 0.000829342, -0.000104245, -0.000383997, 0.000821364, -2.09732e-05, -0.000432609, 0.000762304, 0.000100224, -0.000260494, 0.000673566, 0.000273193, 0.000154124, 0.000687912, 0.000469989, 0.000713478, 0.000880797, 0.000576965, 0.00107703, 0.00110225, 0.0006055, 0.00102216, 0.00123673, 0.000661864, 0.00082921, 0.00138031, 0.000768262, 0.000577925, 0.001243, 0.000835219, 0.000209666, 0.000740395, 0.000582769, -0.000273138, 0.000558357, 0.000402821, -0.000491629, 0.000837679, 0.000768631, 2.73857e-05, 0.00133066, 0.00134224, 0.00117325, 0.00196717, 0.00156795, 0.00188894, 0.00278516, 0.00165075, 0.00224922, 0.00406022, 0.00164358, 0.00233073, 0.00585915, 0.000914398, 0.00290965, 0.00756053, -0.00165655, 0.00390621, 0.00830768, -0.00548054, 0.00417529, 0.00843003, -0.00745968, 0.00335921, 0.00998868, -0.00493457, 0.00183283, 0.0153774, 0.000734655, -9.75043e-05, 
0.00100037, -0.000297547, -6.4593e-05, 0.00101084, -0.000240318, -0.000230744, 0.00101704, -0.000180255, -0.00036198, 0.0010098, -0.000102775, -0.000406874, 0.000976971, -3.65547e-05, -0.000305063, 0.000917199, 6.05678e-05, 2.10358e-05, 0.000952606, 0.00029981, 0.000598274, 0.00124264, 0.000457792, 0.00107481, 0.00147552, 0.000482409, 0.00103251, 0.00147366, 0.000544235, 0.000758441, 0.00132619, 0.00057792, 0.000422785, 0.00113119, 0.000591982, 6.21364e-05, 0.000988269, 0.000727253, -0.000237704, 0.000876301, 0.00101484, -0.000314861, 0.000826169, 0.00132471, -0.000103223, 0.000999835, 0.0015841, 0.000365484, 0.00160816, 0.0018054, 0.000983421, 0.00278916, 0.00199666, 0.00194788, 0.00466481, 0.00177293, 0.00353104, 0.00746093, 0.000250854, 0.00576396, 0.0113876, -0.00466129, 0.00860595, 0.0148537, -0.0107628, 0.00837621, 0.0224138, -0.000948568, 0.000642062, 0.0229106, -0.00310922, -0.00387319, 0.00979017, -0.0283079, -0.00137327, 0.0145251, 0.000187916, 5.00673e-05, 
0.000804706, -0.000234187, -8.85168e-05, 0.000809823, -0.000155795, -0.000226618, 0.000814517, -9.41863e-05, -0.000341071, 0.000802428, -2.25048e-05, -0.000345667, 0.000750314, 7.53744e-05, -0.000168704, 0.00068383, 0.000209058, 0.000201658, 0.000710405, 0.000363034, 0.000667591, 0.000882547, 0.000451973, 0.00094322, 0.00106381, 0.000478582, 0.00086953, 0.00106772, 0.000521807, 0.000671547, 0.000983262, 0.000549553, 0.000428323, 0.000920101, 0.000593993, 0.000206623, 0.000779847, 0.000611973, -6.76874e-06, 0.000479811, 0.000378559, -0.000359706, 0.000366841, 0.000109602, -0.000658896, 0.000795693, 0.000382524, -8.72793e-05, 0.00155102, 0.000960526, 0.00144052, 0.00231273, 0.00117571, 0.00228772, 0.00319484, 0.00123928, 0.00261619, 0.00435836, 0.00117953, 0.00268229, 0.00609687, 0.000350238, 0.00287929, 0.00770286, -0.00255262, 0.00309961, 0.00816955, -0.0066121, 0.0023772, 0.00810543, -0.00841515, 0.00112748, 0.00973693, -0.00551177, 0.000373226, 0.0154161, 0.000733438, 5.12791e-05, 
0.000937535, -0.000260923, -0.00016371, 0.00094183, -0.0002064, -0.00026199, 0.000943476, -0.000157015, -0.000332614, 0.000931688, -0.000100009, -0.000321087, 0.000895051, -3.77703e-05, -0.000181672, 0.000846473, 6.4255e-05, 0.000111845, 0.000893926, 0.00026336, 0.000535741, 0.00114357, 0.000396724, 0.000856837, 0.00134369, 0.000415517, 0.000820087, 0.00131964, 0.000458617, 0.000606527, 0.00115016, 0.000467124, 0.000315693, 0.00088859, 0.000412409, -3.35457e-05, 0.000664626, 0.000397007, -0.000352638, 0.000534013, 0.00052486, -0.000476235, 0.000513569, 0.000757273, -0.00030694, 0.00068655, 0.00104221, 0.000165923, 0.00112662, 0.00130624, 0.000766141, 0.00189178, 0.00153531, 0.00144059, 0.00314184, 0.00161007, 0.00241137, 0.005172, 0.00103051, 0.00389851, 0.0082061, -0.00117399, 0.0055972, 0.0120515, -0.00646104, 0.00650769, 0.0150075, -0.0139136, 0.00463539, 0.0206332, -0.00603238, -0.000375373, 0.0286077, 0.00203091, -0.00404623, 0.00925592, -0.0282215, -0.00653254, 0.0139039, 0.000177195, 7.05595e-05, 
0.0008017, -0.000210205, -0.000171476, 0.000801607, -0.000146023, -0.000241847, 0.000801754, -9.51006e-05, -0.000299676, 0.000786548, -3.22867e-05, -0.000271535, 0.000741099, 5.18248e-05, -0.00010282, 0.000693209, 0.000154281, 0.000211346, 0.000722753, 0.000267625, 0.000587657, 0.000869059, 0.000339361, 0.000798911, 0.00102062, 0.000362562, 0.000723898, 0.00100756, 0.000397791, 0.000544539, 0.000860603, 0.000400785, 0.000294152, 0.000641996, 0.000344303, 9.54009e-06, 0.000503811, 0.000296634, -0.000163948, 0.000474647, 0.000277345, -0.000198999, 0.000421393, 0.000137348, -0.000347156, 0.000405067, -9.97607e-05, -0.000694969, 0.000865043, 0.000140678, -0.000189162, 0.0017751, 0.000609624, 0.00156644, 0.00265065, 0.000712694, 0.00265687, 0.00360128, 0.000722446, 0.00291238, 0.00478837, 0.000565136, 0.00291594, 0.00641787, -0.000349384, 0.00274599, 0.00776993, -0.00335012, 0.00215088, 0.00775983, -0.00733547, 0.000584775, 0.00749018, -0.00884288, -0.000914607, 0.00931284, -0.00574255, -0.000910273, 0.0154661, 0.000725356, 0.000185031, 
0.000870768, -0.000225277, -0.000230474, 0.000869119, -0.000174322, -0.000272034, 0.000866114, -0.000131565, -0.000293353, 0.000851374, -8.94729e-05, -0.00024328, 0.00081788, -4.33903e-05, -9.03861e-05, 0.000779163, 5.32278e-05, 0.000172144, 0.000833354, 0.000234755, 0.000484772, 0.00102255, 0.00033968, 0.000651825, 0.00115587, 0.000358351, 0.000591115, 0.0011307, 0.000385101, 0.000444899, 0.000987989, 0.000378988, 0.000235488, 0.000743867, 0.000299617, -5.43178e-05, 0.000487962, 0.000194346, -0.000373506, 0.000316655, 0.000175113, -0.000570013, 0.000275377, 0.000279569, -0.000516977, 0.000441867, 0.000515594, -0.000135389, 0.000827629, 0.000816052, 0.000473247, 0.00138989, 0.0010763, 0.00114518, 0.0022015, 0.00122997, 0.00184911, 0.00351172, 0.00110774, 0.0027652, 0.00567538, 9.29681e-05, 0.00400137, 0.00875337, -0.00279906, 0.00494579, 0.0120793, -0.00812771, 0.00418011, 0.0140864, -0.0151339, 0.000554458, 0.0179257, -0.0105819, -0.00337985, 0.0339917, 0.0060819, -0.00347741, 0.00840808, -0.0249216, -0.00994237, 0.0127537, 6.77671e-05, 0.000164893, 
0.000808173, -0.000189987, -0.000228447, 0.00080432, -0.000140697, -0.000249725, 0.000801524, -0.000102316, -0.000267572, 0.000785401, -4.89736e-05, -0.000220529, 0.000746072, 2.6882e-05, -6.76007e-05, 0.000711932, 0.000108198, 0.000189946, 0.000738212, 0.000184351, 0.000483299, 0.000851761, 0.000236641, 0.000644854, 0.00097893, 0.000254482, 0.000584038, 0.000959177, 0.000282918, 0.000425687, 0.000814932, 0.000277594, 0.000192021, 0.000576804, 0.000196828, -0.000104828, 0.000345309, 6.13761e-05, -0.000374661, 0.000271873, -2.67443e-05, -0.00047392, 0.000379025, 2.29998e-06, -0.000373171, 0.000515716, 2.94755e-05, -0.000299901, 0.000530722, -0.000120359, -0.000645273, 0.000899829, 3.31259e-05, -0.000345095, 0.00191061, 0.000250971, 0.00151342, 0.0030167, 4.5553e-05, 0.00304731, 0.00406905, -3.82747e-05, 0.00323173, 0.0053491, -0.000198763, 0.00298947, 0.00689032, -0.00104939, 0.00239897, 0.00795721, -0.00384025, 0.00101392, 0.00734357, -0.0076557, -0.00126523, 0.00676168, -0.00903596, -0.00292656, 0.00878657, -0.00594885, -0.00214734, 0.0154968, 0.000681634, 0.000336498, 
0.00079684, -0.000190508, -0.000265199, 0.000790918, -0.000144635, -0.000265653, 0.000784584, -0.000107047, -0.000252753, 0.000767746, -7.10148e-05, -0.000179447, 0.00073814, -3.39336e-05, -2.93784e-05, 0.000710358, 3.97632e-05, 0.000189578, 0.000760489, 0.00018931, 0.000424457, 0.000914565, 0.000278942, 0.000510173, 0.000966949, 0.000302346, 0.00040376, 0.000931523, 0.000320208, 0.000291351, 0.000823632, 0.000308945, 0.000147055, 0.000624193, 0.000224932, -6.76503e-05, 0.000397067, 8.1814e-05, -0.000333324, 0.000222699, -3.85975e-05, -0.000558812, 0.000152027, -7.55843e-05, -0.00064018, 0.000273034, 4.20608e-05, -0.000446017, 0.000592602, 0.000317618, 6.64147e-05, 0.00104258, 0.000603245, 0.000760633, 0.00162164, 0.000777648, 0.00146756, 0.0024543, 0.000797063, 0.00212741, 0.00380083, 0.000468384, 0.00284593, 0.00593697, -0.000889405, 0.00359745, 0.00870217, -0.00412994, 0.00360246, 0.0112233, -0.00905101, 0.00153757, 0.0123533, -0.0143013, -0.00312072, 0.0142375, -0.0126768, -0.00689767, 0.0357681, 0.00838896, -0.00166525, 0.00712299, -0.0183679, -0.0115124, 0.0110899, -0.000307788, 0.00017058, 
0.000830927, -0.000173575, -0.000264988, 0.000825028, -0.000135868, -0.000256754, 0.000821326, -0.00011005, -0.000253116, 0.000806667, -6.82775e-05, -0.000200748, 0.000772845, 4.40152e-07, -6.5148e-05, 0.000747876, 6.80532e-05, 0.000146644, 0.000768291, 0.000113905, 0.000370786, 0.000845883, 0.000146888, 0.000486358, 0.000949111, 0.000160433, 0.000437971, 0.000939083, 0.000183183, 0.000305423, 0.000812529, 0.000175593, 8.89539e-05, 0.000586039, 9.07222e-05, -0.000208894, 0.000342156, -6.10817e-05, -0.00051208, 0.000198795, -0.000205693, -0.000711894, 0.000217226, -0.000249648, -0.000733855, 0.000419935, -9.90334e-05, -0.000479535, 0.000638336, 8.05073e-05, -0.000171389, 0.000648972, 1.57135e-05, -0.000434589, 0.000882836, 8.70139e-05, -0.00044151, 0.0020012, -2.5064e-05, 0.00130382, 0.00351302, -0.000864723, 0.00332768, 0.00470022, -0.00117391, 0.00351263, 0.00606867, -0.00115347, 0.00293592, 0.00755577, -0.00179093, 0.00196271, 0.00844097, -0.00404117, -0.000140753, 0.0072196, -0.00751609, -0.00321638, 0.00618754, -0.00891342, -0.00524053, 0.00834813, -0.00605554, -0.00369421, 0.0154726, 0.000583275, 0.000488809, 
0.0007256, -0.000160257, -0.000273242, 0.000717545, -0.000120865, -0.000248988, 0.000709594, -8.82071e-05, -0.00021669, 0.000692077, -5.4221e-05, -0.000133943, 0.0006651, -1.68675e-05, 5.73636e-06, 0.000645273, 4.00396e-05, 0.000183677, 0.000681907, 0.000139242, 0.000353729, 0.000806376, 0.000211629, 0.000412035, 0.000862368, 0.000233127, 0.00031261, 0.000777647, 0.000250051, 0.000175567, 0.000656717, 0.000229795, 3.6043e-05, 0.000503502, 0.000153949, -0.000120576, 0.000327157, 5.08573e-06, -0.000315512, 0.000194475, -0.000165146, -0.000511357, 0.000140674, -0.000290507, -0.00065359, 0.000213866, -0.000304365, -0.000655242, 0.000434736, -0.000139937, -0.000383668, 0.000768996, 0.000117499, 0.000198043, 0.00120523, 0.00030223, 0.000928242, 0.00177948, 0.000337233, 0.00161427, 0.0025802, 0.000223504, 0.00212079, 0.00379627, -0.000175876, 0.00247241, 0.00558931, -0.00148965, 0.00260986, 0.00765263, -0.00438833, 0.0018117, 0.00915053, -0.00828054, -0.000854698, 0.00957241, -0.0112801, -0.00516402, 0.0101264, -0.0107241, -0.00841911, 0.0290679, 0.00644587, 0.000994656, 0.00536788, -0.0103862, -0.00996209, 0.00966109, -0.000736938, -0.000183476, 
0.000860579, -0.000156463, -0.000288042, 0.000853975, -0.000125275, -0.000266654, 0.000850744, -0.000109458, -0.000256081, 0.000839255, -8.10696e-05, -0.000208514, 0.000810439, -2.04141e-05, -8.90942e-05, 0.000790946, 4.10703e-05, 9.10535e-05, 0.000807819, 7.2052e-05, 0.000263316, 0.000859254, 9.37055e-05, 0.00033482, 0.000938664, 0.000105493, 0.000288158, 0.000937306, 0.000123568, 0.000179309, 0.00083792, 0.000117171, -1.32266e-05, 0.00063618, 3.77637e-05, -0.000305595, 0.000393154, -0.000117314, -0.000633358, 0.00022519, -0.000280041, -0.000879516, 0.000181758, -0.000371455, -0.000988155, 0.000276041, -0.000311903, -0.000885697, 0.000507917, -7.46533e-05, -0.00048688, 0.000778316, 0.000161842, 1.87996e-05, 0.000827849, 0.000174864, -2.99931e-05, 0.000910165, 0.000237807, -0.000267532, 0.00206512, -0.000155586, 0.00108907, 0.00407154, -0.00188505, 0.00324774, 0.00541912, -0.00264131, 0.00344858, 0.00680629, -0.00227822, 0.00264321, 0.00824062, -0.00271849, 0.00140463, 0.00904261, -0.00419738, -0.00121776, 0.00744928, -0.00682093, -0.00513554, 0.00599688, -0.00798256, -0.00774205, 0.00822664, -0.00550269, -0.005508, 0.015393, 0.000445955, 0.000605949, 
0.00068531, -0.000137648, -0.000271428, 0.000677193, -0.000106752, -0.000237054, 0.000669149, -8.0214e-05, -0.000196801, 0.000652358, -4.90466e-05, -0.00011358, 0.000628215, -1.17294e-05, 1.20094e-05, 0.000613242, 3.82819e-05, 0.000157154, 0.000640725, 0.00010737, 0.000279776, 0.000730401, 0.000159763, 0.000314392, 0.000806313, 0.000175253, 0.000246541, 0.00074787, 0.000191275, 0.000119066, 0.00059137, 0.000160664, -6.12965e-05, 0.000405882, 5.85603e-05, -0.000250083, 0.000261683, -9.23162e-05, -0.000403262, 0.000189597, -0.000262195, -0.000534203, 0.000192429, -0.000410198, -0.000656295, 0.000266848, -0.000476448, -0.000728972, 0.000388174, -0.000425253, -0.000668914, 0.000576245, -0.000277422, -0.000381929, 0.000873617, -0.000117406, 0.000179934, 0.0013011, -7.35556e-05, 0.000877439, 0.00185509, -0.000184151, 0.0014633, 0.00252772, -0.000345503, 0.00172419, 0.00341999, -0.000533862, 0.0016751, 0.00462831, -0.00124567, 0.00136017, 0.00578708, -0.00307432, 0.00032278, 0.00614408, -0.00556832, -0.00185897, 0.00570415, -0.00720242, -0.00435632, 0.00597487, -0.00666029, -0.00533009, 0.0126149, -0.00125074, -0.000731443, 0.0106558, -0.00164783, -0.00246719, 0.0109904, -0.000564055, -0.000493921, 
0.000878326, -0.000134424, -0.000300924, 0.000871755, -0.000107215, -0.000274989, 0.000869179, -9.71484e-05, -0.000263639, 0.000861019, -7.9266e-05, -0.000226167, 0.00083725, -2.67285e-05, -0.000126367, 0.000821133, 3.39876e-05, 2.93901e-05, 0.000838476, 6.51147e-05, 0.000170722, 0.000883392, 8.63567e-05, 0.000215296, 0.000950264, 9.79162e-05, 0.000165444, 0.00094759, 0.000113158, 6.72367e-05, 0.000863085, 0.000106217, -0.000110945, 0.000689092, 3.42825e-05, -0.000390694, 0.000464324, -0.000113281, -0.000720541, 0.000288967, -0.000285935, -0.000993695, 0.000219106, -0.000408109, -0.001152, 0.000262054, -0.000401717, -0.00113384, 0.000391663, -0.000254413, -0.000893615, 0.000624394, -1.90751e-05, -0.0004121, 0.000943068, 0.000178857, 0.000214458, 0.00109094, 0.000205684, 0.000441699, 0.00106792, 0.000301049, 0.000172402, 0.00210834, -0.000211428, 0.00100194, 0.00446646, -0.00276326, 0.00272158, 0.00598189, -0.00415673, 0.00278421, 0.00730044, -0.00335207, 0.00200178, 0.00866825, -0.00359959, 0.000580557, 0.00936222, -0.00432995, -0.00230712, 0.00777292, -0.00559861, -0.006729, 0.00614774, -0.00609704, -0.00975365, 0.00842481, -0.00406441, -0.00694042, 0.015303, 0.000302954, 0.000671132, 
0.000679186, -0.000120712, -0.000274111, 0.000672168, -9.82846e-05, -0.000239221, 0.000664996, -7.86489e-05, -0.000198436, 0.000649889, -5.29644e-05, -0.000118869, 0.000628983, -1.98412e-05, -6.22582e-06, 0.000617443, 2.48481e-05, 0.000112088, 0.000641547, 8.50534e-05, 0.000197495, 0.000713625, 0.000130047, 0.000204593, 0.000774933, 0.000144329, 0.000138323, 0.000750507, 0.00015668, 4.47755e-05, 0.000631199, 0.000133252, -0.000116772, 0.000429519, 2.16719e-05, -0.000359233, 0.000244993, -0.000157868, -0.000592786, 0.000179121, -0.000318065, -0.000723368, 0.000217449, -0.000416417, -0.000779203, 0.000298931, -0.000448381, -0.000804613, 0.000374135, -0.000419169, -0.000775718, 0.000454147, -0.000344604, -0.000635935, 0.000605532, -0.000245159, -0.000323249, 0.000916961, -0.000188106, 0.000242404, 0.00141726, -0.000300674, 0.000952603, 0.00204826, -0.000582685, 0.00150182, 0.00274789, -0.000848624, 0.00166996, 0.00359063, -0.0010087, 0.00148595, 0.00466305, -0.00151487, 0.000958452, 0.00556062, -0.00289011, -0.000385142, 0.00554653, -0.00472179, -0.00281831, 0.00477936, -0.00585201, -0.00521968, 0.00504912, -0.0053317, -0.00558652, 0.00836779, -0.00289025, -0.00296054, 0.0158614, 0.000406357, 0.000739408, 
0.000878223, -0.000108207, -0.000305898, 0.00087202, -8.51042e-05, -0.000278089, 0.00086993, -7.8657e-05, -0.000266885, 0.000864187, -6.64635e-05, -0.000239373, 0.000844641, -1.7958e-05, -0.00016214, 0.000830885, 4.635e-05, -3.2623e-05, 0.000851315, 8.60531e-05, 9.09205e-05, 0.000902665, 0.000111768, 0.000130243, 0.00097326, 0.000122324, 8.41717e-05, 0.000969469, 0.000136811, -1.54098e-05, 0.000888711, 0.000128202, -0.00019701, 0.000729748, 5.75673e-05, -0.000475944, 0.000526596, -8.36829e-05, -0.000798385, 0.000365453, -0.000252214, -0.00106833, 0.000290658, -0.000384252, -0.00124418, 0.000304659, -0.000411651, -0.00127809, 0.000386718, -0.000312059, -0.00112105, 0.000523397, -0.00014506, -0.000783869, 0.000748766, 2.42559e-05, -0.000268967, 0.00109689, 0.000109771, 0.000401761, 0.00136479, 5.24656e-05, 0.000829951, 0.00134424, 0.000157498, 0.000658522, 0.00217623, -0.000296618, 0.00102278, 0.0045649, -0.00331971, 0.00190783, 0.00619473, -0.00540726, 0.0015381, 0.00745691, -0.00419897, 0.00103675, 0.00882221, -0.00405319, -0.000425089, 0.00932229, -0.00416894, -0.00348186, 0.00799312, -0.00400312, -0.00784007, 0.0063944, -0.0037288, -0.0108853, 0.00870609, -0.00223771, -0.00761892, 0.0152454, 0.000166955, 0.000702171, 
0.000677211, -0.000102268, -0.000273448, 0.000671403, -8.66294e-05, -0.000240937, 0.000665256, -7.2703e-05, -0.000202361, 0.000651882, -5.18414e-05, -0.000128093, 0.000633598, -2.20011e-05, -2.69083e-05, 0.000624327, 2.02814e-05, 6.96189e-05, 0.000646566, 7.78864e-05, 0.000123441, 0.000711793, 0.000122098, 0.000106972, 0.000766086, 0.000136715, 3.56362e-05, 0.000744976, 0.000147991, -5.44298e-05, 0.000655611, 0.000129495, -0.000190086, 0.000493154, 3.54499e-05, -0.000405891, 0.000301098, -0.00014549, -0.000683623, 0.000186158, -0.000335476, -0.00090324, 0.000204263, -0.000442485, -0.00098548, 0.000322033, -0.00041702, -0.000926342, 0.000409818, -0.000346574, -0.000828807, 0.000449559, -0.000289653, -0.00071281, 0.000502911, -0.000233935, -0.000511467, 0.000646833, -0.000197781, -0.000172297, 0.000991289, -0.000261657, 0.000379027, 0.00156511, -0.00055465, 0.00103834, 0.00225487, -0.00100833, 0.00148163, 0.00298653, -0.00138469, 0.00154119, 0.00383583, -0.00159918, 0.00126461, 0.00487153, -0.00204961, 0.000550718, 0.0056609, -0.00309291, -0.00115979, 0.00551716, -0.00424148, -0.00400855, 0.0047158, -0.00468047, -0.00661788, 0.00506609, -0.00400858, -0.00684763, 0.00839952, -0.00216952, -0.00370089, 0.0158172, 0.000250721, 0.000810739, 
0.000872767, -7.98995e-05, -0.000305354, 0.000866982, -6.02754e-05, -0.000276856, 0.000865313, -5.63337e-05, -0.000266474, 0.000861459, -4.77085e-05, -0.000248132, 0.000844737, 9.65212e-07, -0.000191363, 0.000832216, 7.51589e-05, -8.80256e-05, 0.000856843, 0.000127953, 1.81049e-05, 0.000917821, 0.000158754, 5.98734e-05, 0.000996165, 0.000167228, 2.39501e-05, 0.000999357, 0.000181296, -7.40918e-05, 0.000924317, 0.000172402, -0.000263373, 0.000773781, 0.000100512, -0.000552043, 0.00058497, -3.96889e-05, -0.000876146, 0.000440118, -0.000203119, -0.00113907, 0.000375436, -0.000329316, -0.00130749, 0.000381138, -0.00036258, -0.0013512, 0.00043095, -0.00029264, -0.00124253, 0.000516441, -0.000164178, -0.000985847, 0.000649038, -3.74315e-05, -0.000596369, 0.000866272, 3.0337e-05, -7.44653e-05, 0.00122575, -3.47605e-05, 0.000576923, 0.00159298, -0.000238949, 0.00107103, 0.00166032, -0.000169815, 0.00100233, 0.00229125, -0.000446663, 0.00105399, 0.00442359, -0.00352942, 0.00101432, 0.00604079, -0.0062195, -0.000126849, 0.00736925, -0.00477382, -0.000229816, 0.00893435, -0.00398255, -0.00137287, 0.00919131, -0.00350935, -0.00459066, 0.00819089, -0.00214057, -0.00847914, 0.00661246, -0.00126109, -0.0113181, 0.00890183, -0.000444017, -0.00780873, 0.0152189, 1.66275e-05, 0.000710629, 
0.000675293, -8.22702e-05, -0.000269916, 0.000670625, -7.20382e-05, -0.000240869, 0.000665457, -6.21145e-05, -0.000206084, 0.000653595, -4.3331e-05, -0.000139297, 0.000637153, -1.30597e-05, -5.09533e-05, 0.000629177, 3.15912e-05, 2.61897e-05, 0.000651347, 9.19703e-05, 5.6166e-05, 0.000716013, 0.000138073, 2.42953e-05, 0.000773627, 0.000152064, -4.54885e-05, 0.000757575, 0.000162974, -0.000135106, 0.000677079, 0.000145495, -0.000273592, 0.000537415, 6.00394e-05, -0.000476253, 0.000375799, -0.000103582, -0.000727466, 0.000258113, -0.000293348, -0.00096705, 0.000226573, -0.000436799, -0.00112763, 0.000308662, -0.000444261, -0.00112068, 0.00044329, -0.000313746, -0.000936473, 0.000509858, -0.000211776, -0.000739998, 0.000520142, -0.000174038, -0.000575642, 0.000560156, -0.000161531, -0.000348559, 0.000713669, -0.000202223, -3.28278e-06, 0.00108292, -0.000393561, 0.000487529, 0.00168764, -0.000854279, 0.00101773, 0.00238138, -0.00143822, 0.0012923, 0.00310568, -0.00187021, 0.00120854, 0.00395189, -0.00209606, 0.00082385, 0.00496204, -0.00242705, -6.247e-05, 0.0056796, -0.00303424, -0.00204625, 0.00547982, -0.00340438, -0.00508204, 0.00473214, -0.00313538, -0.00763936, 0.00517427, -0.00237339, -0.00765293, 0.0084781, -0.00127114, -0.00416582, 0.0157835, 7.26346e-05, 0.000849898, 
0.00087641, -4.94006e-05, -0.000299378, 0.000871034, -3.12566e-05, -0.000272297, 0.000869699, -2.78608e-05, -0.000264139, 0.000867404, -2.13051e-05, -0.000254745, 0.000852531, 2.93538e-05, -0.000214881, 0.000840094, 0.000119124, -0.000131124, 0.000870398, 0.000189933, -4.23888e-05, 0.000940714, 0.000226831, -5.63901e-06, 0.00102819, 0.000233033, -3.02863e-05, 0.0010404, 0.000246296, -0.000121868, 0.000976907, 0.000238528, -0.000308838, 0.000838035, 0.000167495, -0.000601706, 0.000659336, 2.62998e-05, -0.00093449, 0.000524331, -0.000135743, -0.00120006, 0.000468624, -0.000255834, -0.00136144, 0.000478251, -0.00028245, -0.00139559, 0.000517475, -0.000217902, -0.00129616, 0.000567704, -0.000115067, -0.00108831, 0.000641176, -1.81551e-05, -0.000781323, 0.000764348, 3.09615e-05, -0.000371749, 0.000977306, -1.97632e-05, 0.000134084, 0.00133743, -0.000236073, 0.000709995, 0.00176439, -0.00059598, 0.00115656, 0.00193781, -0.000611148, 0.00114965, 0.00241966, -0.000661212, 0.00104872, 0.00418323, -0.00341545, 0.000186966, 0.00565744, -0.00647211, -0.00205821, 0.00713582, -0.0050354, -0.00181479, 0.00921376, -0.00355136, -0.00206557, 0.009232, -0.00242838, -0.00535247, 0.00850873, -7.3705e-05, -0.00864739, 0.00687788, 0.00132321, -0.0112461, 0.00902061, 0.00137577, -0.00780857, 0.0151997, -0.000158598, 0.000675142, 
