0.0331573, 0, 0, 0.0331573, 0, 0, 0.0331573, 0, 0, 0.0331573, 0, 0, 0.0331573, 0, 0, 0.0331573, 0, 0, 0.0331573, 0, 0, 0.0331573, 0, 0, 
0.0441022, -0.0142381, -0.00450273, 0.0292839, 0.0140296, 0.00444188, 0.0408466, -0.0199912, -0.00632335, 0.0407589, -0.0165145, -0.00522703, 0.0430435, 0.00268574, 0.000885464, 0.0439815, 0.00903591, 0.00324664, 0.0424122, 0.00406411, -0.000235053, 0.0447339, 0.0121747, -0.00790432, 0.0337805, -0.0209951, 0.00622219, 0.0325174, 2.71148e-06, 0.000214183, 
0.0376087, -0.0247185, 0.00258769, 0.0427054, -0.00369044, -0.00448822, 0.0438404, 0.00570963, -0.00888597, 0.0440495, 0.00801553, 0.000940416, 0.0438373, -0.00701859, 0.00365047, 0.0435855, -0.00759656, -0.00208928, 0.0437921, -0.000901865, -0.00395694, 0.0461207, 0.00286453, 0.00477821, 0.0568425, 0.0163479, 0.0188146, 0.0524819, -0.0469576, -0.0391964, 0.033343, 5.06369e-05, 2.89235e-05, 
0.0457921, -0.0431821, -0.0348465, 0.0500999, 0.00788323, 0.0101149, 0.050367, 0.0138755, 0.00873354, 0.0468615, -0.00564173, -0.0052258, 0.0473559, -0.00714446, 0.00243026, 0.0483757, -0.00291584, 0.0039617, 0.0483703, -0.00713929, -0.00911436, 0.0485864, -0.0108209, -0.0110508, 0.053724, 0.0459399, 0.00533001, 0.0372319, -0.0115469, -0.0107357, 0.0396102, -0.027139, 0.000612268, 0.0327758, -0.000102452, -4.92079e-06, 
0.0377688, -0.0160549, 0.00293884, 0.0367666, 0.00650097, -0.000983959, 0.0355864, -0.00275664, -0.00434805, 0.0345366, -0.00682733, -0.00322996, 0.0373168, 0.0029904, -0.00224058, 0.0368493, -0.00210895, -0.00101706, 0.0367744, -0.00678523, -0.00178336, 0.0369772, -0.000730688, -0.00448053, 0.0377681, 0.00923285, 0.0116519, 0.0364136, 0.000144872, -9.55107e-05, 0.0376949, -0.0190689, -0.0203224, 0.0315645, 0.00586262, 0.00487073, 0.0325359, -6.55737e-05, 3.74252e-05, 
0.0424703, 0.00181708, -0.000713071, 0.0416782, -0.00711132, -0.00282613, 0.0423766, -0.00280011, -0.000591157, 0.0426491, -0.0011741, -0.00123272, 0.0408997, -0.00822385, -0.00386618, 0.0419176, -0.00273161, -0.0010869, 0.0426647, 0.00572561, 0.000741437, 0.0427457, 0.00745752, -0.000608215, 0.0416916, -0.00590332, -0.00707488, 0.0458155, -0.0283057, -0.0261507, 0.035959, 0.0183157, 0.00688213, 0.0361821, 0.0137841, 0.00878227, 0.0333798, 0.00282834, 0.00224636, 0.0328481, 3.30391e-05, 8.33993e-05, 
0.0305484, -0.0116272, -0.0100468, 0.0385384, 0.00566046, 0.00806711, 0.0376844, 0.00377477, 0.00360826, 0.0356099, -0.00736135, -0.00773755, 0.0353856, -0.00916318, -0.00727482, 0.0356903, -0.00613508, -0.00512895, 0.0357359, -0.00479826, -0.00367046, 0.0358252, -0.00376695, -0.0062324, 0.0357203, -0.00605591, -0.0180741, 0.0512244, 0.0235796, 0.037731, 0.0455948, 0.0131602, 0.0273422, 0.0373998, -0.00024999, -0.0299414, 0.0380512, -0.00881643, -0.0208856, 0.0353513, -0.00534666, -0.000666878, 0.0335014, 8.43032e-05, 6.69225e-05, 
0.0283239, 0.0136557, 0.036237, 0.0345376, -0.00780084, -0.018691, 0.0343903, -0.00920998, -0.0179836, 0.0333503, -0.00515624, 0.00262964, 0.0334007, -0.00467039, 0.00177691, 0.0342079, -0.000266559, 0.00183347, 0.0354, 0.00323582, 0.00434297, 0.0350127, 0.00272859, 0.00263489, 0.0359352, 0.00585035, 0.00755264, 0.0339764, -0.00327857, -0.00898092, 0.0342029, -0.015409, -0.0163082, 0.0325212, 0.00430811, -0.00278609, 0.0320857, 0.0145217, 0.00893713, 0.033155, -0.00182474, -0.00451363, 0.0325533, 0.00472503, -0.00417802, 0.0331076, -7.38861e-06, -2.38066e-06, 
0.030339, -0.0142797, -0.0142168, 0.0316893, -0.00549483, -0.00333171, 0.033434, 0.0035691, 0.00250536, 0.0334907, 0.00355466, 0.00434916, 0.0331821, 0.000818299, 0.00783318, 0.0329512, -0.000221979, 0.00491534, 0.0318359, -0.00546333, -0.00432615, 0.0310724, -0.00847996, -0.0103602, 0.0347896, 0.00772806, -0.00760211, 0.0345334, 0.00279408, 0.000121174, 0.0350016, -0.0154601, 0.00277183, 0.0338273, -0.00925227, -0.00639588, 0.0331554, 0.0115528, -0.00340709, 0.0335999, 0.0101769, 0.00871322, 0.0332647, 0.0165544, -0.00272909, 0.0330228, -0.00717494, -0.00278909, 0.0330102, -4.5033e-06, 2.79833e-06, 
0.0318703, -0.0089363, -0.00047582, 0.0324395, -0.00190676, 0.0027557, 0.0322357, -0.00149901, -0.00452061, 0.0319905, -0.00202443, -0.00628368, 0.0327109, -0.000888474, -0.0004123, 0.0322251, -0.00344284, -0.000867583, 0.0319442, -0.00544725, -0.000144358, 0.0329013, 0.000451648, 0.00609965, 0.0328751, 0.00348612, -0.00263584, 0.0317277, -0.00732223, -0.0119156, 0.033654, 0.00247562, 0.00334725, 0.0360202, -0.00175364, 0.0154984, 0.0328724, 0.000960643, -0.00665848, 0.0326687, 0.0119071, -0.00490449, 0.0332316, 0.000696347, -0.0027065, 0.0318105, 0.00233453, 0.00607644, 0.0340887, 0.0010272, -0.0126364, 0.0329225, -2.01088e-05, -2.80474e-05, 
0.0293126, -0.00202049, -0.00468031, 0.0307115, -0.000411125, 0.00406742, 0.0297179, -0.00482639, 0.0015945, 0.0296069, -0.00527768, -0.00628325, 0.0298628, -0.00403237, -0.00742872, 0.0297931, -0.00534532, -0.00136138, 0.0305235, -0.00141509, 0.00184577, 0.0309189, 0.0028258, -0.00142255, 0.0299774, -0.00464672, 0.000883855, 0.0328718, 0.00425823, 0.0111824, 0.0317121, 0.00445691, 0.00253977, 0.0316298, -0.00593079, -0.0106252, 0.0315847, -0.0042369, -0.0113022, 0.0320372, 0.00432901, 0.000857869, 0.0322297, -0.00249764, 0.00211658, 0.0324292, 0.00858255, 0.00478974, 0.0324381, 0.00631084, 0.0067356, 0.0330211, 0.00152364, -0.00140052, 0.0330848, -4.47442e-06, -5.34096e-06, 
0.0338485, 0.0018926, 0.00415429, 0.0331544, -0.00871277, -0.00756803, 0.0332641, -0.00700024, -0.00433396, 0.0344164, -0.000887803, 0.00407255, 0.0339322, -0.00299016, 0.00360112, 0.0335289, -0.00303639, -0.000758565, 0.0338888, 1.18026e-05, -0.00355695, 0.0329723, -0.00420592, -0.00330997, 0.0329765, -0.00686904, 0.00369652, 0.0336106, 0.00163537, -0.00587473, 0.0333418, 0.00191697, -0.0168154, 0.0351485, 0.00322443, 0.00581604, 0.0376092, 0.00155216, 0.0215258, 0.035232, 0.00108949, -0.0011735, 0.0357141, 0.00152704, 0.00932878, 0.0362209, 0.00780762, -0.00333912, 0.0353766, 0.00370297, 0.00630793, 0.0359768, 0.00353275, 0.00278655, 0.0394797, 0.00491069, -0.0125364, 0.0345409, -0.00952904, 0.0113515, 0.03225, -0.000362438, -2.8806e-05, 
0.0339971, -0.00249199, -0.00869734, 0.0339193, -0.00642455, 0.00107084, 0.034246, -0.00653206, 0.00444122, 0.0341852, -0.00432962, -0.00181023, 0.0345064, -0.00239212, -0.00533588, 0.0346831, -0.00134363, -0.00211076, 0.0343148, -0.00317891, -0.00172284, 0.0336473, -0.00622756, -0.00344536, 0.0348414, -0.000587983, -0.00374558, 0.034978, 0.0004954, -0.00432805, 0.0369871, -0.00772362, 0.0143031, 0.0349022, -0.000276653, 0.00220096, 0.0358473, 0.0137527, -0.00563826, 0.0350246, 0.00726684, 0.00634041, 0.0350547, 0.00475091, 0.00147315, 0.0350381, 0.00326337, 0.00441412, 0.0347178, 0.00506423, 0.00831198, 0.0342132, 0.0090294, 0.00907163, 0.0409402, -0.0155992, -0.00170028, 0.0612437, -0.0339264, -0.0406027, 0.0561039, 0.0292638, 0.0329403, 0.0329375, 8.381e-05, 8.17236e-05, 
0.033797, -0.00899913, 0.00201859, 0.0345199, -0.00444331, 0.00278473, 0.0351909, -0.00200441, -0.00555154, 0.0347143, -0.0040998, -0.00735054, 0.0342837, -0.00668076, -0.00197484, 0.033954, -0.00754606, -0.00436252, 0.0344592, -0.00613245, -0.00209217, 0.036979, -0.000826262, 0.00874455, 0.0360644, 7.40681e-05, -0.00198663, 0.0332909, -0.0131639, -0.0143842, 0.0376435, 0.00682091, -0.000272576, 0.0522868, 0.0256558, 0.0285389, 0.0370131, -0.00019137, 0.000155751, 0.0354231, -0.00840707, -0.0156883, 0.0337683, 0.000660447, 0.0069409, 0.0388627, -0.00675099, -0.0112877, 0.0350544, -0.0016306, 0.00439815, 0.0322701, 0.00853943, 0.0131431, 0.0326768, 0.0104702, 0.00675588, 0.0328095, 0.0146042, 0.00473075, 0.0323851, -0.000545362, 0.00234507, 0.0336324, -0.0185088, 0.00294878, 0.0332711, 5.835e-07, -5.79057e-06, 
0.0263933, -0.0142122, -0.0129227, 0.0341136, 0.00523428, 0.0057044, 0.0326995, -0.000873764, 0.00471731, 0.0309021, -0.0165019, -0.00870282, 0.0313276, -0.0136551, -0.00831552, 0.0330583, -0.00555301, 0.000751181, 0.0344809, -8.97653e-05, 0.000727668, 0.036855, 0.00798849, -5.85793e-05, 0.0363256, 0.00183513, 0.00705981, 0.0331551, -0.00149353, -0.00490983, 0.0351998, 0.00297845, -2.77847e-05, 0.034045, -0.00813599, -0.000750764, 0.0335594, -0.0110585, -0.00397943, 0.0352968, 0.0090727, -0.0026872, 0.0353006, 0.00619618, 0.00458612, 0.0358104, 0.000704573, -0.000917397, 0.0353878, 0.00246296, 0.00356992, 0.035224, 0.00480069, 0.0027551, 0.0343669, 0.00945965, 0.00474431, 0.0360739, -0.00716729, 0.0153749, 0.0372246, -0.0143364, 0.0170714, 0.041256, 0.030825, -0.0164137, 0.0347223, -0.00221198, -0.0102548, 0.0335105, -6.87782e-05, 4.33424e-05, 
0.0336556, -0.0140893, -0.010577, 0.0335516, -0.0116521, -0.0025897, 0.0344088, -0.00343539, 0.00256434, 0.0357688, 0.00341598, 0.0020212, 0.0348354, 0.000322995, -0.000902458, 0.0325216, -0.00703723, -0.0027767, 0.0317515, -0.00913315, -0.00320486, 0.0337902, -0.00423164, -0.00193767, 0.0363008, 0.00352449, 0.000697561, 0.0343168, -0.00429329, 7.71887e-05, 0.032428, -0.0134143, 0.000970978, 0.033898, 0.00447266, -0.00989447, 0.036896, 0.0194657, -0.00699548, 0.035191, -0.00453564, 0.00398848, 0.0355907, -0.000684523, 0.00990583, 0.0356314, -0.00112976, 0.0108558, 0.0352395, 0.000872941, 0.0020752, 0.0339217, 0.00897149, -0.000222662, 0.0341665, -0.00407986, 0.0125259, 0.0354019, 0.00117436, -0.0025998, 0.038994, 0.020145, -0.0173845, 0.0328463, -0.0086124, 0.0085709, 0.0335606, -0.0042309, 0.0170292, 0.0328972, -0.00211626, 0.0090231, 0.032732, 1.1685e-05, 3.11444e-05, 
0.0318689, -0.0098988, 0.00661955, 0.0316916, -0.00731721, -0.00733255, 0.0333368, -0.0020107, -0.00797148, 0.0324548, -0.00584046, 0.00195528, 0.0308391, -0.0126891, 0.00416171, 0.0324455, -0.00486596, -0.000514488, 0.0344729, 0.00280573, -0.000672837, 0.0332294, -0.00134243, -0.0009821, 0.0329624, -0.000959027, -0.00457958, 0.0321423, -0.0049628, -0.00120157, 0.0314617, 0.00155234, -0.0154982, 0.0332854, -0.000449934, -0.000808324, 0.0365686, -0.00841125, 0.0192612, 0.0341437, 0.00433264, 0.00637195, 0.0331712, 0.00662053, -0.00589195, 0.0333544, 0.00219146, -0.00513371, 0.0330483, -0.000244643, 0.000593728, 0.0318519, 0.00638618, 0.00500886, 0.0315317, 0.00619293, 0.00766793, 0.0333409, -0.00599414, 0.00602752, 0.0334347, 0.00930189, -0.00540404, 0.0332578, 0.00600556, -0.0035564, 0.0341665, -0.00586877, 0.0152586, 0.0331509, -0.00310704, -0.000779869, 0.0334609, -0.00756339, 0.00597554, 0.0330929, 5.19237e-08, 4.80199e-06, 
0.0289099, -0.0114913, -0.00299728, 0.0309085, -0.00351896, -0.0018996, 0.0302434, -0.00748168, 0.00264963, 0.0299591, -0.00771472, 4.83284e-05, 0.0313993, -0.00203727, -0.00754322, 0.0300753, -0.00575194, -0.00545544, 0.0297673, -0.00682436, -0.00177764, 0.03229, 0.000719255, -0.0043741, 0.0319373, -0.00382647, 0.00273286, 0.0327119, -0.00369755, 0.00663426, 0.0324133, -0.0010104, 0.000888617, 0.0319383, 0.00585043, -0.00888686, 0.0318247, -0.00343923, -0.00169843, 0.033038, -0.00715454, 0.00796953, 0.0321564, 0.00369181, -0.00839957, 0.0324213, 0.00104307, 0.00159433, 0.0317591, 0.00925061, 0.00351215, 0.0320987, 0.00823634, 0.00135633, 0.0328318, -0.000840066, 0.00568267, 0.0343668, -0.000441304, -0.0073105, 0.0324334, 0.001747, 0.0121719, 0.0323573, 0.00822255, 0.0183556, 0.0335966, -0.00462133, -0.00484343, 0.033324, 0.0030303, -0.0055333, 0.0336012, -0.00384008, -0.00595877, 0.0335728, -0.00529277, -0.00469421, 0.0332931, -1.05216e-06, 5.44724e-06, 
0.0294187, -0.00806081, -0.00164423, 0.0298109, -0.00685516, -0.00100661, 0.0298215, -0.00686828, -0.00157074, 0.0295618, -0.00775213, -0.0010802, 0.0300624, -0.0058526, -0.0030284, 0.0307774, -0.0025905, -0.0075631, 0.030926, -0.00313294, -0.003764, 0.0312763, -0.00446717, 0.00442926, 0.0307155, -0.00330298, -0.00205428, 0.0288607, -0.00877884, -0.00241245, 0.0315613, -0.000831884, -0.00131124, 0.0346956, 0.00370364, 0.00638841, 0.0325295, 0.00298721, -0.00202192, 0.0310174, -0.000522146, -0.00994172, 0.0324659, 0.00204652, 0.00528083, 0.0319694, 0.000107312, -0.00282924, 0.0319382, 0.00330992, 0.00280655, 0.0316276, 0.00651117, 0.00720837, 0.0323984, 0.00325316, 0.00160311, 0.0311918, 0.00290007, 0.014179, 0.0326113, 0.00295709, 0.000874268, 0.0352491, 0.000270217, -0.0142618, 0.0331772, -0.000940592, 0.00189453, 0.0328997, 0.0017413, 0.00494255, 0.0329364, -0.003846, -0.00138212, 0.0333302, 0.00226375, 0.00394298, 0.0331953, -0.00068245, 0.00274589, 0.0331082, 1.68553e-06, 2.99149e-06, 
0.0274279, -0.00895583, -0.00607291, 0.0284314, -0.00662884, 0.000673046, 0.0289363, -0.00513648, 2.0414e-05, 0.0284663, -0.00665547, -0.00558535, 0.028103, -0.00783876, -0.00402933, 0.0291774, -0.00566524, 0.00152375, 0.0295768, -0.00457239, 0.00120448, 0.029112, -0.00512316, -0.000633074, 0.0301071, -0.00150903, -0.00300267, 0.0288863, -0.00162905, -0.00860533, 0.0310609, -0.00142336, 0.0011107, 0.0293786, -0.00387792, -0.00383552, 0.0303554, -0.000726398, -0.00270945, 0.0330882, 0.00270687, 0.00740525, 0.0319538, 0.0034162, 0.000609069, 0.0323669, 0.00472763, 0.00409254, 0.0324291, 0.00233226, 0.00298393, 0.0326426, 0.0025019, -0.00244803, 0.0319766, 0.00410774, 0.00145742, 0.0328218, 4.21197e-05, -2.20444e-05, 0.0321648, 0.00109813, 0.00406354, 0.0318012, 0.00487931, 0.00286981, 0.0323844, 0.00285824, -0.000643931, 0.0323903, 0.000438593, 0.0019226, 0.0326759, -0.00200887, -0.00129693, 0.0327611, -0.00270972, 0.0018287, 0.0325159, -0.00445687, -0.00176515, 0.032531, 0.00187331, -0.00570759, 0.0330487, 6.743e-06, 9.86111e-06, 
0.0272986, -0.00777368, -0.00430076, 0.0273052, -0.00783753, -0.00282323, 0.0274724, -0.00739999, -0.00146028, 0.0284212, -0.00491183, 0.00126219, 0.0285078, -0.00469714, 0.00144728, 0.0272039, -0.00757903, -0.00294671, 0.027218, -0.00713667, -0.00520924, 0.0284998, -0.00444959, -0.00399964, 0.0290175, -0.00352162, -0.00295458, 0.0307443, -0.000733877, 0.000297057, 0.0285959, -0.0042213, -0.00274584, 0.0306489, -0.000375896, -0.000510454, 0.0320708, 0.0026578, 0.00139415, 0.0308869, 0.00122061, -0.0024869, 0.0314234, 0.00122654, 0.000621403, 0.0315656, 0.000898165, 0.00233626, 0.0316053, 0.00202042, 0.00462379, 0.0315588, 0.00493982, 0.000884998, 0.0313196, 0.00674139, 0.000875712, 0.0315292, 0.00396935, 0.00363254, 0.0338734, -0.00235016, -0.00358172, 0.0318916, 0.00299631, 0.00272768, 0.0310765, 0.00672063, 0.00781355, 0.0323801, -0.00304442, -0.00150526, 0.0321751, -0.000404892, -0.00176826, 0.0323045, -0.0019313, -0.00373866, 0.0323887, -0.00472815, -0.00210232, 0.0325148, -0.000118531, -0.000914267, 0.0323887, -0.00111684, -0.00215962, 0.0329314, 1.49916e-05, 2.43548e-05, 
0.0278713, -0.00700367, 0.00434568, 0.0273342, -0.00800017, -0.00261031, 0.0275695, -0.00727734, -0.00361523, 0.0274929, -0.00751144, -0.00319649, 0.0271194, -0.0084173, -0.00476578, 0.0279303, -0.00656655, -0.00252164, 0.0288727, -0.0047464, 0.000381242, 0.0286172, -0.00476591, -0.00210054, 0.0295114, -0.00249851, -0.00329415, 0.0298479, -0.00341069, 0.00012555, 0.0285847, -0.00445057, -0.00302811, 0.0293935, -0.00223658, -0.00312746, 0.0329729, 0.00298846, 0.00240868, 0.033177, 0.00467285, 0.00141528, 0.0314737, -0.00109713, -0.00271283, 0.0321994, 0.00294952, 0.000661125, 0.0322488, 0.00342358, 0.00184639, 0.0322927, 0.00291445, 0.00190849, 0.0308723, 0.0092826, 0.00829615, 0.0310541, 0.00828019, 0.00813412, 0.0354681, -0.00341548, -0.00551749, 0.0381469, -0.00857264, -0.0110813, 0.0307996, 0.0127782, 0.0142888, 0.0313787, 0.00758564, 0.00614714, 0.0324895, -0.000360857, -0.00191831, 0.0325035, -0.00136557, -0.000398991, 0.0331533, -0.00860898, -0.00604284, 0.0328865, -0.00230625, -0.00322973, 0.032905, -0.00317606, -0.00607022, 0.0329647, 0.000896569, -0.00152553, 0.0330773, -0.00389271, 0.000484932, 0.0327998, -6.88286e-05, 1.99322e-05, 
0.0254952, -0.011445, -0.00182977, 0.0267463, -0.00779178, -0.00212156, 0.0275165, -0.00563325, -0.00103297, 0.0273389, -0.00610145, -0.00078108, 0.0266581, -0.0078228, -0.00277666, 0.0265104, -0.0081156, -0.00378631, 0.0272515, -0.00651099, -0.00337596, 0.0279151, -0.00506263, -0.00368179, 0.0288525, -0.00382141, -0.00200221, 0.0315117, -0.000360141, 0.00163613, 0.028793, -0.00400175, -0.00224187, 0.0257897, -0.00739173, -0.00827453, 0.0321124, 0.00169989, 0.00133174, 0.0374563, 0.00934566, 0.00950739, 0.0311115, -0.000960185, -0.00562623, 0.0321432, 0.00184035, 0.000372058, 0.032241, 0.00373307, 0.00260097, 0.032689, 0.000734251, -0.00249988, 0.0309271, 0.00771896, 0.00631679, 0.0307315, 0.009532, 0.00537219, 0.031827, 0.00419636, 0.00530799, 0.0340259, -0.00465855, 0.00379353, 0.0320258, 0.00599254, 0.00180333, 0.0320784, 0.00884394, -0.000966825, 0.0332602, -0.00211041, 5.57593e-05, 0.0333697, 0.00049425, -0.00417218, 0.0335889, -0.00278613, -0.00366249, 0.0336565, -0.00387358, -0.00390632, 0.0336493, -0.00293375, -0.00235438, 0.033831, -0.0051642, -0.00104191, 0.0342808, -0.00706697, 0.00397895, 0.0339012, 0.0123001, -0.0102819, 0.0330516, 9.54762e-06, 1.27683e-06, 
0.0262405, -0.00829784, -0.00151488, 0.025521, -0.0106552, -0.00341097, 0.0266191, -0.00753033, -0.00171044, 0.0281887, -0.0037706, 0.00169799, 0.0268211, -0.0067736, -0.000890988, 0.0249165, -0.0108724, -0.00647292, 0.0262394, -0.00802633, -0.0050867, 0.028799, -0.00367286, -0.000766321, 0.028174, -0.00412699, -0.00284471, 0.0310843, -0.00047916, 0.000438722, 0.0280384, -0.00381361, -0.00343567, 0.0273249, -0.00561129, -0.00297083, 0.0301281, -0.000189497, -0.00140086, 0.0325383, 0.00631706, -0.000703743, 0.0320495, 0.00140109, 0.00275806, 0.0312651, -0.000192815, -0.000525127, 0.0319308, 0.00670696, 0.00398154, 0.0320826, 0.00361973, 0.00324637, 0.0318441, 0.0056987, 0.00247359, 0.0307907, 0.00779355, 0.00853533, 0.0327767, 0.0024085, 0.00366671, 0.0316086, 0.0134096, -0.00143198, 0.0326529, 0.00349425, 0.00212743, 0.0335995, -0.00284832, 0.00433184, 0.0340068, -0.000443498, -0.00233201, 0.0342668, -0.00269717, -0.00136987, 0.0338791, -0.000732047, 0.000395535, 0.0342897, -0.00336883, -0.00814988, 0.0343621, -0.00461802, -0.00423282, 0.0343168, -0.000805666, -0.00458423, 0.0361551, 0.00800485, 0.0104039, 0.0338117, -0.00435676, -0.00508797, 0.0349398, -0.0129134, -0.0184214, 0.0330335, -8.43947e-06, -7.78552e-06, 
0.0252743, -0.00730186, -0.000774602, 0.0244693, -0.00962006, -0.00160133, 0.0249988, -0.0082191, -0.00174668, 0.0256378, -0.00675058, -0.00357748, 0.0252104, -0.0076816, -0.00406099, 0.0253782, -0.00762613, -0.000905087, 0.0265031, -0.0054181, 0.000303083, 0.0272218, -0.00365974, -0.00152383, 0.026224, -0.00479381, -0.0032908, 0.02615, -0.00424745, -0.0047894, 0.0278886, -0.0033738, -0.00072003, 0.028242, -0.00117809, -0.00315712, 0.0299316, 0.00199717, -0.00279789, 0.0292529, -0.0041016, 0.00206575, 0.0298267, -0.000697609, 0.000975588, 0.030368, 0.0025013, 0.000574389, 0.0310766, 0.00695423, 0.00335679, 0.0310107, 0.00715295, 0.001459, 0.0311344, 0.00514578, 0.0024363, 0.030486, 0.00668335, 0.0055284, 0.0298929, 0.0082743, 0.00760964, 0.0331883, 0.000708726, -7.23072e-05, 0.0357535, -0.000796334, -0.00748872, 0.0300378, 0.00533615, 0.00791933, 0.0312186, 0.00293969, 0.00341765, 0.0315312, 0.0024268, 0.00164897, 0.0314751, 0.00213551, 0.00294463, 0.0327503, -0.00654774, -0.00822271, 0.0322117, 0.000497134, -0.00352572, 0.0323383, -0.00338309, -0.00505538, 0.0325967, -0.0105543, -0.00218217, 0.032634, -0.00835581, -0.000494178, 0.0335203, 0.00913994, -0.00903609, 0.0326727, 0.00192698, -0.00325441, 0.032884, 2.5643e-05, 9.14907e-06, 
0.0221759, -0.0116599, -0.00332764, 0.0241546, -0.00674541, -0.00133351, 0.0243748, -0.00624667, -0.00187993, 0.0230116, -0.00939206, -0.00159099, 0.0232057, -0.00897785, -2.62965e-05, 0.02532, -0.00447002, -0.00167299, 0.0259865, -0.00298442, -0.00380804, 0.0248751, -0.00505873, -0.00318461, 0.0239758, -0.0064742, -0.00339649, 0.0246096, -0.00621088, -0.00154679, 0.0286414, -0.000530142, 0.000637983, 0.0271131, -0.00187771, -0.00134764, 0.0249169, -0.00457461, -0.003741, 0.0275371, 0.000137211, -0.0020072, 0.0314652, 0.00454301, 0.00429613, 0.0303074, 0.00354456, 0.000691733, 0.0303679, 0.00264591, 0.00187988, 0.0303079, 0.00204524, 0.000757704, 0.0302132, 0.00445031, -0.00192046, 0.0293765, 0.00512917, 0.0042871, 0.0300532, 0.00173398, 0.00513067, 0.0287037, 0.00571961, 0.00606566, 0.0285887, 0.0123413, -0.000604717, 0.0295591, 0.00515426, 0.00302278, 0.0316751, -0.00271833, 0.00353477, 0.0315054, 0.000118699, 0.000556555, 0.0320165, -0.00157947, -0.00065837, 0.0321674, -0.0018298, -0.00187741, 0.0322185, -0.00186194, -0.0026345, 0.0325173, -0.00485248, -0.00557632, 0.0325754, -0.00218095, -0.00335252, 0.0335853, 0.00218518, 0.00419469, 0.0319199, -0.00545923, -0.0081517, 0.0318585, -0.00715854, -0.00703014, 0.0323611, -0.00248342, -0.00334843, 0.0329054, 1.99531e-05, 6.85015e-06, 
0.0221469, -0.00929606, 0.00219967, 0.0227789, -0.00814721, -0.00229554, 0.022481, -0.00896436, -0.00410639, 0.023347, -0.00696063, -0.00272918, 0.0247363, -0.00407713, -0.000786063, 0.023699, -0.00610762, -0.000617389, 0.0224255, -0.00827224, -0.00231125, 0.0233051, -0.00653334, -0.00352447, 0.0249708, -0.00406383, -0.00237127, 0.0248729, -0.00408797, -0.00268686, 0.0254108, -0.00471014, -5.74129e-05, 0.0278977, -0.000882393, 0.000157106, 0.0285028, 0.00196951, -0.00243015, 0.0263334, -0.00104595, -0.00385248, 0.0271706, -0.00402139, 0.00185586, 0.0286568, 0.00195113, 0.00191423, 0.0288343, 0.00575464, -0.000321962, 0.0289086, 0.00309494, 0.0019996, 0.0288294, 0.00492522, 0.00212075, 0.02887, 0.0053423, 0.00114822, 0.0279531, 0.00703529, 0.00531903, 0.0267797, 0.0089301, 0.00883573, 0.0311667, 0.0015544, 0.00098369, 0.0326655, -6.12814e-05, -0.00217182, 0.0297384, 0.00445051, 0.00381319, 0.0305093, 0.00283425, 0.00246771, 0.0310034, 0.00145063, 0.001522, 0.031224, 0.00124013, -4.21645e-05, 0.0325043, -0.00586759, -0.0038139, 0.0324411, -0.00508634, -0.00364936, 0.0325049, -0.00631212, -0.00625811, 0.0331322, 0.00352499, -8.07668e-05, 0.0321504, -0.00348081, -0.00274585, 0.031365, -0.0117336, -0.00790619, 0.032075, -0.00462833, -0.00436273, 0.0322874, -0.0048286, -0.00118859, 0.0330171, 1.4219e-05, 1.08857e-05, 
0.0226181, -0.00603148, 0.000903876, 0.0216378, -0.00828297, -0.00143114, 0.0217544, -0.00818565, -0.00354005, 0.0217853, -0.00813029, -0.00366768, 0.0213208, -0.00899587, -0.0012349, 0.0223491, -0.00697964, 0.000764465, 0.0237399, -0.00423677, -0.00152477, 0.0230951, -0.00461893, -0.00499515, 0.0236288, -0.00474083, -0.00193335, 0.0249484, -0.00273902, -0.002057, 0.0247594, -0.00360997, -0.000904847, 0.0258066, -0.00318933, 0.000891518, 0.0247212, -0.00294379, -0.0019436, 0.0242339, -0.00186911, -0.0045478, 0.0279918, 0.0029207, 0.000183703, 0.0283344, 0.00178391, 0.0025981, 0.0279941, 0.00260097, 0.000121203, 0.0285451, 0.00554364, 0.00301256, 0.0286248, 0.00335547, 0.0022666, 0.0289934, 0.00184741, 0.000123043, 0.027396, 0.00654529, 0.00451954, 0.0263618, 0.00974092, 0.00519363, 0.0279225, 0.00521302, 0.00477639, 0.0324289, -0.00202865, -0.00113076, 0.0282797, 0.00481465, 0.00442684, 0.0289262, 0.00375695, 0.00324831, 0.0298485, 0.00297145, 7.41126e-05, 0.029974, 0.00206322, 0.000520313, 0.0312733, -0.00428743, -0.00121304, 0.0314779, -0.00353655, -0.00480481, 0.0318058, -0.00691796, -0.00802115, 0.0318613, -0.00557533, -0.000771658, 0.032018, -0.00542812, 0.00168272, 0.0310861, -0.00653997, -0.00944838, 0.0313639, -0.0067312, -0.00539976, 0.0322705, -0.00240041, -0.00289366, 0.0323674, -0.00229895, -0.00203617, 0.0330774, 1.4233e-05, 8.1943e-06, 
0.0201881, -0.00966704, -0.00156063, 0.020721, -0.00845142, -0.000880115, 0.0214063, -0.00713807, -0.00263825, 0.0216449, -0.00667418, -0.00316059, 0.0216419, -0.00656654, -0.00080356, 0.0219271, -0.00608265, 0.000176148, 0.0218047, -0.00607302, -0.00174414, 0.0215269, -0.00610973, -0.00377566, 0.0221727, -0.00545972, -0.0027192, 0.0219022, -0.00612439, -0.00200829, 0.0247976, -0.00222494, -0.00163683, 0.0268804, -0.000144954, -0.000264396, 0.0247622, -0.00181718, -0.00227038, 0.0235222, -0.0038017, -0.00239337, 0.0267252, 0.000918395, 0.000192314, 0.0284195, 0.00343161, 0.00267894, 0.0274578, 0.00199459, -2.09311e-05, 0.027847, 0.00382236, 0.00129316, 0.027899, 0.00432683, 0.00263936, 0.0281271, 0.00314195, 0.0010958, 0.0270602, 0.00684951, 0.00344717, 0.0274176, 0.00360192, 0.00626901, 0.0258351, 0.00802722, 0.00656165, 0.0289048, 0.00572831, -0.00101985, 0.0275329, 0.00537826, 0.00373061, 0.0295136, 0.00164938, 0.00186323, 0.0301298, 0.0013161, -9.0162e-05, 0.0299615, 5.25418e-05, 0.00250206, 0.030621, -0.000243273, -0.00101633, 0.031794, -0.00544082, -0.00350479, 0.0329457, -0.0129192, -0.00673821, 0.0325906, -0.00718531, -0.00610961, 0.0345632, 0.00900032, 0.00356981, 0.0310888, -0.00504095, -0.0051483, 0.0294096, -0.0159255, -0.00935767, 0.0309998, -0.00736636, -0.00472998, 0.0307599, -0.00900767, -0.00482197, 0.0320366, -0.00262913, -0.00258201, 0.0329932, 2.93361e-05, 1.92621e-05, 
0.0193554, -0.00896523, -0.000877281, 0.0207058, -0.00645279, -0.00183258, 0.0199151, -0.00801307, -0.00217701, 0.0192267, -0.00933694, -0.00167103, 0.0206, -0.00664217, -0.00111653, 0.0216135, -0.00480357, -0.00137221, 0.0212383, -0.00535457, -0.00202975, 0.0212346, -0.00530716, -0.00232388, 0.0214754, -0.00509492, -0.00186044, 0.0211735, -0.00543707, -0.00201407, 0.0226002, -0.00347377, -0.00221099, 0.0245929, -0.00185763, -0.000602918, 0.0243063, -0.00179919, -0.00125045, 0.0248933, -7.88286e-05, -0.00236529, 0.0251526, -0.000706745, -0.000907184, 0.0265022, 0.000724797, 0.00146458, 0.0264712, 0.00146836, 0.000553424, 0.0268489, 0.00273535, 0.00181817, 0.0269805, 0.00526299, 0.00269106, 0.0271465, 0.0032874, 0.00158401, 0.0270561, 0.00303721, 0.00273511, 0.0253175, 0.00845396, 0.00382984, 0.0231331, 0.0131168, 0.00722491, 0.0292181, 0.00156893, 0.00110705, 0.0303131, -0.000415362, 0.000886808, 0.0277471, 0.00296079, 0.00351658, 0.0291744, 0.00130255, 0.00118862, 0.0285625, 0.00267902, 0.00157333, 0.0286765, 0.0027302, 0.00091788, 0.0297549, -0.00167402, 1.18909e-05, 0.0312154, -0.00618047, -0.00777665, 0.0321515, -0.0135515, -0.0112794, 0.0324677, -0.000937249, 0.00537723, 0.0317974, -0.00290534, 0.00188167, 0.0295402, -0.0108125, -0.0107017, 0.0304289, -0.00847965, -0.0048302, 0.0297078, -0.00987405, -0.00946926, 0.030681, -0.00690023, -0.00491858, 0.0318927, -0.0023238, -0.00254883, 0.0329567, 4.6816e-05, 2.2808e-05, 
0.0186998, -0.00797913, -0.00138903, 0.018825, -0.00774981, -0.00151441, 0.0191215, -0.00715611, -0.00123562, 0.0194733, -0.00652302, -0.00178148, 0.0195212, -0.00646263, -0.00234431, 0.0193649, -0.00674107, -0.00168233, 0.0195498, -0.00649665, -0.00121537, 0.0202365, -0.00547461, -0.00155342, 0.0220059, -0.00301352, -0.00190996, 0.0220544, -0.00300495, -0.00176647, 0.0202506, -0.00530489, -0.0016659, 0.0226321, -0.00235528, -0.00161882, 0.0250206, 0.000124641, -0.000936947, 0.0231223, -0.00271733, -0.000610608, 0.0212067, -0.0050004, -0.00223106, 0.024546, 0.000762306, 0.000286055, 0.0262396, 0.00479068, 0.00162618, 0.0259224, 0.00361411, 0.0011206, 0.0262823, 0.00590251, 0.00316374, 0.0263776, 0.00359123, 0.00268104, 0.0272984, 0.000531104, -0.000865188, 0.0260928, 0.0033685, 0.00121443, 0.0224673, 0.00857854, 0.00894919, 0.0241415, 0.0070387, 0.00491112, 0.0295413, 0.00157734, -0.00213569, 0.0262358, 0.00447732, 0.00255611, 0.0280798, 0.00192966, 0.000818726, 0.027245, 0.00289154, 0.00206261, 0.0275873, 0.00150439, 0.00267611, 0.0285613, 0.000329752, -0.00106265, 0.0290852, -0.003497, 0.000698334, 0.031033, -0.0143387, -0.00228382, 0.030592, -0.00510994, -0.00625139, 0.0315692, 0.00455587, -0.00872194, 0.0296722, -0.00919563, -0.00469711, 0.0293294, -0.0106747, -0.00580581, 0.0293536, -0.0103709, -0.0060871, 0.0297275, -0.0110668, -0.00280019, 0.0308788, -0.00500031, -0.00413482, 0.0316116, -0.0036783, -0.00190668, 0.0330433, 2.85081e-05, 2.22454e-05, 
0.0172661, -0.00884121, -0.002192, 0.0178487, -0.00764958, -0.00136006, 0.0190062, -0.00543833, -0.000841401, 0.0186956, -0.00602651, -0.00114193, 0.0173285, -0.00853435, -0.00200049, 0.0181748, -0.00710387, -0.00248605, 0.0204848, -0.00371398, -0.00176497, 0.0207969, -0.00345071, -0.000820165, 0.0191634, -0.00527872, -0.00174555, 0.0208699, -0.0035456, -0.000787411, 0.0190992, -0.00488893, -0.00256471, 0.0193068, -0.00457241, -0.00268169, 0.024703, -0.000845344, 0.00122218, 0.0262111, 0.00107279, 0.00125075, 0.0219438, -0.00151596, -0.00446068, 0.0228993, -0.00176914, -0.00160607, 0.0252709, 0.00130773, 0.00246912, 0.0248624, 0.00124566, 0.000570087, 0.0254958, 0.00488253, 0.00295147, 0.0254857, 0.00608877, 0.00293108, 0.0263041, 0.00149156, 0.00125581, 0.0258495, 0.00158388, 0.00376449, 0.0247358, 0.00811303, -0.000694441, 0.0213439, 0.0129596, 0.00400405, 0.0279656, -0.000642915, 0.00458144, 0.0263197, 0.00259114, 0.00412081, 0.0263517, 0.00318848, 0.003123, 0.0282253, 7.56889e-05, 0.00247401, 0.0280414, 0.00277892, -0.000890634, 0.0273314, 0.00412704, 0.000132682, 0.0277431, 0.00167797, 0.00116417, 0.0324905, -0.0156577, -0.00865948, 0.0330987, -0.0188949, -0.00941878, 0.0340419, 0.0101506, 0.000818634, 0.0317894, -0.000447915, -0.00121558, 0.028742, -0.0123959, -0.00853029, 0.0300636, -0.00865561, -0.00486283, 0.0281551, -0.0151069, -0.00892704, 0.0295358, -0.0098716, -0.00667564, 0.0300207, -0.00898593, -0.00517048, 0.0322008, -0.00215967, -0.00191018, 0.0331302, 6.27223e-06, 5.56484e-06, 
0.0158396, -0.0103417, -0.00205383, 0.0171911, -0.00786969, -0.0018716, 0.0188572, -0.00474692, -8.5167e-05, 0.019277, -0.0040111, -3.86562e-05, 0.0176301, -0.00697831, -0.00301153, 0.0163756, -0.00901557, -0.0039908, 0.0181174, -0.00662372, -0.00137666, 0.0208016, -0.00327935, 0.000329245, 0.0197157, -0.00405151, -0.00186224, 0.0204175, -0.00347366, -0.00121905, 0.0193724, -0.00419329, -0.00223604, 0.0182513, -0.00547979, -0.00220265, 0.0226142, -0.000980574, -0.00160357, 0.0257931, 0.00244169, -0.00100275, 0.0236022, -0.00315166, 0.00219468, 0.0220436, -0.00340871, -0.00104892, 0.0251205, 0.00328136, 0.000440846, 0.0245275, 0.00087975, 0.000629672, 0.0247467, 0.00344998, -0.000538084, 0.025058, 0.0108542, 0.00436285, 0.0258116, 0.00372959, 0.00350773, 0.0279543, -0.00252379, 6.90946e-05, 0.0251751, 0.00264203, 0.00333314, 0.0160879, 0.0202079, 0.0101145, 0.0257114, 0.00513486, 0.00268863, 0.0288101, 0.000264405, 0.0024566, 0.0262391, 0.00417991, 0.00260979, 0.0320452, -0.00306451, -0.000572222, 0.0294528, 0.00135676, -0.000217482, 0.0279362, 0.00321354, 0.00222733, 0.0276532, 0.00323361, 0.00352065, 0.0305732, -0.00403586, -0.0053232, 0.0349131, -0.018014, -0.0184345, 0.032979, -0.00436007, -0.00167482, 0.033649, -0.00361559, 0.00436242, 0.0306952, -0.011799, -0.00778892, 0.0317878, -0.00909999, -0.00427553, 0.0298094, -0.0131625, -0.0106865, 0.029776, -0.012928, -0.0112762, 0.031441, -0.00880616, -0.00741332, 0.0326846, -0.00479221, -0.00570182, 0.0362953, 0.00561286, -0.000912297, 0.0305601, -0.0159725, -0.00462712, 0.0325411, 2.56805e-05, 8.76946e-05, 
0.0165375, -0.00858886, -0.00267938, 0.017091, -0.00743655, -0.00115247, 0.0179808, -0.00577298, -0.000408698, 0.0182641, -0.00535255, -0.00108454, 0.0170202, -0.00738518, -0.00186381, 0.0160944, -0.00880929, -0.00204193, 0.0178256, -0.00628838, -0.00215042, 0.0204563, -0.00287039, -0.00177404, 0.0194596, -0.00408904, -0.0016419, 0.0200562, -0.00286474, -0.00319612, 0.0202768, -0.00395124, -0.00035361, 0.015998, -0.00790545, -0.00139305, 0.0205154, -0.0027045, -0.00165716, 0.0284802, 0.00492506, 0.000598906, 0.0234085, -0.000245323, -0.0011628, 0.0201664, -0.00536745, -0.00189881, 0.023685, 0.00145224, 0.000356944, 0.0238605, 0.00205435, 0.000344741, 0.0242355, 0.00287307, 0.00210368, 0.0249797, 0.0117723, 0.00657486, 0.0252666, 0.00611595, 0.00587061, 0.0266123, 0.00404003, -0.000644982, 0.0279546, 0.000754566, -0.00121179, 0.0190427, 0.0107164, 0.0121188, 0.0219574, 0.00787517, 0.00753145, 0.0273663, 0.0042758, 0.000119039, 0.0243477, 0.0065425, 0.00316851, 0.0314914, -0.000585178, -0.00212014, 0.0297911, 0.00126409, -0.000894249, 0.0278121, 0.00222963, 0.00319258, 0.0290463, 0.00191117, -0.000841622, 0.0300188, -0.0025218, 0.000142957, 0.0338001, -0.0172471, -0.00691891, 0.0329343, -0.0117157, -0.00571833, 0.0332729, -0.00147914, -0.00564492, 0.0314726, -0.0116274, -0.0097754, 0.031728, -0.0109514, -0.00848866, 0.0316927, -0.0106741, -0.00916533, 0.0305116, -0.0147674, -0.0101105, 0.0317294, -0.0110592, -0.00880627, 0.031552, -0.0122606, -0.00818801, 0.0406205, 0.00907413, 0.00239206, 0.0395903, 0.00575234, 0.00286556, 0.0328302, -0.0320805, -0.0194258, 0.03332, 4.56175e-06, -1.29485e-05, 
0.0164606, -0.00707838, -0.000684923, 0.0156877, -0.00844494, -0.000580757, 0.0168257, -0.0066008, -0.00226371, 0.0184664, -0.00390531, -0.00241623, 0.0174783, -0.00534283, -0.00101957, 0.0155087, -0.00826549, -0.00151718, 0.0161955, -0.00724359, -0.00202632, 0.0186455, -0.0041891, -0.00114127, 0.0194472, -0.00322414, -0.00139704, 0.0200878, -0.00282366, -0.000613553, 0.0191659, -0.00342116, -0.00129939, 0.0159489, -0.00553109, -0.00332975, 0.0189899, -0.00251162, -0.00277893, 0.0236505, -0.000263791, 0.00183393, 0.0240954, 0.000440925, 0.0015983, 0.0210789, -0.000636333, -0.00310784, 0.0221308, 0.000109534, -0.0011243, 0.0233183, 0.00154933, 0.00152835, 0.0233033, 0.00193465, 0.0009579, 0.0239958, 0.00711733, 0.00565592, 0.024012, 0.00606167, 0.00401134, 0.0245353, 0.00385605, 0.00302513, 0.0255432, 0.00135959, 0.002327, 0.0228313, 0.00759299, 0.00130966, 0.0198775, 0.0107403, 0.00478532, 0.0249708, 0.00441454, 0.00243842, 0.0248595, 0.00370031, 0.00370785, 0.0258223, 0.00334206, 0.00219339, 0.0279376, 0.000400002, 0.0021336, 0.0287304, -0.000302266, 0.00131574, 0.0272857, 0.00269121, 0.00124052, 0.0256244, 0.00695421, 0.00248857, 0.0318197, -0.0113758, -0.00789664, 0.0359467, -0.0246515, -0.0132459, 0.0335771, -0.00188593, -0.00327235, 0.0335626, -0.00206428, -0.00313944, 0.0317857, -0.00839485, -0.00796782, 0.0323587, -0.00751101, -0.00617482, 0.0292618, -0.0153487, -0.0101004, 0.0306066, -0.0103364, -0.00983528, 0.0295466, -0.0128296, -0.0118198, 0.0335931, -0.00750869, -0.000257457, 0.0415958, 0.00208043, 0.0153275, 0.0306598, -0.0106371, -0.0224791, 0.0306739, -0.0109999, -0.0197259, 0.0331046, 7.22624e-06, 2.30179e-06, 
0.0156568, -0.00605413, 0.000144499, 0.0152504, -0.00714111, -0.00285431, 0.0153109, -0.00696454, -0.00229836, 0.0158222, -0.00590713, 0.000318363, 0.0163709, -0.00509981, 0.000493869, 0.0170121, -0.00417758, -0.00156373, 0.016815, -0.00436792, -0.00304721, 0.0158322, -0.00568616, -0.00259879, 0.0176189, -0.00446037, 0.000505705, 0.0181272, -0.00370587, -0.000175008, 0.0187377, -0.00253362, -0.00146589, 0.0181948, -0.00278054, -0.00196087, 0.0183719, -0.00307389, -0.00117446, 0.0193997, -0.00157144, -0.00177357, 0.0223291, 0.000967861, -0.000661906, 0.0227202, -7.29468e-05, 0.00147211, 0.0205582, -0.00307198, -6.25047e-05, 0.0225966, 0.00164602, 0.000826493, 0.0226254, 0.00146272, 0.00119909, 0.0224676, 0.000831804, -0.000165248, 0.0224945, 0.00807553, 0.00279511, 0.0225922, 0.00700107, 0.00330763, 0.0256847, -0.000608879, 0.000587222, 0.0265538, -0.00144862, -0.000673901, 0.0155775, 0.0133231, 0.00795745, 0.0201072, 0.00842566, 0.00420712, 0.0249835, 0.00273364, 0.00280021, 0.023377, 0.00411297, 0.00386991, 0.030045, -0.00165902, 0.000343582, 0.0288217, 0.001762, -0.00243654, 0.0284337, 0.000241786, 0.000655289, 0.0253968, 0.00205476, 0.00817001, 0.0264849, 0.00323395, 0.00107911, 0.0344622, -0.0121444, -0.0204857, 0.0319385, -0.00774207, -0.00696376, 0.0324127, -0.00376244, 0.00432601, 0.0306912, -0.00900211, -0.00485762, 0.0310173, -0.00942191, -0.00253216, 0.0291182, -0.0107723, -0.00909842, 0.0289855, -0.0105817, -0.00996857, 0.0277616, -0.014991, -0.00971089, 0.0287987, -0.00993973, -0.0116594, 0.0373635, 0.00729889, 0.000210763, 0.0315122, -0.00737254, -0.0060107, 0.0290217, -0.0196094, -0.0106307, 0.032846, -0.00130125, -0.00134151, 0.033201, -6.2313e-06, -7.01371e-06, 
0.0152932, -0.00537376, -0.000334234, 0.0151345, -0.0057545, -0.00136169, 0.0139966, -0.00765921, -0.00197723, 0.0142086, -0.00735492, -0.00231562, 0.0163874, -0.00412078, -0.00147927, 0.017481, -0.0025922, 0.00073409, 0.0161056, -0.00442946, 0.000678479, 0.0144836, -0.00601541, -0.00226301, 0.0166264, -0.00355684, -0.00293481, 0.0163546, -0.00434974, -0.00138174, 0.0188724, -0.00225975, -0.000769748, 0.0222032, 0.000457066, -0.000336021, 0.0160682, -0.00492857, -0.00106152, 0.0145772, -0.00626938, -0.0013844, 0.0244487, 0.00234362, 0.00138927, 0.0247511, 0.00288626, 0.00116362, 0.0192036, -0.00369004, -0.0029315, 0.0217839, 0.000340338, 0.000282749, 0.0216661, -2.97048e-05, 0.000151765, 0.0213324, -0.000643043, -0.00278711, 0.021697, 0.00855324, 0.00575435, 0.021819, 0.00626875, 0.00808266, 0.0224613, 0.00830715, 0.00157269, 0.0296825, -0.00156877, -0.00679854, 0.018973, 0.00623357, 0.00832476, 0.0181897, 0.00686299, 0.00918431, 0.0261425, 0.00209029, 0.000992604, 0.0207956, 0.00628411, 0.00409966, 0.0255172, 0.0041749, -0.000675221, 0.0289206, 0.00114122, -0.00207526, 0.0302178, -0.00215982, -4.35983e-05, 0.0268337, 0.00384572, 0.000438398, 0.0244184, 0.00650752, 0.00557316, 0.0321531, -0.0131945, -0.00607779, 0.0322102, -0.0128251, -0.00706681, 0.0317819, -0.00153552, -0.00147015, 0.0306508, -0.0091892, -0.00735151, 0.0306608, -0.00909047, -0.00742938, 0.0311644, -0.00741035, -0.0072656, 0.0291078, -0.0126801, -0.00938253, 0.0282964, -0.0130154, -0.0124084, 0.0274793, -0.0158649, -0.0120674, 0.0371207, 0.00120574, 0.00320364, 0.0388406, 0.00337441, 0.00593821, 0.0286464, -0.0169128, -0.0185321, 0.0309495, -0.00857488, -0.00818455, 0.0317813, -0.00541063, -0.00493891, 0.0330968, 7.84652e-06, 6.65734e-06, 
0.0152229, -0.00545536, -0.000994745, 0.0153947, -0.00516547, -0.000732418, 0.0135935, -0.00809281, -0.00179684, 0.0132535, -0.00863802, -0.00201342, 0.0166403, -0.00361171, -0.00054711, 0.0184722, -0.00115356, -0.000315934, 0.0154912, -0.00479964, -0.00180223, 0.0129437, -0.00768686, -0.00248425, 0.0165263, -0.00409639, -0.00134031, 0.0157719, -0.00448922, -0.00231317, 0.0198354, -0.00184051, -7.09625e-05, 0.0241648, 0.000218641, 0.00298304, 0.015548, -0.00384525, -0.00262917, 0.0116403, -0.0048773, -0.0068657, 0.0202959, -0.00176408, 0.00218877, 0.0252096, 0.00284048, 0.00438746, 0.0200711, -0.000825069, -0.00162017, 0.0213788, 0.00142376, -0.00073432, 0.0223596, 0.00393643, 0.000230989, 0.0210955, -0.00237505, -0.00163702, 0.0215498, 0.00508, 0.00574515, 0.0211393, 0.0094532, 0.004707, 0.0214098, 0.00751552, 0.00610779, 0.0275461, -0.00318275, 0.000191223, 0.0205643, 0.00677824, 0.00234823, 0.018372, 0.00848579, 0.00445219, 0.0242694, 0.00437521, -0.000186482, 0.0196013, 0.00637374, 0.00428545, 0.0226422, 0.0036942, 0.0034332, 0.0280703, -0.000160987, 0.000395718, 0.0297664, -0.00089358, -0.00159615, 0.0275413, 0.000269717, 0.00163979, 0.0222566, 0.00680098, 0.00862682, 0.0288377, -0.00446499, -0.00504938, 0.0335198, -0.0158589, -0.014402, 0.0311509, -0.00539841, -0.00443917, 0.0309756, -0.00865456, -0.00456114, 0.0306675, -0.00908275, -0.00702663, 0.0324532, -0.00531494, -0.00266749, 0.02953, -0.0102711, -0.00832467, 0.0286907, -0.0118909, -0.00939904, 0.0256735, -0.0180463, -0.0125845, 0.0308562, -0.0063318, -0.00718461, 0.0388811, 0.00676179, 0.00300376, 0.0295246, -0.0120039, -0.0101427, 0.0298817, -0.0113932, -0.00858517, 0.0318511, -0.0039616, -0.00343654, 0.0318555, -0.00425449, -0.00314654, 0.0329849, 2.09898e-05, 2.31076e-05, 
0.0160455, -0.00390079, -0.000604553, 0.0147894, -0.00570268, 0.000285657, 0.0131289, -0.00843768, -0.0021879, 0.0131365, -0.00862735, -0.00418243, 0.0159065, -0.00433938, -0.00109726, 0.0179724, -0.00153885, 0.00171893, 0.0161668, -0.00351844, -0.000611519, 0.0134736, -0.00602031, -0.00342857, 0.0150753, -0.00476855, -0.00163791, 0.0159072, -0.0037647, -0.00227947, 0.0171664, -0.00385843, 0.000501333, 0.0214799, -0.000742852, 0.00152172, 0.0169671, -0.00195898, -0.00258427, 0.0135548, -0.00486085, -0.0027843, 0.0192715, -0.0001182, -0.00103143, 0.022336, 0.00223334, 0.000862563, 0.020685, 0.000252522, 0.000321884, 0.0214086, 0.00111804, 0.00115111, 0.0218316, 0.00123582, 0.00267438, 0.0206774, -0.00147075, -0.00121104, 0.021035, 0.00421703, 0.00213336, 0.0203957, 0.00851002, 0.00659135, 0.0205739, 0.00882976, 0.0049423, 0.0253497, 0.000897411, -0.00192352, 0.0236831, 0.00253993, -0.000438774, 0.0171956, 0.00696709, 0.00612292, 0.0193266, 0.00536017, 0.0046111, 0.0197766, 0.00535194, 0.00390938, 0.0199714, 0.00560648, 0.00321812, 0.0271409, 0.000256012, 0.000405395, 0.0291802, -0.0012242, -0.000615748, 0.0283887, -0.000132997, -0.000750491, 0.0242392, 0.00499457, 0.00175689, 0.0259804, 0.000759104, 0.00116724, 0.0317546, -0.012695, -0.0076752, 0.0304744, -0.00782252, -0.00482968, 0.0304715, -0.00591164, -0.00434611, 0.0298317, -0.00957056, -0.00776011, 0.0311691, -0.00583523, -0.00415262, 0.0292598, -0.00959866, -0.007332, 0.028394, -0.0108977, -0.00886177, 0.0271029, -0.0123483, -0.0115519, 0.0274654, -0.0124882, -0.00993928, 0.0347769, -0.00155606, 0.000626838, 0.0322817, -0.00501339, -0.00324048, 0.0293252, -0.0100243, -0.0111374, 0.0311992, -0.00590221, -0.00500856, 0.0314869, -0.00415417, -0.00497792, 0.0326272, -0.000447697, -0.000351501, 0.0329508, 2.48662e-05, 2.77304e-05, 
0.0140606, -0.00560351, 0.00041199, 0.0135315, -0.00650341, -0.00130271, 0.0139426, -0.00602787, -0.00273965, 0.0142993, -0.00543872, -0.00193659, 0.0149681, -0.00429988, 0.000278874, 0.0158279, -0.00316294, 0.000234092, 0.0148966, -0.00413189, -0.00133565, 0.0135283, -0.00551032, -0.00171013, 0.0147262, -0.00445344, -0.00111632, 0.015788, -0.00348756, -0.00108232, 0.0167902, -0.00201414, -0.00250187, 0.0189147, -0.00137983, -0.00031847, 0.0178487, -0.00252796, 0.000293339, 0.0147101, -0.00335697, -0.00247074, 0.0172669, -0.00175554, -0.00101973, 0.0205858, 0.000477791, 0.0012532, 0.022252, 0.00146685, 0.00296802, 0.0203788, 8.42193e-05, 8.55723e-05, 0.0206556, 0.00130539, -0.000607459, 0.0204268, 0.000405526, -0.00075599, 0.0204669, 0.000517242, 8.75731e-06, 0.0197639, 0.00680981, 0.00477379, 0.0198584, 0.00699161, 0.00384492, 0.0205537, 0.00511747, 0.00363444, 0.024299, 0.000621444, 0.000847307, 0.0196836, 0.00526709, 0.00308588, 0.018001, 0.00662783, 0.00400614, 0.0214469, 0.00457567, 0.00211626, 0.0198426, 0.00504527, 0.0036427, 0.0252677, 0.00187416, 0.000713714, 0.0264474, 0.00086661, 0.00052382, 0.0260798, 0.00106708, 0.000813771, 0.0269454, 9.80683e-05, 0.000486714, 0.0248115, 0.00233247, 0.00367471, 0.0293199, -0.0049602, -0.004628, 0.0306745, -0.00852891, -0.00754534, 0.0302043, -0.0055037, -0.00394087, 0.0299593, -0.00844059, -0.00589104, 0.0302178, -0.00706409, -0.00582978, 0.0294308, -0.00970718, -0.00591308, 0.0286596, -0.0111262, -0.00689803, 0.0284449, -0.00966928, -0.0097405, 0.0256578, -0.0123704, -0.01625, 0.0321478, -0.00743635, -0.00114852, 0.0363742, -0.0040426, 0.00611315, 0.0294942, -0.00888515, -0.0120738, 0.0312322, -0.00575732, -0.00699519, 0.0317504, -0.00358567, -0.00652096, 0.031946, -0.00341712, -0.00492027, 0.0325987, -0.000963256, -0.00149265, 0.0330161, 1.78063e-05, 1.37248e-05, 
0.0134537, -0.00533803, -0.00150284, 0.0134345, -0.00540083, -0.00195076, 0.0134615, -0.00523352, -0.000342096, 0.0133427, -0.00538335, -0.000109736, 0.0135719, -0.00514388, -0.00146488, 0.0141506, -0.00438794, -0.000931177, 0.0150113, -0.0034593, -0.000242249, 0.0155502, -0.00273022, -0.00148291, 0.0136804, -0.00426356, -0.0027847, 0.0155294, -0.00327993, -0.000664484, 0.0164485, -0.00288372, 0.000258147, 0.0157104, -0.00277678, -0.00106694, 0.0185098, -0.00109001, -0.000567522, 0.0180011, -0.0016615, -0.000287235, 0.0165533, -0.0030578, -0.000269755, 0.0172793, -0.0015873, -0.00122855, 0.0213385, 0.00232091, 0.00075331, 0.0193088, -0.0004036, -0.000352586, 0.0197087, -0.000100113, 0.000621208, 0.0207928, 0.00299895, 0.00211357, 0.0203595, 0.000576841, -0.000751039, 0.0199992, 0.00480432, 0.00295261, 0.0203952, 0.00295407, 0.00249511, 0.018033, 0.00784254, 0.00576266, 0.0233426, 0.00236009, -0.000393328, 0.0217995, 0.00349473, 0.000938591, 0.0170025, 0.00591789, 0.00530592, 0.0212557, 0.00395717, 0.00227121, 0.0204838, 0.00396135, 0.00327872, 0.0220494, 0.00300407, 0.00269336, 0.0236026, 0.00254153, 0.00134298, 0.0257398, 0.0024059, -0.00143318, 0.0290835, -0.00148409, -0.00164846, 0.0234225, 0.00207789, 0.00717952, 0.0265142, -0.000784381, 0.000341912, 0.0312957, -0.00810244, -0.0111546, 0.0299889, -0.00533968, -0.00449866, 0.0299841, -0.00670144, -0.00506724, 0.0295156, -0.00945244, -0.006699, 0.0301156, -0.00912808, -0.00386679, 0.0295019, -0.0086107, -0.00682447, 0.0299301, -0.00885681, -0.0050831, 0.0244689, -0.0168976, -0.0120522, 0.0273857, -0.011389, -0.00980681, 0.0385784, 0.00450098, -0.00018343, 0.0317542, -0.0061034, -0.00633426, 0.0305819, -0.00915066, -0.00732238, 0.0323017, -0.00428477, -0.00437593, 0.0320121, -0.00623044, -0.0043395, 0.0328298, -0.0010235, -0.00179785, 0.032641, -0.00328857, -0.0019099, 0.0330718, 5.19162e-06, 6.31791e-06, 
0.0122179, -0.00621368, -0.000303233, 0.0127132, -0.00559356, -0.00116866, 0.0140103, -0.0037955, -0.00102327, 0.0142254, -0.00348121, -0.000799442, 0.012789, -0.00549417, -0.00155302, 0.0123921, -0.00600669, -0.00219782, 0.0143207, -0.00391012, -0.00118839, 0.0160246, -0.0024236, 0.000455184, 0.0143216, -0.00381232, -0.000430519, 0.015668, -0.0026133, -0.00052547, 0.0159126, -0.00230917, -0.00077415, 0.0138263, -0.00321928, -0.00207874, 0.0177454, -0.00168904, 5.56593e-05, 0.0191444, -0.000880531, 0.000435462, 0.0163766, -0.00186422, -0.00176393, 0.0153445, -0.00299672, -0.00168491, 0.0206217, 0.00109129, 0.0020523, 0.0194581, 0.000567361, 0.000129492, 0.0189084, -0.000291275, -0.000416771, 0.0209694, 0.00406967, 0.00381142, 0.0202482, 0.00112207, -4.80099e-05, 0.0202406, 0.00230825, -0.00080937, 0.0199531, 0.00205916, 0.00207205, 0.0165212, 0.00821907, 0.00872703, 0.0221171, 0.00346567, -0.000187768, 0.0224462, 0.00341902, -0.000748561, 0.0169627, 0.00557511, 0.00482786, 0.0211981, 0.00321135, 0.00253112, 0.0207188, 0.00306472, 0.00335095, 0.0184898, 0.00420966, 0.00432421, 0.0209668, 0.00449549, 0.000888547, 0.0258466, 0.000603804, 0.000365188, 0.0314744, -0.00299423, -0.0028012, 0.0241294, 0.00434087, 0.0014378, 0.0235976, 0.00417874, 0.00309511, 0.030423, -0.00910504, -0.00633262, 0.0297976, -0.008023, -0.00399108, 0.0297225, -0.00641969, -0.00409623, 0.0292299, -0.0109194, -0.00715425, 0.0302849, -0.00710632, -0.00574637, 0.0292771, -0.00925165, -0.00680359, 0.0303908, -0.00784334, -0.00506203, 0.0284119, -0.00839902, -0.0101178, 0.0260656, -0.0118376, -0.0120483, 0.0322668, -0.00680665, -0.00150639, 0.0310998, -0.00855478, -0.0025995, 0.03016, -0.00639421, -0.00853659, 0.0321923, -0.00370177, -0.00305696, 0.0323978, -0.0021114, -0.00386393, 0.0325405, -0.00193767, -0.00290534, 0.032672, -0.00112968, -0.00248253, 0.0329719, 0.000335071, 0.000449687, 0.0330478, 5.47676e-06, 5.21472e-06, 
0.0119067, -0.0063411, -0.00195846, 0.0124561, -0.00549732, -0.000969317, 0.0137372, -0.00366928, -0.00027651, 0.0142293, -0.00299678, -0.000229068, 0.0126814, -0.00507843, -0.0013566, 0.0117991, -0.00615224, -0.00225758, 0.0137662, -0.00405768, -0.0011896, 0.0160006, -0.00201514, 9.36143e-05, 0.0149114, -0.00276039, -0.000978769, 0.0149135, -0.00299868, -0.00022782, 0.0149998, -0.00273627, -0.000706384, 0.012704, -0.00343838, -0.00260225, 0.0171569, -0.00191828, 0.000175459, 0.0207031, -0.000798353, 0.00249815, 0.016014, -0.00134723, -0.00249256, 0.0152918, -0.00177696, -0.00291263, 0.0192751, -3.56981e-05, 0.00162668, 0.0189285, -0.000204529, 0.00111538, 0.0189155, 0.000258625, 0.0003955, 0.0207955, 0.00423307, 0.00342621, 0.0200094, 0.00217174, -0.000638513, 0.0200444, -0.000843815, -0.000712522, 0.0192984, 0.00215358, 0.00160881, 0.0157483, 0.010345, 0.00596892, 0.0194399, 0.00415923, 0.00388823, 0.0229871, 0.000891051, 0.00150282, 0.0182438, 0.00462458, 0.00327191, 0.019836, 0.0041899, 0.00176707, 0.0208855, 0.00412181, 0.000644153, 0.0171867, 0.00500222, 0.00338633, 0.0199759, 0.00314717, 0.0030904, 0.0239103, 0.00153494, 0.000902598, 0.0278197, 0.000342668, -0.00274858, 0.0268901, -0.00116281, 0.000847505, 0.0251092, -0.000311424, 0.00375103, 0.028892, -0.00419002, -0.0034355, 0.0292048, -0.0039094, -0.00518036, 0.0290619, -0.0042194, -0.00350342, 0.0287506, -0.0088888, -0.00672717, 0.0288404, -0.00855783, -0.00647964, 0.0287922, -0.00949644, -0.00531759, 0.0285156, -0.00920087, -0.00672336, 0.0278766, -0.0102183, -0.00716835, 0.0281204, -0.00904749, -0.0081315, 0.0289453, -0.00873828, -0.00638338, 0.0289309, -0.00861707, -0.00658108, 0.0307789, -0.00538484, -0.00513946, 0.031271, -0.00479171, -0.00412885, 0.0319828, -0.00281999, -0.00335908, 0.0325471, -0.00130565, -0.00190835, 0.0325777, -0.00117817, -0.00182104, 0.0329354, 0.000842472, 6.644e-05, 0.0329799, 0.00100161, 0.000685184, 0.0328362, -0.000875411, -0.000601526, 0.0330697, 1.78674e-06, 2.70716e-06, 
0.0114543, -0.00648451, -0.00154681, 0.0126488, -0.00489036, -0.00155278, 0.0133338, -0.00384651, -0.00014999, 0.0136002, -0.00344043, 0.000648107, 0.0127789, -0.00456356, -0.00152013, 0.0121156, -0.00536023, -0.00291209, 0.0135591, -0.00388691, -0.000828164, 0.0151848, -0.00251175, 0.000872607, 0.0145023, -0.00274061, -0.000731952, 0.0150329, -0.00235149, -0.000604621, 0.0139722, -0.0026746, -0.00174557, 0.0123945, -0.00356155, -0.00216739, 0.0166147, -0.00209707, 0.000399051, 0.0211565, 0.000465678, 0.00141741, 0.0165066, -0.00183148, -0.000486637, 0.0149235, -0.00300542, -0.000948083, 0.0170445, -0.000611134, -0.000783461, 0.0188376, 0.00147437, -2.108e-05, 0.0190029, 0.0014701, 0.000473858, 0.0199721, 0.00290256, 0.0026909, 0.0194833, 0.000985385, 0.00174118, 0.0194464, 0.000223992, -0.000950745, 0.0186992, 0.003196, 0.0023234, 0.0181379, 0.00373676, 0.00412572, 0.0175217, 0.00512222, 0.00391765, 0.0191175, 0.00515234, 0.000483725, 0.0188045, 0.00458575, 0.00180924, 0.0189414, 0.00380611, 0.00280938, 0.0210243, 0.00286386, 0.00192734, 0.018656, 0.00355588, 0.00323137, 0.020239, 0.00283814, 0.00276223, 0.0243786, 0.00143531, 0.000501657, 0.0238602, 0.00179616, 0.000632048, 0.0246558, 0.00122304, 0.000240897, 0.0268007, -0.00097634, -0.000907743, 0.0275113, -0.00238209, -0.000980339, 0.0278654, -0.00271297, -0.00198903, 0.0285023, -0.00581919, -0.00351667, 0.028544, -0.00700897, -0.00591894, 0.028376, -0.00811145, -0.00595581, 0.028142, -0.00911072, -0.00575534, 0.0281064, -0.00883225, -0.00631287, 0.026751, -0.0106696, -0.00772035, 0.0269914, -0.00995935, -0.00808624, 0.0283843, -0.0085789, -0.00652062, 0.0291836, -0.00733709, -0.00621481, 0.0296687, -0.00691415, -0.00547533, 0.0307915, -0.00477251, -0.00478085, 0.0323417, -0.00236285, -0.00218316, 0.0321124, -0.00276167, -0.00274552, 0.032566, -0.00120169, -0.00178251, 0.0330641, 0.00117963, 0.000118901, 0.0331695, 0.000720332, 0.00199048, 0.0331603, 0.000472677, 0.00197411, 0.0331377, 0.000613583, -0.00707196, 0.0330613, 6.4816e-07, -2.43791e-06, 
0.0119069, -0.00544214, -0.00224839, 0.0121016, -0.00506518, -0.000922419, 0.0127878, -0.00404873, 0.000272201, 0.0135768, -0.00305875, 8.49258e-06, 0.0128564, -0.00398721, -0.00171661, 0.0118711, -0.00512375, -0.00209368, 0.0127914, -0.00419117, -0.00087155, 0.0144318, -0.00266364, -0.000312481, 0.0155251, -0.00177271, -0.000111313, 0.0146123, -0.00245955, -0.000213675, 0.013031, -0.00339761, -0.000712999, 0.0137776, -0.00261596, -0.0012726, 0.0161002, -0.00123871, -0.000967221, 0.0177085, -0.00105351, 0.000539435, 0.0160485, -0.00158723, -0.000509355, 0.0174567, -0.00029792, -0.000602585, 0.0165488, -0.00096103, -0.00111022, 0.0177936, -0.000684094, 0.00106208, 0.0187316, 0.000710246, 0.00165408, 0.0187212, 0.00107921, 0.00105877, 0.0188675, 0.00151872, 0.0014358, 0.0188098, 0.00146963, -0.000948107, 0.0179251, 0.00568861, 0.00348628, 0.0191286, 0.00290135, 0.00158923, 0.0184863, 0.00347638, 0.00270345, 0.0177001, 0.00419391, 0.0033301, 0.019031, 0.00341921, 0.00233168, 0.0190389, 0.00371992, 0.00186105, 0.0189436, 0.00371092, 0.00197642, 0.0187739, 0.00341904, 0.00257254, 0.0206155, 0.00273781, 0.00195872, 0.0225367, 0.00248821, 0.000477432, 0.0229636, 0.00141784, 0.00152924, 0.0240216, 0.00110796, 0.00055914, 0.0252745, -9.67972e-07, -0.000104243, 0.0261696, -0.00114275, -0.000705425, 0.0273982, -0.00316355, -0.0022973, 0.0278322, -0.00475764, -0.00296823, 0.0279665, -0.00621641, -0.00425683, 0.0276535, -0.00856472, -0.00596319, 0.027867, -0.0075044, -0.00616036, 0.0272965, -0.00924794, -0.00596366, 0.0264794, -0.0105945, -0.00651729, 0.0270302, -0.00861751, -0.00789628, 0.0265663, -0.00823909, -0.00958892, 0.0287254, -0.00809489, -0.00478509, 0.0299122, -0.00704842, -0.00342325, 0.0301806, -0.00572254, -0.00443863, 0.0312398, -0.00439008, -0.00288549, 0.0313796, -0.00290628, -0.00420929, 0.0327526, 0.000150013, -0.00104672, 0.0332613, 0.00186, 0.000650804, 0.0329282, -0.000441824, -0.000981021, 0.0328652, -0.00318913, -0.000466593, 0.0329235, 0.00527728, 0.0014246, 0.0329306, 0.00554828, 0.00188069, 0.0330464, 3.34302e-07, -1.0455e-06, 
0.0111978, -0.00578525, -0.00128464, 0.0123809, -0.00414755, -0.000382953, 0.0128613, -0.00356813, -0.000908463, 0.0124249, -0.00413868, -0.00125803, 0.0121106, -0.00449516, -0.000763666, 0.0128747, -0.00363794, -0.000855153, 0.0135446, -0.00292916, -0.00092401, 0.0132262, -0.00333256, -0.000144505, 0.013858, -0.00289559, 0.000292975, 0.0141971, -0.00218158, -0.0011359, 0.0137515, -0.00223807, -0.00176145, 0.0154631, -0.00178956, -0.0004172, 0.0159373, -0.00164784, -0.000131503, 0.0158839, -0.00184996, 0.000144463, 0.0146968, -0.0019407, -0.00101962, 0.0175474, -0.000515835, 0.000482577, 0.0165591, -0.00108625, -0.000199683, 0.0171467, -0.000298623, -0.00019698, 0.018801, 0.00176788, 0.00122527, 0.0182934, 0.000796646, 0.00069334, 0.0183857, 0.0010615, 0.000900795, 0.0184488, 0.00185243, 0.00113758, 0.0180549, 0.00411794, 0.00311454, 0.0187561, 0.00285897, 0.00128986, 0.0179102, 0.00378881, 0.00259656, 0.0185025, 0.0031567, 0.00225328, 0.0184811, 0.00359394, 0.00162014, 0.0176935, 0.00357748, 0.00264472, 0.0186717, 0.00339059, 0.00192894, 0.0187521, 0.00333074, 0.00194883, 0.0198592, 0.00277703, 0.00185805, 0.0211952, 0.00201201, 0.00178962, 0.0213828, 0.002071, 0.0015145, 0.0233726, 0.00199632, -0.000738282, 0.0249967, -0.000218047, -0.000220444, 0.024769, -0.000972851, 0.00127743, 0.026424, -0.00287275, -0.00117854, 0.0274808, -0.00464973, -0.00391648, 0.0276278, -0.00564508, -0.00442037, 0.0275687, -0.00661807, -0.00566534, 0.0277361, -0.00633027, -0.00460649, 0.0263699, -0.00917336, -0.00658978, 0.0250287, -0.0114193, -0.00769477, 0.026951, -0.00942027, -0.00553559, 0.0287284, -0.00595904, -0.0064735, 0.0281941, -0.00731351, -0.00569493, 0.026836, -0.00933862, -0.00593359, 0.0288841, -0.00617959, -0.00520932, 0.0297098, -0.00555192, -0.00379333, 0.0308202, -0.00331594, -0.00303794, 0.0323422, 3.93134e-05, -0.00102421, 0.0326123, 0.000484556, 1.61283e-05, 0.0329502, 0.00210951, 0.000934931, 0.032638, 0.00071743, -0.00268285, 0.0326777, 0.00228831, 0.000533172, 0.0327497, 0.00370772, 0.00722984, 0.032816, 0.00165661, 0.000808492, 0.0330396, -6.04149e-06, -2.48391e-06, 
0.0116426, -0.00478363, -0.00173559, 0.0122377, -0.00393027, -0.000600402, 0.0121808, -0.00398249, -0.000362577, 0.0118068, -0.00446842, -0.000819274, 0.0121134, -0.0041052, -0.000822517, 0.0129343, -0.00319034, -0.000478056, 0.0134742, -0.00263408, -0.000576478, 0.0134623, -0.00258907, -0.00101065, 0.0132373, -0.00278501, -0.000961867, 0.0138846, -0.00249181, -0.000385278, 0.0135705, -0.00257122, -0.00071636, 0.015554, -0.00168041, 6.03572e-05, 0.0153595, -0.00164777, -0.00021061, 0.0147199, -0.00174852, -0.000713975, 0.01556, -0.00139436, -0.000364803, 0.0162703, -0.000982382, -0.000107672, 0.0169125, -0.00029993, -0.000158731, 0.0178651, 0.000296272, 0.000790037, 0.0175495, -0.000161731, 0.000667282, 0.0178334, 0.000838442, 0.000180697, 0.0181115, 0.00153796, 0.000804766, 0.0181932, 0.00177167, 0.0020717, 0.0180426, 0.00333117, 0.00225579, 0.0185977, 0.00244388, 0.000565049, 0.0175504, 0.0032407, 0.00275489, 0.0175193, 0.00320815, 0.0028746, 0.0182101, 0.0034385, 0.001393, 0.0181744, 0.00324168, 0.00173457, 0.0177877, 0.00354457, 0.00165845, 0.0174275, 0.00352632, 0.00198791, 0.0191872, 0.00266072, 0.00189494, 0.0215372, 0.00139415, 0.00184701, 0.0214739, 0.00151612, 0.00172658, 0.0208325, 0.00252324, 0.00100749, 0.0227461, 0.00154105, -0.000334397, 0.0254716, -0.00200665, -0.000580811, 0.0267937, -0.00342799, -0.0020285, 0.0268797, -0.00299886, -0.00287899, 0.0272066, -0.00500092, -0.00312308, 0.0272307, -0.00525882, -0.00430038, 0.0270732, -0.00623931, -0.00429189, 0.0259099, -0.00917067, -0.00572024, 0.0256448, -0.00873946, -0.00724695, 0.024996, -0.00954879, -0.00782095, 0.0267599, -0.00898986, -0.00468468, 0.0282091, -0.00751533, -0.00385859, 0.0259792, -0.00791632, -0.00773679, 0.0280252, -0.00632872, -0.00548565, 0.0288819, -0.00541942, -0.00467386, 0.0297736, -0.0036709, -0.00449207, 0.031994, -0.00107666, -0.000131655, 0.0327322, 0.00126937, 0.000210354, 0.0333126, 0.00272342, 0.00201838, 0.0326064, -0.000760333, -0.00180315, 0.0325739, -0.00224706, -0.00329619, 0.0324066, 0.00764157, 0.00689805, 0.0324276, 0.00592432, 0.00505285, 0.0326628, 0.00286732, 0.00205907, 0.033042, -8.44886e-06, -2.7441e-06, 
0.0113192, -0.00467675, -0.000240095, 0.0116157, -0.00436509, -0.000941032, 0.0121364, -0.00370889, -0.000739984, 0.0123927, -0.00340568, -0.000838509, 0.0125026, -0.00328695, -0.00108446, 0.012448, -0.0033483, -0.000634191, 0.0124972, -0.00331756, -0.000337203, 0.0133205, -0.00257771, -0.000361925, 0.0135073, -0.00241554, -0.000413659, 0.0129489, -0.0026792, -0.000863409, 0.0144132, -0.00184901, -0.00049604, 0.0148563, -0.00183224, 2.90406e-05, 0.014436, -0.00181201, -0.000451265, 0.0145261, -0.00132374, -0.00117276, 0.0158116, -0.0014385, 0.000335563, 0.0167115, -0.000853204, 0.000521137, 0.0165731, -0.000411606, -0.000342783, 0.0169995, -0.0001552, 7.08868e-05, 0.0173176, 0.000123465, 0.00044423, 0.0176287, 0.000755748, 0.00056505, 0.0178173, 0.000947165, 0.00134489, 0.0178433, 0.00116914, 0.00144692, 0.0177452, 0.00251837, 0.00139074, 0.0173282, 0.00403748, 0.00167813, 0.0179074, 0.0027322, 0.00165316, 0.0185691, 0.00173576, 0.00167716, 0.0169415, 0.00327861, 0.00197605, 0.0165018, 0.00354366, 0.00211702, 0.0173305, 0.00275157, 0.00250334, 0.01743, 0.00330568, 0.00158492, 0.0190664, 0.00259377, 0.00143687, 0.0203653, 0.00195362, 0.00141923, 0.0211087, 0.00217744, 0.000509874, 0.0221346, 0.000956061, 0.00123506, 0.0215692, 0.00107171, 0.00178391, 0.0239277, 4.74103e-05, -0.000747508, 0.0260346, -0.00196607, -0.00279776, 0.0257936, -0.0024771, -0.00140381, 0.0265214, -0.00463399, -0.00317627, 0.0265887, -0.00539168, -0.0038238, 0.0265596, -0.00604143, -0.00308706, 0.0258182, -0.00736153, -0.00524942, 0.0251161, -0.00858665, -0.00599022, 0.0228172, -0.0111367, -0.00881165, 0.0254578, -0.00833213, -0.00671788, 0.0299284, -0.00541562, -0.00242539, 0.026303, -0.00742099, -0.00612045, 0.0261422, -0.00751792, -0.00629926, 0.0279394, -0.00575522, -0.00487075, 0.0278985, -0.00563344, -0.00513795, 0.0306876, -0.00183341, -0.00170855, 0.0315234, -0.000219278, -0.000684216, 0.033067, 0.00335251, 0.00236475, 0.0329357, 0.00311111, 0.0017287, 0.0322262, -0.00441792, -0.00480992, 0.0320441, 0.00460147, 0.00313324, 0.0319874, 0.0099438, 0.00800066, 0.0324626, 0.00362453, 0.00241107, 0.0324949, 0.003299, 0.00238075, 0.0330572, -1.08852e-05, -4.09185e-06, 
0.0114179, -0.00425694, -0.00100029, 0.0116437, -0.00395411, -0.0005538, 0.011851, -0.00371518, -0.000694838, 0.0119121, -0.00365647, -0.000911294, 0.0121909, -0.00332278, -0.000404974, 0.0125111, -0.0029836, -0.000269693, 0.0126353, -0.00282613, -0.000814135, 0.0129514, -0.00254526, -0.000829487, 0.0130794, -0.00250541, -0.000545632, 0.0135589, -0.00215678, -0.000572178, 0.0140816, -0.00205023, 5.03181e-06, 0.0136199, -0.002245, -0.000163293, 0.0144555, -0.00152863, -0.000590171, 0.0159042, -0.000671231, -0.000610238, 0.0155163, -0.00126231, -8.00569e-05, 0.0151234, -0.00162224, 5.9507e-06, 0.0162788, -0.000693707, 0.000238025, 0.0173245, 0.00035707, 0.000518104, 0.0169419, -8.2716e-05, 0.000271515, 0.0172794, 0.00057304, 0.000400603, 0.0174967, 0.000974544, 0.00096433, 0.0175294, 0.00119743, 0.00111189, 0.0175274, 0.00187605, 0.000486719, 0.0170591, 0.00241901, 0.00255343, 0.016824, 0.00308565, 0.00238223, 0.0175345, 0.00310443, 0.000750769, 0.0172514, 0.00270279, 0.00181154, 0.0164754, 0.00294125, 0.00240459, 0.0180096, 0.0023814, 0.00178372, 0.0178131, 0.00263678, 0.00154822, 0.0171292, 0.0026803, 0.00196375, 0.0191597, 0.00236868, 0.0010323, 0.0215582, 0.00161637, 0.000389315, 0.0227307, 0.00103575, 0.000200329, 0.0197872, 0.00228057, 0.00181529, 0.0216392, 0.000674364, 0.00112576, 0.0254149, -0.00238852, -0.00248584, 0.0252803, -0.00253748, -0.00191691, 0.0258231, -0.00426284, -0.00239869, 0.0260742, -0.00560765, -0.00381272, 0.0261147, -0.00525095, -0.00335165, 0.0259096, -0.00555128, -0.00421961, 0.0255617, -0.00643513, -0.00424438, 0.0224752, -0.0101549, -0.0076724, 0.0217753, -0.0107784, -0.00844376, 0.0287302, -0.00505972, -0.00319788, 0.0272479, -0.00589883, -0.00450321, 0.0241371, -0.00834188, -0.00665418, 0.0272165, -0.00562352, -0.00447825, 0.0269652, -0.00582596, -0.004748, 0.0286382, -0.00357157, -0.00335325, 0.0301967, -0.00122923, -0.00150971, 0.0316166, 0.00162688, 0.000525414, 0.0329517, 0.00524244, 0.00329334, 0.0317289, -0.00106889, -0.00144031, 0.0317819, 0.000396755, -5.89797e-05, 0.0315912, 0.00889088, 0.00591954, 0.0318153, 0.00585777, 0.00399485, 0.0319103, 0.00531626, 0.00326773, 0.0324117, 0.00248845, 0.00153022, 0.0330541, -1.6988e-05, -8.07698e-06, 
0.011595, -0.00371153, -0.000388085, 0.0113324, -0.00404205, -0.000665863, 0.0116433, -0.00369843, -0.000999912, 0.0121621, -0.00309226, -0.000850724, 0.0121632, -0.00307317, -0.000294886, 0.0119582, -0.00328872, -0.000220349, 0.0122356, -0.00299949, -0.000565906, 0.0128671, -0.0024397, -0.000686329, 0.013435, -0.00202615, -0.000579064, 0.0135635, -0.00195867, -0.000508065, 0.0133596, -0.00215384, -0.000346074, 0.013715, -0.00194385, -0.000354095, 0.0145685, -0.00138678, -0.000504007, 0.015543, -0.00127797, 0.000234278, 0.0155073, -0.00134476, 0.000303792, 0.0151464, -0.000809767, -0.000916391, 0.0157145, -0.000843778, -7.7417e-05, 0.0166187, -0.000479717, 0.000955015, 0.0164436, -3.38714e-05, -0.000151351, 0.0169645, 0.000634592, 0.000536192, 0.0174854, 0.00170341, 0.00151988, 0.0173089, 0.000847791, 0.000561407, 0.0173228, 0.000790758, 0.000356615, 0.0166878, 0.00242322, 0.00205222, 0.0158141, 0.00391019, 0.00298234, 0.0172174, 0.00246687, 0.00186041, 0.0186513, 0.00177833, 0.000576644, 0.0165016, 0.00275747, 0.00168533, 0.017328, 0.00234606, 0.00153601, 0.0176685, 0.00242088, 0.00117035, 0.0157797, 0.00276925, 0.00190323, 0.0174791, 0.00241012, 0.00133449, 0.0203475, 0.00147944, 0.00074784, 0.0238715, 0.000229232, -0.000213689, 0.0212886, 0.00134362, 0.000823557, 0.0194135, 0.00230735, 0.00213565, 0.0238577, -0.00133947, -0.00131132, 0.0250283, -0.00297393, -0.00216277, 0.0247284, -0.00259678, -0.00140815, 0.0254437, -0.00559471, -0.0040996, 0.0254487, -0.00541518, -0.00387753, 0.0256052, -0.00495954, -0.00334706, 0.025195, -0.00566526, -0.00402845, 0.0237054, -0.00763902, -0.00552826, 0.0207015, -0.010992, -0.00783775, 0.0245213, -0.00730574, -0.00553646, 0.0270545, -0.00527569, -0.00420042, 0.0244107, -0.00721657, -0.00581394, 0.0261717, -0.00582085, -0.00468606, 0.0266536, -0.00548212, -0.00423035, 0.0270735, -0.00510731, -0.00378573, 0.0288984, -0.0026403, -0.00213858, 0.0306957, 0.000801359, -0.000598211, 0.0339744, 0.00908254, 0.00271213, 0.0321323, 0.000595957, 0.00121301, 0.0317841, -0.00954416, -0.00153032, 0.031017, 0.00844233, 0.00369656, 0.0309246, 0.010535, 0.00498227, 0.0313893, 0.00649483, 0.00365193, 0.0311875, 0.00809087, 0.00368694, 0.0322303, 0.00274849, 0.00199783, 0.033063, -1.72125e-05, -1.06152e-05, 
0.0110619, -0.00409601, -0.000210098, 0.0114586, -0.00367943, -0.000895341, 0.0117782, -0.00330412, -0.000853548, 0.0119325, -0.00309841, -0.000301702, 0.0118837, -0.00315041, -0.000266418, 0.011973, -0.00305541, -0.000739625, 0.012301, -0.00273711, -0.00088589, 0.0125837, -0.00254896, -0.000486938, 0.0131443, -0.00222349, -4.53903e-05, 0.0134443, -0.00188779, -0.000471272, 0.0139801, -0.00167819, -0.000171286, 0.0137947, -0.0016349, -0.000474511, 0.0133127, -0.00180724, -0.000634397, 0.0150254, -0.00126627, 4.80172e-05, 0.016342, -0.000696475, 0.000380172, 0.0153802, -0.00105663, -0.000114814, 0.0142521, -0.0015019, -0.000956919, 0.0159668, -0.000311189, 0.00015177, 0.0169043, 0.000480811, 0.00105691, 0.0166184, 0.00033704, 0.000362864, 0.0173868, 0.00179725, 0.00178871, 0.0172006, 0.000952563, 0.00102424, 0.0172774, 0.000329408, -0.00010896, 0.016982, 0.000959351, 0.000880997, 0.0153315, 0.00380978, 0.00263323, 0.0155751, 0.00344789, 0.00258601, 0.0186611, 0.00150977, 0.000415337, 0.0169146, 0.00215914, 0.00152482, 0.0162821, 0.00251176, 0.00157357, 0.0181409, 0.00214784, 0.000800299, 0.0162877, 0.00236675, 0.00161107, 0.016916, 0.00227375, 0.00136815, 0.018861, 0.001694, 0.000989734, 0.0220352, 0.000531975, 0.000347294, 0.0229425, 0.000199942, -1.1753e-05, 0.0194819, 0.00227965, 0.00142541, 0.0218242, 0.000209384, 0.000182887, 0.0243129, -0.00266884, -0.00188044, 0.023892, -0.00185948, -0.00139283, 0.0246843, -0.0048458, -0.00330224, 0.0247252, -0.00637743, -0.00403496, 0.024955, -0.00521332, -0.00349085, 0.0254101, -0.00344013, -0.00407391, 0.0245538, -0.00503725, -0.00431713, 0.0186539, -0.0134271, -0.00658569, 0.0205928, -0.0106101, -0.00654149, 0.0292714, -0.00175372, -0.00494348, 0.0255667, -0.00551662, -0.00507548, 0.0247966, -0.00664771, -0.00470438, 0.0273908, -0.00416648, -0.00378132, 0.0251057, -0.00741491, -0.00388464, 0.0269277, -0.00451051, -0.00336975, 0.0283693, -0.00249069, -0.0017972, 0.03351, 0.00758571, 0.0037723, 0.0342065, 0.00951818, 0.00447382, 0.0311969, -0.0101908, -0.00531259, 0.030909, 4.38946e-05, -0.000196358, 0.0304402, 0.01283, 0.00724408, 0.0310055, 0.0069311, 0.0040817, 0.030368, 0.0110297, 0.00663558, 0.0314165, 0.00584996, 0.00356537, 0.0320535, 0.00342559, 0.00209519, 0.033099, -1.19624e-05, -7.60296e-06, 
0.011278, -0.00365034, -0.000680166, 0.0114518, -0.00344039, -0.000528299, 0.0112814, -0.00364412, -0.000645713, 0.0115229, -0.00337063, -0.000582468, 0.0122246, -0.00261713, -0.000355391, 0.0123452, -0.00249577, -0.000409049, 0.0119948, -0.00280169, -0.00069814, 0.0122396, -0.002585, -0.000794179, 0.0136985, -0.00168455, 1.55845e-05, 0.0130399, -0.00210111, -3.7594e-05, 0.0131902, -0.00186734, -0.000398139, 0.0142284, -0.00135566, -0.000282836, 0.0132061, -0.0017025, -0.00063574, 0.0136923, -0.00152439, -0.000490067, 0.016648, -0.000545934, 0.000638926, 0.0160989, -0.000657677, 0.00023946, 0.0143223, -0.00144424, -0.000855427, 0.0154292, -0.000702701, -0.000141349, 0.0165716, 0.00023273, 0.000941994, 0.0161008, -0.000229285, 0.000210655, 0.017009, 0.00163573, 0.0015394, 0.0170288, 0.00173308, 0.00158279, 0.0171122, 0.000348274, 0.000170627, 0.0170548, 0.00040156, 0.000476158, 0.015763, 0.00280647, 0.0016069, 0.0146917, 0.00380487, 0.00267728, 0.0175494, 0.00173772, 0.000956255, 0.0175022, 0.00175473, 0.000987335, 0.0154357, 0.00257079, 0.00161362, 0.0182631, 0.00164289, 0.00106897, 0.0179727, 0.0015751, 0.00133662, 0.0157012, 0.00266752, 0.000997454, 0.0164694, 0.00262019, 0.00061406, 0.0213403, 3.17905e-05, 0.00100541, 0.0248545, -0.00172508, 0.000617526, 0.0192278, 0.00298394, 0.000405322, 0.019048, 0.00328099, 0.000300459, 0.0237386, -0.00331452, -0.00127337, 0.0234026, -0.00250084, -0.0012562, 0.0237905, -0.00349557, -0.00223931, 0.0241916, -0.00796298, -0.0044118, 0.0243876, -0.00594879, -0.00477467, 0.0253512, -0.00348662, -0.00340304, 0.0265555, -0.00163233, -0.00235495, 0.0201423, -0.00910384, -0.00666462, 0.0155454, -0.0146633, -0.00844418, 0.0269468, -0.00405865, -0.00396439, 0.0277797, -0.00358275, -0.0034759, 0.0236791, -0.00685543, -0.00472712, 0.0276517, -0.00355872, -0.00334501, 0.0244818, -0.0067998, -0.00431535, 0.0253289, -0.00552077, -0.00423479, 0.0263186, -0.0039582, -0.00375108, 0.0303929, 0.00198232, 0.00156637, 0.0359481, 0.0120013, 0.00934044, 0.0308539, -0.00173613, -0.00350768, 0.0306322, -0.00512168, -0.00723355, 0.030237, 0.00963434, 0.00686751, 0.0303497, 0.00817975, 0.00530235, 0.0299911, 0.0102014, 0.00749119, 0.0302581, 0.00875478, 0.00654416, 0.0311894, 0.00546375, 0.00357652, 0.0317471, 0.00353665, 0.00255045, 0.0330742, -2.04441e-05, -1.16425e-05, 
0.0111256, -0.00362665, -0.00056918, 0.0114427, -0.00325715, -0.00039548, 0.0111529, -0.00360789, -0.000757903, 0.0112137, -0.00355073, -0.000939527, 0.0123429, -0.00235464, -0.000289993, 0.0129609, -0.00175542, 0.000227096, 0.0120229, -0.00256839, -0.000331693, 0.0113168, -0.00305771, -0.00101529, 0.0132804, -0.00181393, -0.00014732, 0.0129335, -0.00195317, -0.000414041, 0.0133413, -0.00166194, -0.000548755, 0.0148417, -0.00120052, 0.000151122, 0.0134032, -0.00166389, -0.000335545, 0.0127, -0.00182895, -0.000679434, 0.0159885, -0.00060988, 0.000323623, 0.0158786, -0.000572214, 0.00015453, 0.0149777, -0.00117399, -4.43315e-05, 0.0152765, -0.000757421, -0.000199429, 0.0163215, 0.000257009, 0.000495656, 0.0158125, -0.000683097, 0.000463389, 0.0162081, 0.000384873, 0.000557091, 0.0169647, 0.00380081, 0.00210858, 0.0170155, 0.000795288, 0.000494701, 0.0173975, -0.00132806, 0.000705431, 0.0161881, 0.0014365, 0.00102393, 0.0137842, 0.00495156, 0.00167587, 0.0161139, 0.00238739, 0.00147957, 0.0183048, 0.000737621, 0.00136507, 0.0154217, 0.00235037, 0.00145183, 0.0178209, 0.0015019, 0.00111898, 0.0193444, 0.0011284, 0.000869211, 0.0148503, 0.00287101, 0.000609599, 0.0141656, 0.00276369, 0.00114647, 0.0186859, 0.000990329, 0.00069308, 0.0256926, -0.00207014, -0.00031407, 0.0222589, -0.000353637, 0.000644487, 0.0173421, 0.00424564, 0.00152991, 0.0221546, -0.00126324, -0.00108383, 0.0230262, -0.00271929, -0.0016981, 0.0226501, -0.00143076, -0.00145676, 0.0235335, -0.00788526, -0.00480845, 0.0235991, -0.00669488, -0.0054071, 0.0243683, -0.00471206, -0.0036026, 0.0264647, -0.00194284, -0.000550825, 0.0239985, -0.00396597, -0.00336994, 0.0141237, -0.0129953, -0.0105658, 0.0210209, -0.00774125, -0.00572729, 0.0282729, -0.0037378, -0.00130528, 0.0227821, -0.00668884, -0.00438611, 0.0266322, -0.00399355, -0.00281527, 0.0256987, -0.00439165, -0.0036601, 0.0234949, -0.00593354, -0.00561835, 0.0250745, -0.00496018, -0.00335749, 0.0266487, -0.00216123, -0.00257476, 0.0337699, 0.0106803, 0.00458351, 0.0318916, 0.00572049, 0.00288632, 0.0297481, -0.007984, -0.00338561, 0.0299623, 0.00490529, 0.00344518, 0.0298232, 0.00876969, 0.00501989, 0.0299095, 0.00782854, 0.00533368, 0.0291989, 0.0120048, 0.00704867, 0.0304296, 0.00681685, 0.00451891, 0.0305994, 0.00653927, 0.00373213, 0.0317657, 0.00306592, 0.00206764, 0.0330874, -1.97715e-05, -1.23843e-05, 
0.011604, -0.00296812, -0.000369421, 0.0113972, -0.00319967, -0.000426761, 0.0109187, -0.0037461, -0.000786993, 0.0109565, -0.00370793, -0.000835877, 0.0121583, -0.00244873, -0.000185519, 0.0130596, -0.00157726, 0.000123882, 0.0123406, -0.00218221, -0.000362269, 0.011463, -0.00283153, -0.000745344, 0.0126152, -0.0020467, -0.000560345, 0.0128301, -0.00195262, -0.00042689, 0.0135285, -0.00169607, -6.97088e-05, 0.0149444, -0.000916909, -0.000160146, 0.0139539, -0.00134624, -0.000253733, 0.0113925, -0.00252285, -0.0004542, 0.0153089, -0.000654288, 6.73586e-05, 0.0163905, 0.000152305, -0.000115771, 0.0156998, -0.000667508, 0.000319676, 0.0146931, -0.00165273, 0.000237535, 0.0158131, -0.000190194, 0.000327276, 0.0158493, -3.98533e-05, 0.000190622, 0.0156206, -0.000449315, -0.000172567, 0.0168498, 0.00459949, 0.00263211, 0.0168146, 0.00164736, 0.00153069, 0.017464, -0.000947573, 0.000234391, 0.0175657, -0.000977112, -7.87216e-05, 0.0141645, 0.00315304, 0.00190666, 0.0134665, 0.00407158, 0.00177185, 0.0175093, 0.00145359, 0.000791437, 0.0156493, 0.00213193, 0.00137023, 0.0170196, 0.0016191, 0.00123316, 0.0207145, 0.000585963, 0.000898587, 0.0155087, 0.00239163, 0.00061017, 0.0141819, 0.00217527, 0.00160768, 0.0155955, 0.00163415, 0.00149766, 0.0226556, -0.000122872, -0.00118672, 0.0262712, -0.00225987, -0.00141866, 0.0186358, 0.00232441, 0.00209205, 0.0202552, 0.000910052, 0.000902551, 0.0233394, -0.00291341, -0.00225402, 0.0223456, -0.000499473, -0.00102227, 0.0233431, -0.00571507, -0.00465494, 0.0232628, -0.00813619, -0.00590972, 0.0238111, -0.00672061, -0.00385357, 0.0249221, -0.00404329, -0.00361122, 0.0264972, -0.00230344, -0.00232319, 0.018109, -0.011065, -0.00603644, 0.0169024, -0.0117759, -0.00715051, 0.0258289, -0.00468739, -0.00442003, 0.0235149, -0.00603404, -0.00543609, 0.0250987, -0.00534312, -0.00433316, 0.0282055, -0.00290473, -0.0035154, 0.0259947, -0.00505951, -0.00402844, 0.0262546, -0.00520541, -0.00333298, 0.0252634, -0.00671277, -0.00379563, 0.0337583, 0.00736756, 0.00324689, 0.0391396, 0.0172621, 0.00787776, 0.0331206, -0.00334828, -0.000845949, 0.0331872, -0.00223984, -1.70105e-05, 0.0329123, 0.00937142, 0.00608336, 0.033145, 0.00710335, 0.00509796, 0.0318026, 0.0150683, 0.00899785, 0.0322758, 0.012595, 0.00798218, 0.032553, 0.0116364, 0.00741053, 0.0345061, 0.0057749, 0.0038653, 0.0407587, -0.00891697, -0.00533027, 0.0309257, 0.0201061, 0.0126197, 0.0325753, -1.84383e-05, -2.01152e-05, 
0.0114821, -0.002969, -1.29358e-05, 0.011305, -0.00319948, -0.000673776, 0.011093, -0.00342816, -0.000697403, 0.011037, -0.00347299, -0.000396164, 0.0118623, -0.0026232, -0.000292731, 0.0129839, -0.001551, -0.000367042, 0.0126264, -0.0018548, -0.000418973, 0.0113772, -0.00283764, -0.000320524, 0.011844, -0.00248905, -0.000405772, 0.0129791, -0.00175379, -0.000523633, 0.0140423, -0.00129539, -0.000168838, 0.014624, -0.000956464, -0.000256274, 0.0143673, -0.00122772, 2.20049e-05, 0.0112781, -0.00247362, -0.00039637, 0.0134362, -0.00130782, -0.000328229, 0.016177, -4.64487e-05, 0.000372751, 0.0173944, 0.00069868, 0.000629727, 0.0149062, -0.00114695, -0.000304703, 0.0148924, -0.00139522, 6.05168e-05, 0.0159007, 0.000143694, 0.000469837, 0.015185, -0.0012612, -0.000381375, 0.0163139, 0.00330121, 0.00223882, 0.0162867, 0.00251548, 0.00226706, 0.0167251, 0.00109576, 0.000697659, 0.0183467, -0.00137373, -0.00159958, 0.0162272, 0.000233696, 0.000951719, 0.0115759, 0.0042571, 0.00299397, 0.0156532, 0.00214388, 0.00111412, 0.0169273, 0.00154811, 0.000913218, 0.0158628, 0.00205401, 0.000855332, 0.0201416, 0.000809794, 0.000591286, 0.0172817, 0.001148, 0.00124916, 0.0154297, 0.00173289, 0.00125067, 0.0146014, 0.00252576, 0.000594973, 0.0180311, 0.000798596, 0.000614751, 0.0260209, -0.00299542, -0.000893397, 0.0214983, 0.000467324, -0.000421031, 0.0191572, 0.00272675, 0.000579508, 0.0227713, -0.00216562, -0.00181765, 0.022059, -0.000932799, -0.000695697, 0.022493, -0.00298577, -0.00187217, 0.022475, -0.00776874, -0.00456168, 0.0223155, -0.00857743, -0.00485326, 0.0231841, -0.00613918, -0.00470128, 0.0284041, 0.000945156, -0.00168647, 0.021576, -0.00598777, -0.00450423, 0.0119429, -0.0154073, -0.00812338, 0.0221117, -0.00660877, -0.00514632, 0.0252203, -0.00438599, -0.00449186, 0.0230498, -0.00610498, -0.00465964, 0.0295726, -0.00159806, -0.00311283, 0.0268786, -0.00418085, -0.00310602, 0.0261485, -0.00482308, -0.00344826, 0.023965, -0.00733127, -0.00476391, 0.0277205, -0.00213512, -0.0012111, 0.0391824, 0.0163155, 0.00918463, 0.0337338, 0.00461926, 0.00274521, 0.0320765, -0.00487629, -0.00305413, 0.0323598, 0.00888616, 0.005365, 0.0325308, 0.00641547, 0.00413585, 0.0317625, 0.0110378, 0.00736577, 0.0311006, 0.0144188, 0.0094513, 0.0318089, 0.0117251, 0.00785433, 0.0317366, 0.0119401, 0.00800921, 0.0402388, -0.00752882, -0.00510247, 0.0349764, 0.00302629, 0.00237897, 0.0295421, 0.0286867, 0.0196254, 0.0334761, 3.17851e-05, 2.26053e-05, 
0.011587, -0.00273649, -0.000572129, 0.0111453, -0.00319228, -0.0004257, 0.0110503, -0.00328166, -0.000253883, 0.0112115, -0.00312046, -0.000384613, 0.0116115, -0.0027198, -0.000675634, 0.0124583, -0.00192137, -0.000444002, 0.012989, -0.00150244, -6.76365e-05, 0.0122435, -0.00202923, -0.000317527, 0.0107506, -0.00298329, -0.000690205, 0.0128811, -0.00188265, -2.99688e-05, 0.0142508, -0.0010229, -0.000280807, 0.0136137, -0.00132571, -0.000308222, 0.0148065, -0.0010493, 0.000157366, 0.0134265, -0.00144734, -0.000241868, 0.0118318, -0.00186256, -0.000962204, 0.0145897, -0.000943217, 0.000261354, 0.0181488, 0.000821682, 0.00160143, 0.0158139, -0.000240879, -0.0001748, 0.0140403, -0.0020201, -0.000919421, 0.0159434, 0.000269455, 0.000725096, 0.0152448, -0.000922877, -0.000306332, 0.0156797, 0.000535095, 0.00124599, 0.0157994, 0.00352799, 0.00213374, 0.0160677, 0.0024311, 0.00130325, 0.017733, -0.00107632, -4.11878e-05, 0.0178766, -0.00110405, -0.000333657, 0.0124202, 0.00374273, 0.00159995, 0.0139304, 0.00244834, 0.0016668, 0.0178432, 0.000702753, 0.000895432, 0.014849, 0.00188363, 0.00106508, 0.0169595, 0.00121778, 0.00101828, 0.0201179, 0.000510575, 0.00089279, 0.0180505, 0.00122127, 0.000679209, 0.0130395, 0.00331244, 0.000286187, 0.0141293, 0.00264191, 0.000482727, 0.0255824, -0.00333111, -0.000651501, 0.0248613, -0.00277175, -0.00067514, 0.017814, 0.00393105, 0.00123017, 0.0210072, -0.000259354, -0.000605742, 0.0218188, -0.00198741, -0.00120491, 0.0214948, -0.000355163, -0.000856562, 0.021676, -0.006833, -0.0036788, 0.0212378, -0.00912068, -0.00576186, 0.0213402, -0.00865143, -0.00595123, 0.0264677, -0.00144366, -0.00176243, 0.027269, -0.00030834, -0.00190384, 0.0136022, -0.011947, -0.00751517, 0.016675, -0.00946806, -0.00642791, 0.0253826, -0.00393584, -0.00369191, 0.0214883, -0.0064372, -0.00459921, 0.0265955, -0.00347309, -0.00294524, 0.0279238, -0.00276984, -0.00237071, 0.0266483, -0.00368398, -0.00293703, 0.0236039, -0.00647993, -0.00468649, 0.022196, -0.00822671, -0.00581784, 0.0356678, 0.0111809, 0.00685866, 0.0371303, 0.0134478, 0.00843651, 0.0310865, -0.00481253, -0.00373458, 0.0318027, 0.00268764, 0.00131667, 0.0317137, 0.00737502, 0.0045728, 0.0317037, 0.00731065, 0.00488828, 0.0304584, 0.0135093, 0.0092897, 0.0308013, 0.0121469, 0.00827912, 0.0296352, 0.0159271, 0.0109062, 0.0360078, -0.000694315, -0.000198015, 0.0400605, -0.00817104, -0.0051859, 0.0276663, 0.0254033, 0.0170458, 0.0297525, 0.01403, 0.00964652, 0.0331668, 1.54143e-06, 1.13976e-06, 
0.0114363, -0.00274502, -0.000611738, 0.0107607, -0.00341859, -0.000401317, 0.0113135, -0.00283918, -0.000138328, 0.0120807, -0.00205953, -0.000266306, 0.0114425, -0.00271696, -0.000816745, 0.0110732, -0.00306451, -0.000671265, 0.0125776, -0.00188018, 0.000200185, 0.013481, -0.001219, 0.000216068, 0.0109356, -0.00261871, -0.00123614, 0.012863, -0.0017708, -0.000187873, 0.0141517, -0.00113772, -2.71291e-07, 0.0124207, -0.00184228, -0.000268512, 0.0145443, -0.0011189, 9.48785e-05, 0.0156753, -0.000513354, -8.67483e-05, 0.0113264, -0.00246115, -0.000591838, 0.0137914, -0.00115585, -0.000273599, 0.0169848, 0.000576174, 0.000706101, 0.0161133, -0.000108948, 0.00052257, 0.0143359, -0.00171413, -0.00037487, 0.0160005, 0.000420028, 0.000735963, 0.0158282, 0.00020152, 0.000383837, 0.0150716, -0.00274526, -0.00126924, 0.0153054, 0.00367788, 0.00205478, 0.0151449, 0.00454473, 0.00241625, 0.0172891, -0.000373986, 0.000763039, 0.0192464, -0.00290518, -0.000141684, 0.0136056, 0.00243835, 0.00108152, 0.0118716, 0.00375041, 0.00126647, 0.0179568, 0.000562921, 0.000655508, 0.0151252, 0.00158351, 0.000915199, 0.0147083, 0.00179482, 0.000798395, 0.0215965, 9.91156e-05, 0.000905427, 0.0196163, 0.000878496, 0.000457559, 0.0142282, 0.00243043, 0.000688179, 0.0118399, 0.00318851, 0.00114261, 0.0200539, -0.000495488, -0.00056972, 0.026311, -0.00427483, -0.0015972, 0.0192115, 0.00125654, 0.000759216, 0.0199555, 0.000582294, 8.45768e-05, 0.0224173, -0.00363739, -0.00217708, 0.0210674, 0.0010664, 1.1498e-06, 0.0212922, -0.00298584, -0.0020247, 0.0205084, -0.00831398, -0.00561733, 0.0199143, -0.00983519, -0.00672822, 0.0231718, -0.00480388, -0.00361314, 0.0301305, 0.0019156, 0.000416851, 0.0178966, -0.00736632, -0.00497072, 0.0123581, -0.0112292, -0.007618, 0.0231529, -0.00458318, -0.00364208, 0.0205064, -0.00611224, -0.00435076, 0.0231167, -0.00474219, -0.0034558, 0.0292221, -0.00139917, -0.00162299, 0.0269289, -0.00277553, -0.00251194, 0.0251364, -0.00420932, -0.00329848, 0.0191327, -0.0105797, -0.0072806, 0.0281755, 0.00183916, 0.000626685, 0.0385223, 0.0165855, 0.0100652, 0.0307587, 0.000259534, -7.40722e-05, 0.0305978, -0.000664107, -0.000567569, 0.0308933, 0.00589418, 0.00351236, 0.0312004, 0.00262992, 0.00184912, 0.0293109, 0.0123457, 0.00838221, 0.0293421, 0.012222, 0.0082829, 0.0285486, 0.0148143, 0.0103302, 0.0304671, 0.00921472, 0.00632488, 0.0392446, -0.0083285, -0.00568274, 0.0292086, 0.0120254, 0.00848728, 0.026953, 0.0200314, 0.0139661, 0.0315515, 0.00472867, 0.00330561, 0.0331276, -6.39664e-06, -4.66859e-06, 
