0.024868, 0, 0, 0.024868, 0, 0, 0.024868, 0, 0, 0.024868, 0, 0, 0.024868, 0, 0, 0.024868, 0, 0, 0.024868, 0, 0, 0.024868, 0, 0, 
0.0118478, -0.000347441, -3.05749e-05, 0.0118498, 1.80289e-05, -6.25675e-05, 0.0118561, 0.000569033, -0.000122462, 0.0118558, 0.000547341, 5.03922e-05, 0.0119218, -0.00138949, 0.000691999, 0.0119665, -0.00176733, -0.000215278, 0.0119423, 0.000975343, -0.00382981, 0.0110498, -0.00450947, -0.00377051, 0.011422, -0.00611522, 0.000337232, 0.0195528, 0.000643923, 0.00217124, 
0.00900572, -0.000211021, -0.000484398, 0.00902467, 0.000290096, -1.15329e-05, 0.00903797, 0.000519258, 0.000409666, 0.00903892, -2.43984e-05, 0.000518285, 0.00910283, -0.000848787, 0.000224105, 0.00907827, -0.000387294, -0.000380669, 0.00930962, 0.00104318, -0.00226078, 0.00977825, 0.00055848, -0.00591399, 0.0091209, -0.00204503, -0.0066693, 0.0115678, -0.00183707, -0.00182316, 0.0211138, -0.00115333, 0.00279744, 
0.00970532, 6.08458e-05, -0.000693103, 0.0097464, 0.000366699, -5.11653e-05, 0.00977999, 0.000609282, 0.000434579, 0.00980802, 0.000387222, 0.000940276, 0.00996876, -0.000846167, 0.00201718, 0.0103263, -0.00162378, 0.000599715, 0.0121303, 0.000305012, -0.00491031, 0.00961278, -0.00126843, 0.00113768, 0.0111814, 0.00342743, -0.000399707, 0.0108178, 0.00700499, -0.00122392, 0.00767036, 0.0138355, -0.00579665, 0.00840708, 0.0120671, -0.00774673, 0.0204218, -0.00233287, -0.00106463, 
0.00628125, 0.000486444, -0.000613126, 0.00633326, 0.000542456, -3.84033e-06, 0.0063779, 0.000262839, 0.000679617, 0.00645915, -0.000761593, 0.00122612, 0.00659563, -0.00154125, 0.000528692, 0.00680251, -0.000963489, -0.00119433, 0.00680598, -0.000197957, -0.00128212, 0.00631773, 3.0098e-05, 0.000421141, 0.00783506, 0.00198563, 0.00070629, 0.00837653, 0.00650606, -0.000566835, 0.00769755, 0.00953352, -0.00155862, 0.00798999, 0.008651, -0.00184944, 0.0109197, 0.00409581, -0.00199835, 0.0221196, -0.00247543, -0.00127522, 
0.0052012, 0.0010571, -0.000410845, 0.00525308, 0.000563952, 0.000218083, 0.00530512, -0.000106456, 0.000778523, 0.00538515, -0.000961863, 0.000896084, 0.00551304, -0.00147215, 0.000255905, 0.00576198, -0.00147133, -0.000674868, 0.00592088, -0.00273686, -0.000875468, 0.00750276, -0.00107008, -0.0019891, 0.0229574, 0.0107643, -0.00484261, 0.0106911, -0.0043784, -0.00590059, 0.0127633, 0.0019297, -0.00337177, 0.0125347, 0.00824025, 0.00144831, 0.0124676, 0.00901988, 0.00482593, 0.00825901, 0.0155676, 0.012012, 0.0115877, 0.00783959, 0.00751988, 0.0204987, -0.000965865, -0.000930294, 
0.00334038, 0.00125898, -4.48437e-05, 0.00339039, 0.000349058, 0.000330351, 0.00343474, -0.000446877, 0.000532492, 0.00350116, -0.00109922, 0.000367213, 0.00370818, -0.00181303, 0.0001532, 0.00394867, -0.00211899, -0.000287719, 0.00466849, -0.000617471, -0.00144437, 0.00614096, 0.000784012, -0.0018461, 0.00588553, 0.000577941, -0.00146312, 0.0061769, 0.000897183, -0.00150047, 0.0066382, 0.00204423, -0.00147724, 0.00723837, 0.00509558, -0.000409993, 0.00700786, 0.00864592, 0.00174335, 0.00671485, 0.00966952, 0.00316754, 0.00757798, 0.00816301, 0.00361041, 0.0113561, 0.00364343, 0.00211351, 0.0225803, -0.00196748, -0.00110747, 
0.00290825, 0.00121462, 0.000312931, 0.00296053, 0.000356988, 0.000389698, 0.00302012, -0.000388047, 0.000452179, 0.00312788, -0.00100851, 0.000460891, 0.00324072, -0.00134553, 0.000302302, 0.00341196, -0.00127068, -0.000247828, 0.00401193, -0.00086245, -0.0010745, 0.00499522, -0.000407802, -0.00176743, 0.00546908, -0.000184364, -0.00192627, 0.00505911, -0.000905655, -0.00133248, 0.00914825, 0.00531795, -0.00198444, 0.0138907, 0.016874, -0.00154731, 0.0141076, 0.00920586, -0.000952719, 0.0183034, -0.000424238, -0.000899293, 0.01175, 0.00826642, 0.00436716, 0.00871076, 0.0106099, 0.00857829, 0.00599566, 0.012981, 0.0103347, 0.00882251, 0.00964104, 0.00803605, 0.0214638, -0.00146094, -0.00112852, 
0.00197234, 0.000882574, 0.000459993, 0.00202983, 0.000147348, 0.000380313, 0.00209355, -0.000482994, 0.000340853, 0.00218136, -0.000941355, 0.000271616, 0.00225254, -0.0010788, -9.76135e-05, 0.00244102, -0.000633142, -0.000940866, 0.00232914, 9.2317e-05, -0.000708596, 0.00246767, 0.000609249, -0.000135007, 0.00513132, 0.00171255, -0.00178903, 0.00567721, 0.00200918, -0.00187104, 0.00589165, 0.0021035, -0.00180055, 0.00648787, 0.00234939, -0.00139533, 0.00702488, 0.00209118, -0.000723145, 0.00763276, 0.00251003, 0.00040071, 0.0070146, 0.00486515, 0.00236378, 0.00503889, 0.00748851, 0.00472552, 0.00314668, 0.00912102, 0.00624544, 0.00394418, 0.00845738, 0.00589992, 0.00981342, 0.00432974, 0.00275993, 0.0233813, -0.00127685, -0.00149381, 
0.0020232, 0.000597019, 0.000593612, 0.00208834, 4.1183e-05, 0.00052772, 0.0021508, -0.000439263, 0.000480129, 0.00220626, -0.000761476, 0.00026298, 0.00224235, -0.000781301, -6.06036e-05, 0.00221639, -0.00048375, -0.000211071, 0.00236554, -1.83522e-05, -0.00032355, 0.00319342, 0.000351532, -0.000700578, 0.00438339, 0.000741182, -0.00144206, 0.00495115, 0.00107439, -0.00168776, 0.00548282, 0.001429, -0.00173622, 0.00609165, 0.00178065, -0.00152683, 0.00656253, 0.00139159, -0.000956079, 0.00757741, 0.00272692, 0.000243182, 0.00706542, 0.0120828, 0.00497339, 0.00573863, 0.0169982, 0.00926712, 0.0168216, 0.00647103, 0.00438915, 0.0258459, 0.0018601, 0.00332208, 0.00863528, 0.00500823, 0.013396, 0.00984894, 0.000794831, 0.0155947, 0.011183, 0.00296838, 0.012584, 0.0207195, 0.000369857, -0.00147539, 
0.00163199, 0.000324776, 0.00056273, 0.00167796, -6.91412e-05, 0.000437476, 0.00171382, -0.000401433, 0.000294834, 0.00174108, -0.000576094, 8.73077e-05, 0.00173595, -0.000492891, -0.000120891, 0.00169168, -0.000145453, -0.000240858, 0.00182869, 0.000322996, -0.000312048, 0.00279235, 0.000638674, -0.000830283, 0.00296087, 0.000674441, -0.000785198, 0.00188393, -0.000211191, 0.000286183, 0.00278792, 0.000755432, -0.000337962, 0.00423832, 0.00278228, -0.00109017, 0.00506998, 0.00354565, -0.000870833, 0.00576325, 0.00426037, -0.00041064, 0.0064029, 0.0047099, 0.000325297, 0.00751764, 0.00426949, 0.00120778, 0.00855044, 0.00402962, 0.00249176, 0.0086525, 0.00396044, 0.00530169, 0.00815253, 0.00301904, 0.00876691, 0.00698265, 0.0018689, 0.0114668, 0.00790126, 0.000792561, 0.0110656, 0.0121427, 0.000474018, 0.0055304, 0.0222505, 0.000677937, -0.00195322, 
0.00186137, 6.40788e-05, 0.000546086, 0.00188981, -0.0002089, 0.000392568, 0.00191201, -0.000431373, 0.000250937, 0.00192772, -0.000528362, 0.000114048, 0.00191473, -0.000441949, -1.11464e-05, 0.00195368, -0.000140303, -0.000273251, 0.0021549, 0.000233544, -0.000422507, 0.00225667, 0.00040647, -0.00026241, 0.00243436, 0.000443013, -0.000231308, 0.002746, 0.000620076, -0.000419482, 0.00311582, 0.000927484, -0.000618973, 0.00357645, 0.001453, -0.000832893, 0.00404727, 0.00210885, -0.000920391, 0.00448709, 0.00263313, -0.000741547, 0.00503595, 0.00313247, -0.000249817, 0.00570651, 0.00346705, 0.000536587, 0.00659614, 0.00347006, 0.00144877, 0.00736989, 0.00387022, 0.00478874, 0.00658481, 0.00342613, 0.0132875, 0.00966779, 0.00287564, 0.0113849, 0.0234727, 0.00683455, -0.00174143, 0.0152104, -0.00412699, 0.00730111, 0.0110425, -0.0153473, 0.0124096, 0.0144141, -0.00912845, 0.00604434, 0.021356, 0.000891523, -0.000250112, 
0.00172123, -3.75752e-05, 0.000441897, 0.00172825, -0.000184921, 0.000278872, 0.00173468, -0.000302147, 0.000149152, 0.00172983, -0.00031355, 8.523e-06, 0.00170696, -0.000175418, -0.000150491, 0.00169731, 7.78381e-05, -0.000261518, 0.0017454, 0.000328299, -0.000250232, 0.00185646, 0.000453218, -0.000165383, 0.00194756, 0.00046967, -0.000133189, 0.00216093, 0.000575906, -0.000242307, 0.00268277, 0.000956671, -0.000486961, 0.00292756, 0.00126082, -0.000649565, 0.00233766, 0.000683135, -0.000635974, 0.00219838, 0.00017008, -0.000571787, 0.00332269, 0.00160353, 0.000287052, 0.00428684, 0.00317409, 0.00172342, 0.0047892, 0.00328316, 0.00218899, 0.00527852, 0.00315512, 0.00227962, 0.00587069, 0.00305833, 0.00297114, 0.0072518, 0.00268356, 0.00325981, 0.00875017, 0.000825705, 0.0050822, 0.0101045, -0.00281073, 0.00686992, 0.0108125, -0.00630259, 0.00722888, 0.0115456, -0.00743382, 0.00584088, 0.0139969, -0.00405364, 0.00262554, 0.0220686, 0.00164431, -0.000541077, 
0.00194839, -0.000190963, 0.000337958, 0.00194693, -0.000273317, 0.000193762, 0.00194507, -0.000336067, 7.31452e-05, 0.00193851, -0.000333776, -5.48058e-05, 0.00192935, -0.000237269, -0.00020354, 0.001938, -4.43802e-05, -0.000315585, 0.00194642, 0.000147218, -0.000269141, 0.00213395, 0.000286556, -0.000230641, 0.00240381, 0.00034591, -0.000322724, 0.00215291, 0.000257901, -0.000267769, 0.00207552, 0.000248623, -0.000296834, 0.00216425, 0.000346708, -0.000345982, 0.0023678, 0.00052821, -0.000347341, 0.00273552, 0.000937325, -0.000264399, 0.0031357, 0.00150734, -1.79965e-05, 0.00345714, 0.00203767, 0.000387863, 0.00372902, 0.00244436, 0.000927067, 0.00407374, 0.00266879, 0.00156618, 0.00471822, 0.00269056, 0.00232723, 0.00584119, 0.0024198, 0.00333752, 0.00780304, 0.00124376, 0.00510245, 0.0112101, -0.00395637, 0.00954028, 0.0141676, -0.00922094, 0.0111133, 0.0200812, 0.00268592, 0.00343453, 0.0217577, 8.37733e-05, -0.00045158, 0.00973308, -0.0236789, -0.0014645, 0.0137906, -0.0128005, -0.00326978, 0.0215769, 0.000888845, 0.000138222, 
0.00184147, -0.000175175, 0.000263521, 0.00183015, -0.000191974, 0.000139185, 0.00181932, -0.0002027, 2.43398e-05, 0.00180394, -0.000160403, -9.30979e-05, 0.00178432, -6.16733e-05, -0.000161992, 0.00176258, 6.30165e-05, -0.000171681, 0.00178404, 0.000172277, -0.000163206, 0.00183897, 0.000212657, -0.000151708, 0.00183076, 0.000211026, -0.000151166, 0.00182082, 0.00021035, -0.000155158, 0.00183119, 0.000217327, -0.000159554, 0.00187195, 0.000242989, -0.000162854, 0.00196642, 0.000307217, -0.000152344, 0.0022437, 0.000549191, -7.96088e-05, 0.00267642, 0.00103445, 0.000152262, 0.0027927, 0.00116086, 0.000258779, 0.0025416, 0.000672068, -0.000283594, 0.00271311, 0.000588468, -0.000354164, 0.00383703, 0.00107144, 0.0022715, 0.00484234, 0.00095521, 0.00445995, 0.00537576, 0.00125618, 0.00350377, 0.00632388, 0.00106058, 0.00357682, 0.00761929, 0.000387579, 0.00358904, 0.0093796, -0.00176323, 0.00328011, 0.0101806, -0.00633019, 0.00244903, 0.0102505, -0.00973124, 0.000554214, 0.0105362, -0.00985108, -0.000718064, 0.0133383, -0.00520551, -0.000812463, 0.0224971, 0.00169304, 0.000462383, 
0.00207392, -0.000242688, 0.000129596, 0.00206083, -0.000243845, 1.03215e-05, 0.0020503, -0.000242826, -8.61374e-05, 0.00204289, -0.000224617, -0.000170606, 0.00204506, -0.000189152, -0.000255886, 0.00207425, -0.000110797, -0.000353251, 0.00215384, 1.72419e-05, -0.000406105, 0.00222751, 8.52763e-05, -0.000368186, 0.00205581, 4.52623e-05, -0.000271443, 0.00194696, -4.99945e-06, -0.000220408, 0.00208975, 7.56872e-05, -0.000259308, 0.00230345, 0.000249288, -0.000320272, 0.00228234, 0.000265902, -0.000344415, 0.00214835, 0.000144164, -0.00037432, 0.00217994, 0.000219698, -0.000359491, 0.00231213, 0.000467097, -0.000208509, 0.00250286, 0.000764322, 0.000114283, 0.00279721, 0.00111825, 0.000760322, 0.00317834, 0.00135968, 0.00164955, 0.00366732, 0.0013878, 0.00234806, 0.00439768, 0.00127367, 0.00295012, 0.00555871, 0.000931039, 0.00352661, 0.00737095, -7.3558e-05, 0.00416354, 0.00981323, -0.00231154, 0.00448728, 0.0130283, -0.00800733, 0.00391087, 0.015497, -0.0177942, 0.000838333, 0.0198722, -0.0101948, -0.00152702, 0.0325697, 0.00474019, -0.00136447, 0.0103513, -0.0162267, -0.0128071, 0.0107274, -0.015225, -0.0129094, 0.0208014, 0.000697836, 0.000790434, 
0.00200712, -0.000166879, 8.13147e-05, 0.00199291, -0.000143556, -7.56716e-06, 0.00198271, -0.000130929, -8.25559e-05, 0.00197362, -0.000102463, -0.000151288, 0.00196633, -4.7986e-05, -0.000207345, 0.00196957, 4.8543e-06, -0.000236812, 0.00195096, -7.06328e-06, -0.000218836, 0.00189643, -3.81478e-05, -0.000216359, 0.00194742, -2.42621e-05, -0.000272494, 0.00195628, -1.5743e-05, -0.000286523, 0.00196955, -1.85444e-06, -0.000299418, 0.00196834, 2.34003e-06, -0.000304531, 0.00194115, -2.70949e-05, -0.000299097, 0.00193518, -5.4703e-05, -0.000291927, 0.00198879, -2.8872e-05, -0.00026481, 0.00208887, 5.11349e-05, -0.000191228, 0.00223656, 0.000194629, -2.16529e-05, 0.00249699, 0.000446749, 0.000416171, 0.00283038, 0.000666221, 0.00109044, 0.00275328, 0.000644135, 0.000820321, 0.00235429, 0.000851764, -0.00040464, 0.00355079, 0.000158054, 0.00121368, 0.00594354, -0.00243517, 0.00448979, 0.00694019, -0.00249726, 0.00431382, 0.00800627, -0.00119649, 0.00326722, 0.00928838, -0.0021679, 0.00254377, 0.0107476, -0.00314686, 0.000747476, 0.0105692, -0.00617715, -0.00260873, 0.008841, -0.0092202, -0.00668751, 0.00890363, -0.00884463, -0.007616, 0.0122311, -0.00509009, -0.00452157, 0.0225984, 0.00102219, 0.0014052, 
0.0021696, -0.000133805, -3.6056e-05, 0.00215807, -0.000115948, -0.000114236, 0.00214891, -0.000101478, -0.000178287, 0.00214322, -8.50127e-05, -0.000243666, 0.00215243, -7.6644e-05, -0.000318586, 0.00219175, -5.86276e-05, -0.000409885, 0.00227288, 1.84153e-05, -0.000479866, 0.00234876, 8.24578e-05, -0.000450318, 0.00227879, 6.46649e-05, -0.000392241, 0.00222543, 4.56427e-05, -0.000379802, 0.00219753, 3.53721e-05, -0.000380146, 0.00214956, 5.73756e-06, -0.000376338, 0.00203595, -9.90872e-05, -0.000366814, 0.00201516, -0.00015016, -0.00035897, 0.00220904, 7.0738e-05, -0.000267886, 0.00238319, 0.000354113, -9.86888e-05, 0.00234126, 0.000373531, -0.000100535, 0.00221134, 0.000276023, -0.000269683, 0.0022557, 0.000345983, -7.3519e-05, 0.0024887, 0.000415655, 0.000496419, 0.00292044, 0.000368071, 0.0011881, 0.00365019, 6.16645e-05, 0.00221407, 0.00448396, -0.000391856, 0.00297695, 0.00547473, -0.000852108, 0.00332903, 0.00680042, -0.00159204, 0.00341678, 0.00865393, -0.00291806, 0.00294597, 0.0108391, -0.00520477, 0.00128319, 0.0128776, -0.00848034, -0.00266189, 0.0136026, -0.0131612, -0.0109002, 0.0154071, -0.0111047, -0.0141483, 0.0360326, 0.00418936, 0.00243213, 0.0198171, 0.000231572, -0.0108992, 0.0113956, -0.00787146, -0.0287108, 0.0203497, -0.000120896, 0.000661304, 
0.0021664, -5.22642e-05, -5.02875e-05, 0.00215641, -2.85527e-05, -0.000103566, 0.00214978, -1.71197e-05, -0.000149655, 0.00214549, -4.01676e-06, -0.000199399, 0.00214683, 2.08403e-05, -0.000252659, 0.00215954, 4.07846e-05, -0.000287699, 0.00216935, 2.30277e-05, -0.000304833, 0.00220079, 1.00337e-05, -0.00035512, 0.00221953, 1.68095e-05, -0.00039957, 0.0021379, -1.09974e-05, -0.000384013, 0.00210736, -2.72007e-05, -0.000377483, 0.00212523, -1.54315e-05, -0.000379536, 0.00213845, -4.35048e-06, -0.000379804, 0.0021401, -1.98023e-06, -0.000379794, 0.0021456, 1.13995e-05, -0.000377574, 0.00213859, 1.51453e-05, -0.000379618, 0.00212661, 1.34771e-05, -0.000385391, 0.00213615, 4.46957e-05, -0.00034109, 0.00218236, 0.000103809, -0.000185268, 0.00227976, 0.000145485, 9.29781e-05, 0.00251227, 0.000125038, 0.000587005, 0.00298911, -5.42586e-05, 0.0013483, 0.00330334, -0.000224544, 0.00170279, 0.00287577, 0.000394253, 0.0010237, 0.00349983, 0.000232127, 0.00104037, 0.00658991, -0.00398089, 0.00171408, 0.00853894, -0.00654067, 0.00113941, 0.00928742, -0.00394129, 0.00142779, 0.0105593, -0.00406158, 2.17305e-05, 0.0114328, -0.00419642, -0.00274812, 0.0116706, -0.00335679, -0.006444, 0.00938018, -0.00278389, -0.0118031, 0.0099509, -0.00129536, -0.011877, 0.0128547, -0.000696006, -0.00712201, 0.0221444, -0.000150277, 0.00163993, 
0.00221438, 1.47188e-05, -8.79229e-05, 0.00220723, 3.02268e-05, -0.000130756, 0.00220132, 4.24137e-05, -0.000168651, 0.0021979, 5.31769e-05, -0.0002105, 0.0022058, 5.30915e-05, -0.000259187, 0.00224146, 5.46269e-05, -0.000334444, 0.00232545, 9.67625e-05, -0.000417695, 0.00241284, 0.000143048, -0.000426623, 0.00236327, 0.00013079, -0.00039151, 0.00229726, 0.000106039, -0.000374251, 0.00226889, 9.11362e-05, -0.00036852, 0.00226424, 8.38459e-05, -0.000363578, 0.00225767, 6.86823e-05, -0.000356591, 0.00225458, 5.62826e-05, -0.000353598, 0.00224999, 5.46374e-05, -0.000355885, 0.00220944, 2.86521e-05, -0.000382398, 0.00214697, -1.62721e-05, -0.000438511, 0.00216485, 2.32388e-05, -0.000381714, 0.00233762, 0.000170601, -6.77284e-06, 0.0024344, 0.000225425, 0.000319934, 0.0022441, 0.000210901, 0.000136555, 0.00222353, 0.00019287, 0.00018483, 0.00262493, -6.93016e-05, 0.000771221, 0.00317866, -0.000479855, 0.00130607, 0.00402136, -0.00121212, 0.00183498, 0.00505691, -0.00227855, 0.00215644, 0.00604332, -0.0030699, 0.00201293, 0.00726577, -0.00391276, 0.00136557, 0.00880476, -0.00477702, -0.000155392, 0.0105491, -0.00533043, -0.00307572, 0.0120047, -0.00492908, -0.00763525, 0.0127482, -0.00271568, -0.0137406, 0.0131752, 0.000903541, -0.0176871, 0.0277137, 0.000717545, 0.000903964, 0.0311813, 0.00312619, 0.00418988, 0.0128257, 0.0146664, -0.0348853, 0.01973, -0.000274084, 0.000127774, 
0.00227635, 7.88844e-05, -8.13919e-05, 0.00227099, 9.36037e-05, -0.000107524, 0.00226813, 9.85825e-05, -0.000128285, 0.00226708, 0.000101071, -0.000155182, 0.00227104, 0.000112478, -0.000198927, 0.00229251, 0.000134111, -0.000252087, 0.00233592, 0.000145488, -0.00029795, 0.00238325, 0.000150055, -0.000334659, 0.00240885, 0.000155842, -0.000345041, 0.00241836, 0.000157355, -0.00034294, 0.00243635, 0.00016496, -0.000343831, 0.00243588, 0.000167138, -0.000346377, 0.00238106, 0.000131232, -0.000352912, 0.00230954, 6.82327e-05, -0.000369186, 0.00229057, 4.54868e-05, -0.00037804, 0.00230741, 7.01483e-05, -0.000362688, 0.00230925, 9.65156e-05, -0.000343037, 0.00228418, 0.00011469, -0.000325778, 0.0022471, 0.000134466, -0.000278428, 0.00219665, 0.000137654, -0.000222, 0.00217104, 0.000127114, -0.000132459, 0.00223805, 8.02612e-05, 7.77567e-05, 0.00239989, -3.86366e-05, 0.000365597, 0.00269372, -0.000284974, 0.000724013, 0.00321898, -0.000783769, 0.0011569, 0.00381543, -0.00139721, 0.00142473, 0.00384749, -0.00118673, 0.00137029, 0.00406191, -0.000742999, 0.00134419, 0.00635167, -0.00339729, -0.000842512, 0.00844102, -0.00595764, -0.00465326, 0.00923131, -0.00450169, -0.00256193, 0.0106476, -0.0035641, -0.00232095, 0.0110077, -0.0016247, -0.00569754, 0.0120353, 0.00137532, -0.00707557, 0.0105482, 0.00517508, -0.0101229, 0.0112489, 0.0065793, -0.00901034, 0.0137772, 0.00398046, -0.00504011, 0.0219688, -0.00106637, 0.00109537, 
