0.00833, 0, 0, 0.00833, 0, 0, 
0.0083432, -4.45671e-05, 5.61835e-05, 0.00833778, 4.44811e-05, -5.60751e-05, 0.00833, 0, 0, 
0.0083121, -3.69891e-05, 4.66303e-05, 0.00831526, 3.6813e-05, -4.64083e-05, 0.00833, 0, 0, 
0.00835019, 1.14025e-05, -1.43746e-05, 0.00834304, -1.16571e-05, 1.46956e-05, 0.00833, 0, 0, 
0.00831759, 4.42465e-05, -5.57794e-05, 0.00832158, -4.45825e-05, 5.62029e-05, 0.00833, 0, 0, 
0.00832961, 2.56224e-05, -3.2301e-05, 0.00833139, -2.60254e-05, 3.28089e-05, 0.00833, 0, 0, 
0.00833919, -2.09392e-05, 2.6397e-05, 0.00833838, 2.04759e-05, -2.58129e-05, 0.00833, 0, 0, 
0.00831177, -4.19365e-05, 5.28673e-05, 0.008318, 4.14113e-05, -5.22052e-05, 0.00833, 0, 0, 
0.00834845, -1.53138e-05, 1.93054e-05, 0.00834241, 1.47365e-05, -1.85776e-05, 0.00833, 0, 0, 
0.00831943, 2.65571e-05, -3.34793e-05, 0.00832082, -2.71904e-05, 3.42776e-05, 0.00833, 0, 0, 
0.00833262, 3.60248e-05, -4.54146e-05, 0.00833018, -3.67022e-05, 4.62686e-05, 0.00833, 0, 0, 
0.00833951, 4.21118e-06, -5.30883e-06, 0.00833615, -4.92574e-06, 6.20963e-06, 0.00833, 0, 0, 
0.00831343, -3.11286e-05, 3.92424e-05, 0.00831915, 3.0378e-05, -3.8296e-05, 0.00833, 0, 0, 
0.00834554, -3.03268e-05, 3.82315e-05, 0.0083427, 2.95484e-05, -3.72502e-05, 0.00833, 0, 0, 
0.00834412, -4.87202e-05, -1.48132e-05, 0.00834245, 1.89919e-05, -1.65174e-06, 0.00832652, 2.21132e-05, 3.90199e-05, 0.00833, 0, 0, 
0.00832425, -7.12773e-05, -1.76036e-05, 0.00832951, 5.23881e-05, 2.36067e-06, 0.00833777, -9.26779e-06, 3.47248e-05, 0.00833, 0, 0, 
0.00833016, -1.04859e-06, -4.38557e-05, 0.00832008, -4.1608e-05, 3.8597e-05, 0.00831956, 7.18542e-05, 1.95204e-06, 0.00833, 0, 0, 
0.00830198, -4.61518e-05, -1.28924e-05, 0.00831789, 2.26469e-05, -3.66848e-06, 0.00832576, 1.33008e-05, 3.84542e-05, 0.00833, 0, 0, 
0.00831477, -5.97114e-05, -1.89191e-05, 0.00830743, 4.3559e-05, 4.85603e-06, 0.00831286, -6.94739e-06, 3.0093e-05, 0.00833, 0, 0, 
0.00829831, 3.0507e-06, -4.07007e-05, 0.0083058, -4.03273e-05, 3.50253e-05, 0.00832221, 6.53586e-05, 2.60228e-06, 0.00833, 0, 0, 
0.00830472, -4.31934e-05, -1.11145e-05, 0.00830958, 2.53466e-05, -5.28834e-06, 0.00830974, 5.66857e-06, 3.73173e-05, 0.00833, 0, 0, 
0.00830521, -4.88977e-05, -1.97591e-05, 0.00830631, 3.53243e-05, 6.89e-06, 0.00832359, -4.80868e-06, 2.56739e-05, 0.00833, 0, 0, 
0.00831447, 6.4053e-06, -3.7363e-05, 0.00831507, -3.84816e-05, 3.13804e-05, 0.0083169, 5.87191e-05, 3.14991e-06, 0.00833, 0, 0, 
0.00831477, -3.99531e-05, -9.47673e-06, 0.00832272, 2.71858e-05, -6.54686e-06, 0.00832625, -8.41173e-07, 3.5718e-05, 0.00833, 0, 0, 
0.00833338, -3.89155e-05, -2.01734e-05, 0.00832538, 2.7745e-05, 8.49576e-06, 0.00832892, -2.87846e-06, 2.15152e-05, 0.00833, 0, 0, 
0.00833354, 9.08758e-06, -3.39259e-05, 0.00833769, -3.62107e-05, 2.77454e-05, 0.00833328, 5.20809e-05, 3.59302e-06, 0.00833, 0, 0, 
0.00834363, -3.65327e-05, -7.97625e-06, 0.00834295, 2.82711e-05, -7.4827e-06, 0.0083369, -6.30108e-06, 3.37604e-05, 0.00833, 0, 0, 
0.00835361, -2.98022e-05, -2.02177e-05, 0.00834472, 2.08456e-05, 9.7164e-06, 0.0083408, -1.1593e-06, 1.76431e-05, 0.00833, 0, 0, 
0.00829405, -3.55619e-05, 3.97393e-05, 0.00829807, 8.45378e-06, -1.384e-05, 0.00832406, 3.58637e-05, -2.59725e-05, 0.00833478, -3.97793e-05, 9.39394e-06, 0.00833, 0, 0, 
0.00838126, 2.69925e-05, -3.32334e-05, 0.00834998, -6.28002e-06, 2.142e-05, 0.00832846, -3.03813e-05, 9.02091e-06, 0.00834644, 1.5052e-05, -2.18117e-05, 0.00833, 0, 0, 
0.00833839, -1.16416e-05, 9.05402e-06, 0.00834161, -8.2807e-06, -2.2661e-05, 0.00833735, 1.29349e-05, 9.93848e-06, 0.00833618, 1.0343e-05, 2.23603e-05, 0.00833, 0, 0, 
0.00827387, -1.55319e-05, 1.23572e-05, 0.00830825, 1.50356e-05, 1.35984e-05, 0.00832454, 4.02781e-06, -2.86885e-05, 0.00831078, -3.03945e-05, -1.20227e-05, 0.00833, 0, 0, 
0.00834415, 2.79056e-05, -2.81622e-05, 0.00834188, -1.81872e-05, -6.40751e-06, 0.00832374, -2.22205e-05, 3.71954e-05, 0.00831873, 3.50392e-05, -7.13871e-06, 0.00833, 0, 0, 
0.00835607, -3.01644e-05, 2.29832e-05, 0.00834229, 6.10509e-06, -1.07462e-07, 0.00834758, 3.07832e-05, -3.79159e-05, 0.00837035, -2.73665e-05, 2.52406e-05, 0.00833, 0, 0, 
0.00833254, 1.11828e-05, -7.03977e-06, 0.00831664, 1.00694e-05, -3.91898e-06, 0.00830645, -3.36537e-05, 2.83887e-05, 0.00830968, 1.04524e-05, -3.71487e-05, 0.00833, 0, 0, 
0.00829017, 1.26192e-05, -2.03936e-05, 0.00831275, -3.06272e-05, 1.11899e-05, 0.00834, 2.79038e-05, -1.82294e-05, 0.00831917, 4.40655e-06, 3.66261e-05, 0.00833, 0, 0, 
0.00835856, -3.79261e-05, 3.92449e-05, 0.00835559, 4.25889e-05, -2.45444e-05, 0.00834863, -2.15018e-05, 8.56552e-06, 0.00833231, -1.13994e-05, -2.69666e-05, 0.00833, 0, 0, 
0.00834874, 4.88298e-05, -4.94122e-05, 0.00832967, -4.61041e-05, 3.21001e-05, 0.0083174, 1.57151e-05, -7.66264e-06, 0.00834225, 5.75931e-06, 1.11243e-05, 0.00833, 0, 0, 
0.00829531, -4.57809e-05, 3.90292e-05, 0.00830314, 3.749e-05, -3.62958e-05, 0.00831279, -1.57722e-05, 1.13481e-05, 0.00833346, 8.75023e-06, 1.74563e-06, 0.00833, 0, 0, 
0.00833879, 2.81201e-05, -2.09242e-05, 0.00835285, -2.3615e-05, 2.92113e-05, 0.00833817, 1.99717e-05, -2.09964e-05, 0.00830895, -2.60452e-05, -8.45357e-06, 0.00833, 0, 0, 
0.00832952, -6.12377e-06, -4.60376e-06, 0.00834398, 9.25883e-06, -1.94333e-05, 0.00835769, -2.68371e-05, 2.73029e-05, 0.0083473, 3.76426e-05, 5.11772e-06, 0.00833, 0, 0, 
0.0083367, -1.14422e-05, 1.91895e-05, 0.00830937, -8.14729e-07, 4.79368e-06, 0.00829716, 3.20577e-05, -3.02239e-05, 0.00832184, -3.84058e-05, 3.56027e-06, 0.00833, 0, 0, 
0.00828548, 0.000146465, -0.000125947, 0.00831038, -5.34445e-05, 4.65312e-05, 0.00832976, -4.73205e-05, 2.08969e-05, 0.00833839, 9.47224e-06, 7.52424e-06, 0.00836629, -7.82575e-06, 3.36768e-05, 0.00833, 0, 0, 
0.00830831, 3.60745e-05, -4.62252e-06, 0.00833147, -4.38528e-05, 3.441e-05, 0.00833008, -3.67901e-05, 2.20031e-05, 0.00829012, 9.59385e-05, -9.92831e-05, 0.00830754, 1.45697e-05, 1.7225e-06, 0.00833, 0, 0, 
0.00832191, 6.06687e-05, -7.30178e-05, 0.00830839, -5.8422e-05, 5.7113e-05, 0.00829887, 3.70359e-05, -2.91058e-05, 0.00831719, 3.33525e-06, 2.91469e-06, 0.00833929, -2.12139e-05, 2.50841e-05, 0.00833, 0, 0, 
0.00828985, 2.64837e-06, -1.76291e-05, 0.00828823, 6.82011e-06, 9.37462e-06, 0.00831951, 1.26652e-05, -4.49787e-06, 0.00834229, 2.01036e-05, -2.86998e-05, 0.00831414, -9.50313e-05, 6.74339e-05, 0.00833, 0, 0, 
0.00834378, -6.47091e-05, 4.13347e-05, 0.00831143, -1.53605e-05, 2.02731e-05, 0.0082915, 6.90131e-05, -4.21886e-05, 0.00829968, 4.39937e-05, -5.31536e-05, 0.00829341, -6.35185e-05, 4.57184e-05, 0.00833, 0, 0, 
0.00828133, 6.18926e-05, -7.14981e-05, 0.00828543, -2.51487e-05, 3.06239e-05, 0.0083083, 3.04936e-05, -2.73437e-05, 0.00833502, -2.73398e-05, 3.16325e-05, 0.00834672, -7.21346e-05, 6.26483e-05, 0.00833, 0, 0, 
0.00829232, 2.12773e-06, 2.13985e-05, 0.00831436, -2.53017e-05, 1.88986e-05, 0.00831987, -1.85679e-05, 6.70582e-06, 0.00828773, 8.49632e-05, -8.3227e-05, 0.00830812, -9.01255e-06, 1.57785e-05, 0.00833, 0, 0, 
0.00830936, 0.000101037, -8.15435e-05, 0.00831118, -6.49816e-05, 4.72285e-05, 0.00829866, -1.00969e-05, 1.85339e-06, 0.00829762, 1.74992e-05, -3.7057e-06, 0.00834154, 1.67515e-05, 8.71494e-06, 0.00833, 0, 0, 
0.00827758, 7.66401e-05, -5.23754e-05, 0.00829476, -3.85454e-05, 3.55634e-05, 0.00832544, -2.86329e-05, 9.49216e-06, 0.00833397, 3.28645e-05, -2.60618e-05, 0.00832685, -2.83183e-06, 6.64456e-06, 0.00833, 0, 0, 
0.0083495, -1.60386e-05, 1.30974e-05, 0.00832094, -1.95799e-05, 1.47015e-05, 0.00829819, 8.36031e-06, 2.82718e-06, 0.0083059, 5.95508e-05, -5.80916e-05, 0.00829693, -1.72762e-05, 1.47378e-05, 0.00833, 0, 0, 
0.00830837, 3.75747e-05, -5.40431e-05, 0.00829889, -1.51539e-05, 2.21927e-05, 0.00831405, 4.33338e-05, -2.81359e-05, 0.00835247, -3.96017e-05, 3.78813e-05, 0.00833852, -6.74914e-05, 4.62625e-05, 0.00833, 0, 0, 
0.00831737, -6.86166e-05, 5.73446e-05, 0.00832776, 1.02644e-05, -9.6608e-07, 0.00833101, 3.26692e-05, -2.18281e-05, 0.00831716, 4.71861e-05, -5.10718e-05, 0.0083102, -5.39915e-05, 2.90743e-05, 0.00833, 0, 0, 
0.00833601, 2.04813e-05, -2.59016e-05, 0.00833944, -1.11915e-05, 4.79465e-06, 0.00831767, 1.95996e-05, -6.20373e-06, 0.00830977, -6.03623e-06, 9.87874e-06, 0.00834457, -3.96616e-05, 3.81936e-05, 0.00833, 0, 0, 
0.00829338, 4.73559e-05, -2.44496e-05, 0.00832731, -3.05129e-05, 2.65782e-05, 0.00835194, -2.55449e-06, -1.28944e-05, 0.00834191, 9.49842e-06, -3.06284e-06, 0.00834595, 4.3142e-06, -2.74395e-06, 0.00833, 0, 0, 
0.00834007, -8.95529e-05, 4.73887e-05, 0.00834563, 2.00525e-05, 2.3749e-06, 0.00834759, 2.01112e-05, -1.05833e-05, 0.00833385, 2.80787e-05, -3.42252e-05, 0.00831375, -9.48399e-06, 1.19463e-05, 0.00831034, 5.92016e-05, -5.42361e-05, 0.00833, 0, 0, 
0.00834278, 3.78321e-05, -3.81033e-05, 0.00833317, -1.87825e-05, 7.95106e-06, 0.00832007, 1.68247e-05, -2.42516e-06, 0.00832163, 1.43659e-05, -1.82523e-08, 0.0083363, -7.28662e-06, 8.46801e-06, 0.00834957, -7.1929e-05, 3.84628e-05, 0.00833, 0, 0, 
0.00828164, -1.72382e-05, 7.99987e-06, 0.00830756, 5.04543e-05, -3.68638e-05, 0.00833916, 1.88752e-05, -7.31188e-06, 0.00834114, -6.0138e-05, 4.92409e-05, 0.00833312, -2.30879e-05, -1.23586e-06, 0.0083226, -8.8383e-07, 1.38641e-05, 0.00833, 0, 0, 
0.0083648, -3.5615e-07, 2.18766e-05, 0.00835136, -2.10428e-05, 6.75535e-06, 0.00833329, -3.17704e-05, 2.27369e-05, 0.0083285, 7.3974e-05, -5.60884e-05, 0.00834204, 2.56488e-05, -2.291e-05, 0.00836187, -7.62344e-06, 6.91631e-06, 0.00833, 0, 0, 
0.00828818, -9.3474e-06, 8.59436e-06, 0.00831328, -2.2684e-06, 5.25029e-06, 0.00833322, 2.16938e-05, -2.34777e-05, 0.00831101, -3.69053e-05, 1.89592e-05, 0.00829355, 1.95482e-05, 2.52371e-06, 0.00829591, 6.10893e-05, -4.03533e-05, 0.00833, 0, 0, 
0.00838247, 9.56262e-05, -7.62849e-05, 0.00836856, -1.7878e-05, 2.17215e-05, 0.00834433, -2.27673e-05, 2.67024e-06, 0.00833007, -2.47016e-06, 6.00092e-06, 0.00834551, -1.32069e-05, 2.21565e-05, 0.00836745, -2.97338e-05, 2.24405e-05, 0.00833, 0, 0, 
0.0082477, -3.7799e-05, 3.40651e-05, 0.00828211, 3.83792e-05, -3.03207e-05, 0.0083271, -8.67065e-06, 1.19926e-05, 0.00832478, -3.5389e-06, 3.33817e-08, 0.00831164, -1.10372e-05, 2.44741e-06, 0.00831354, 2.52567e-05, -2.23982e-05, 0.00833, 0, 0, 
0.00837844, -3.76148e-05, 2.72604e-05, 0.00837108, -2.11243e-05, 1.01789e-05, 0.00835083, 2.68986e-05, -3.8851e-06, 0.00833684, 2.98584e-05, -2.16519e-05, 0.0083613, 3.74605e-05, -4.2913e-05, 0.00837745, -2.78103e-05, 2.20231e-05, 0.00833, 0, 0, 
0.00826906, -2.59774e-06, -7.66397e-06, 0.00829429, 1.55796e-05, -1.21105e-05, 0.00832604, 2.02694e-05, -1.28446e-05, 0.0083073, -1.78599e-05, 2.73499e-05, 0.00828042, -2.46037e-05, 1.34573e-05, 0.00829692, -1.26993e-05, 6.33087e-06, 0.00833, 0, 0, 
0.00838997, 2.8134e-05, -2.79176e-05, 0.00838332, 1.41452e-05, -9.87368e-07, 0.00835298, -1.48526e-05, 9.91347e-06, 0.00832469, 6.7395e-06, -1.46392e-05, 0.00835051, -3.97464e-05, 3.89437e-05, 0.00836672, -6.57406e-07, -2.343e-06, 0.00833, 0, 0, 
0.00825238, -5.00649e-07, 1.60308e-05, 0.00828029, -2.70003e-05, 2.01689e-05, 0.00832698, 9.8145e-06, -1.70781e-05, 0.00832519, 9.0331e-06, -1.02599e-05, 0.00830113, 3.86045e-05, -1.90975e-05, 0.00831528, 1.76094e-05, -1.99437e-05, 0.00833, 0, 0, 
0.00836478, -5.43619e-06, 5.98265e-06, 0.00836547, 6.96111e-06, -4.43285e-06, 0.00834854, -7.36094e-06, 1.78921e-06, 0.00833277, -1.30519e-05, 1.0035e-05, 0.00836592, 2.75202e-05, -2.34473e-05, 0.00837561, 2.33442e-05, 1.81382e-06, 0.00833, 0, 0, 
0.00828075, 4.71177e-05, -2.47635e-05, 0.00830146, 1.65712e-05, -2.5855e-05, 0.00833282, -3.63822e-05, 3.21697e-05, 0.00831797, 6.99855e-06, 3.08297e-06, 0.00828906, -2.0234e-05, 1.37887e-05, 0.00830625, -2.54403e-05, 2.10769e-05, 0.00833, 0, 0, 
0.0083738, -2.41639e-05, 1.11938e-05, 0.00836816, 5.02448e-06, 3.87871e-06, 0.00834103, 3.4079e-05, -1.81524e-05, 0.00831544, -2.35863e-05, 9.32383e-06, 0.00834475, -2.44259e-06, -2.26611e-06, 0.00837962, 4.51838e-05, -1.96678e-05, 0.00835115, -7.31106e-05, 2.08657e-05, 0.00833, 0, 0, 
0.0083834, 0.000182177, -1.93945e-05, 0.00838421, -9.25977e-05, 3.42874e-05, 0.00836708, -3.59874e-05, -9.44823e-06, 0.00834338, 6.35895e-06, -4.44509e-07, 0.00836191, 3.3703e-05, -1.98031e-05, 0.00838775, -7.67403e-06, -1.1484e-05, 0.00836318, 1.80294e-05, -1.81356e-05, 0.00833, 0, 0, 
0.00839121, 3.71183e-06, 9.5129e-06, 0.00839042, -1.07956e-05, -8.46029e-06, 0.00836872, -3.78233e-05, 2.37751e-05, 0.00834584, 0.000124197, -4.04512e-05, 0.00835705, -7.46058e-06, 2.04177e-06, 0.00836428, -0.000127771, 3.1768e-05, 0.00835082, 4.36565e-05, -2.21228e-05, 0.00833, 0, 0, 
0.00837148, -6.58679e-06, -2.80212e-05, 0.00836802, -2.49557e-05, 9.37183e-06, 0.0083491, 5.04996e-05, -1.27292e-05, 0.00833499, 8.34623e-06, -1.71526e-06, 0.00833846, -8.44066e-05, 3.53016e-05, 0.0083359, 6.88391e-05, -1.05849e-05, 0.00833435, 2.47456e-05, 1.1977e-05, 0.00833, 0, 0, 
0.008318, -5.27442e-05, -6.94278e-06, 0.00831816, 5.27488e-05, -1.08651e-05, 0.00832136, 2.24384e-05, -9.01767e-06, 0.00832587, -0.000111402, 3.83091e-05, 0.00832019, 3.34378e-05, -1.28784e-05, 0.00832297, 4.94613e-05, 3.36707e-06, 0.00833113, 3.14155e-05, -2.3385e-06, 0.00833, 0, 0, 
0.00827842, -9.53846e-05, 4.43819e-05, 0.00827559, 7.37439e-05, -2.55658e-05, 0.00829129, -1.09719e-05, 9.31592e-06, 0.00831948, -1.37967e-05, -1.45567e-06, 0.00831391, 6.55932e-05, -2.26333e-05, 0.00831238, -4.15109e-05, 2.41224e-06, 0.0083214, -8.95467e-05, 1.15834e-05, 0.00833, 0, 0, 
0.00827155, 0.000110815, -3.83743e-06, 0.00826919, -5.0254e-05, 1.7999e-05, 0.00828679, -3.42466e-05, -8.3452e-07, 0.00831789, 2.34942e-05, -1.43181e-05, 0.00830438, -1.41448e-05, 7.59822e-06, 0.00829114, 6.39942e-05, -3.93711e-05, 0.00831028, -7.3831e-05, 1.73382e-05, 0.00833, 0, 0, 
0.00828744, 5.86809e-05, -2.06847e-05, 0.00829035, -3.5861e-05, 9.05685e-06, 0.0083088, -1.6235e-05, 1.401e-06, 0.00833058, 3.12947e-05, 6.20349e-07, 0.00830333, 5.24379e-06, -9.18737e-06, 0.00827785, -6.29439e-05, 2.75649e-05, 0.00830833, 9.22774e-05, -2.74728e-05, 0.00833, 0, 0, 
0.00831406, -6.60154e-05, -9.34099e-06, 0.00831459, -1.13016e-05, -1.76008e-06, 0.00833277, 6.3596e-05, -6.74071e-06, 0.0083605, 4.70083e-05, -8.75177e-06, 0.00833233, -5.00717e-05, 1.78589e-05, 0.00829334, -5.94846e-05, 2.9598e-05, 0.0083122, 7.07235e-05, -9.54352e-06, 0.00833, 0, 0, 
0.00833381, 1.28213e-05, -1.01309e-05, 0.00833439, 3.49071e-06, 1.13803e-06, 0.00836008, 1.86953e-06, 7.66946e-07, 0.00839257, -2.72723e-05, -1.56781e-06, 0.00836026, -4.95946e-05, 2.50929e-05, 0.00832129, 0.000102992, -3.1893e-05, 0.0083251, -6.22678e-06, 1.29027e-05, 0.00833, 0, 0, 
0.00835262, -3.0186e-05, 2.86171e-05, 0.00835391, 6.26374e-05, -1.49924e-05, 0.00837982, -4.6107e-05, 7.72829e-06, 0.00840349, -4.6945e-05, 1.36198e-05, 0.00836425, 9.20962e-05, -3.76348e-05, 0.00833045, -2.56024e-05, 4.49865e-06, 0.00832964, -5.82018e-05, -2.71442e-06, 0.00833, 0, 0, 
0.00836515, -9.10544e-07, 1.41661e-05, 0.00836294, -7.50469e-06, 5.28106e-06, 0.00837424, 1.81764e-05, -1.2042e-05, 0.00838737, -1.20398e-05, 5.69305e-06, 0.0083554, 4.82087e-05, -1.7874e-05, 0.00832014, -1.9542e-05, -3.65331e-06, 0.00831911, -8.93308e-05, 1.57445e-05, 0.00833, 0, 0, 
0.00834045, 5.67396e-05, -2.37087e-05, 0.00834461, -2.87904e-05, 3.20919e-06, 0.00835333, -1.35201e-05, 7.87752e-06, 0.00835842, 1.54491e-05, -7.60674e-06, 0.00833977, -5.66575e-05, 2.65207e-05, 0.00831409, 5.72961e-05, -1.61778e-05, 0.00831968, 4.57973e-05, 2.93339e-06, 0.00833, 0, 0, 
0.00829931, -5.05043e-05, -6.1266e-06, 0.00830885, 1.15443e-05, -9.50377e-06, 0.00832212, 9.5967e-06, 7.49716e-06, 0.00832859, 5.129e-05, -7.69996e-06, 0.00832744, -3.67095e-05, 7.39819e-06, 0.00832023, -6.98801e-05, 3.51849e-05, 0.00832564, 0.000108792, -2.48292e-05, 0.00833, 0, 0, 
0.00830272, 1.46376e-05, -6.62282e-06, 0.00829154, -4.43816e-05, 2.0871e-05, 0.00830117, 5.42607e-05, -2.26409e-05, 0.00832107, 1.062e-05, -2.29146e-06, 0.00833407, -3.20976e-05, 9.48022e-06, 0.00836222, -7.63843e-05, 3.49266e-05, 0.00833811, 7.68071e-05, -3.48698e-05, 0.00831664, 0.000111, -4.42119e-05, 0.00833, 0, 0, 
0.00841271, -0.000151755, 7.9538e-05, 0.00837707, 3.97119e-05, -8.63674e-06, 0.00834595, 7.46874e-05, -2.64345e-05, 0.00835986, 2.26421e-05, -1.74191e-05, 0.00836352, -8.55877e-05, 2.85802e-05, 0.00833528, 2.04235e-05, -2.41792e-05, 0.00830153, 4.76866e-05, -2.46166e-05, 0.00831809, -1.79318e-05, 2.28235e-06, 0.00833, 0, 0, 
0.00835937, 1.97248e-05, 5.47751e-06, 0.00837059, -3.30458e-05, 2.1324e-05, 0.00837754, 1.85924e-05, -2.00559e-06, 0.00836083, 6.49294e-05, -3.27223e-05, 0.00838637, -9.13573e-05, 2.75969e-05, 0.00841498, -3.56976e-05, 3.4382e-06, 0.00835749, 6.0605e-05, -3.34557e-05, 0.00831207, 9.73094e-05, -4.39171e-05, 0.00833, 0, 0, 
0.00842432, -7.92776e-05, 2.98011e-05, 0.00836873, 9.07236e-06, 5.44744e-07, 0.00832017, 0.000110776, -4.79197e-05, 0.00835661, -1.31109e-05, 9.72647e-06, 0.00836673, -7.59891e-05, 2.54819e-05, 0.00833109, -2.63402e-05, 1.21669e-05, 0.00831027, 6.50759e-05, -2.57542e-05, 0.00831711, -6.12538e-05, 2.9167e-05, 0.00833, 0, 0, 
0.00829484, 7.40034e-05, -4.86152e-05, 0.00830987, -5.00913e-05, 1.3597e-05, 0.00830588, 3.80033e-05, -1.1278e-05, 0.00828088, 4.47359e-05, -1.29755e-05, 0.00832891, -9.15838e-05, 4.44608e-05, 0.00837186, -6.12273e-05, 3.30608e-05, 0.00832984, 6.5309e-05, -1.71575e-05, 0.0082967, 5.40416e-05, -1.57557e-05, 0.00833, 0, 0, 
0.00834112, -7.26199e-05, 1.54747e-05, 0.00829384, 2.02759e-05, -1.64732e-05, 0.00824395, 5.72092e-05, -1.8525e-05, 0.00827644, 4.50849e-05, -1.70511e-05, 0.00830915, -0.000120993, 5.78593e-05, 0.00829701, 2.38795e-05, -4.09608e-06, 0.00829538, 4.204e-05, -3.37076e-06, 0.00830507, -6.52488e-05, 3.45281e-05, 0.00833, 0, 0, 
0.0083023, 6.62549e-05, -3.38491e-05, 0.00829946, -7.62471e-05, 3.4098e-05, 0.00827835, 2.82213e-05, -9.21494e-06, 0.00826963, 5.9761e-05, -2.00901e-05, 0.00831489, -6.98901e-05, 2.36954e-05, 0.00834443, -3.47284e-05, 1.36641e-05, 0.00832493, 8.46851e-05, -3.43309e-05, 0.0082976, 3.47592e-05, -1.16746e-05, 0.00833, 0, 0, 
0.00836645, -4.98434e-05, 3.16156e-05, 0.00835046, -3.83772e-05, 2.50039e-05, 0.00831365, 8.8456e-05, -3.41927e-05, 0.00831298, 1.38664e-05, -8.80342e-06, 0.00835108, -5.87403e-05, 9.70845e-06, 0.00834509, 1.68319e-05, -1.51041e-05, 0.00832509, 7.74675e-05, -3.69824e-05, 0.00831318, -8.72251e-05, 3.67528e-05, 0.00833, 0, 0, 
0.00840221, 7.54816e-05, -2.22409e-05, 0.00837826, -6.6468e-05, 3.3814e-05, 0.00834466, -7.61847e-06, 1.13982e-05, 0.00835912, 8.53268e-05, -4.01053e-05, 0.00837936, -8.11998e-05, 2.51167e-05, 0.00836279, -9.30161e-06, -1.14952e-05, 0.00834796, 6.82538e-05, -3.20866e-05, 0.00831661, 1.57622e-05, -1.04941e-05, 0.00833, 0, 0, 
0.00836274, -1.16538e-05, 5.16362e-06, 0.00837994, -1.72353e-05, 8.02291e-06, 0.00836926, 4.70718e-05, -1.5262e-05, 0.0083452, 3.73692e-05, -1.72268e-05, 0.00837824, -9.1532e-05, 3.25355e-05, 0.00837795, 3.73879e-05, -1.65657e-05, 0.00834412, 3.48032e-05, -1.0872e-05, 0.00831129, -9.82857e-05, 4.48073e-05, 0.00833, 0, 0, 
0.00836849, 0.000125846, -7.0829e-05, 0.00834086, -8.07081e-05, 3.0702e-05, 0.00830962, 1.24814e-05, -4.64451e-06, 0.00834278, 4.14119e-05, -6.66151e-06, 0.00835822, -4.44617e-05, 1.9573e-05, 0.00831706, -4.57676e-05, 2.55246e-05, 0.00831955, 6.90651e-05, -2.14663e-05, 0.00831729, -2.32298e-05, 1.54093e-05, 0.00833, 0, 0, 
0.00826266, 1.35949e-05, -1.77633e-05, 0.00829365, -3.32794e-05, 7.11425e-06, 0.00830618, 4.51351e-05, -1.50624e-05, 0.00828766, 2.21657e-05, -7.33805e-06, 0.00831534, -6.28637e-05, 2.96063e-05, 0.00833669, 3.81917e-05, -7.64174e-06, 0.00832791, 2.98416e-05, -6.32329e-07, 0.00829461, -0.000109606, 5.34182e-05, 0.00833, 0, 0, 
0.00831069, 9.55051e-05, -4.49281e-05, 0.00829608, -6.39335e-05, 2.50174e-05, 0.00827085, -4.22482e-05, 2.35593e-05, 0.00829383, 8.52069e-05, -3.37079e-05, 0.00831398, -5.01029e-05, 2.14974e-05, 0.00827465, 9.04138e-06, -8.59312e-06, 0.00829311, 4.76604e-05, -1.61816e-05, 0.00832216, -1.7082e-05, 7.07322e-06, 0.00833, 0, 0, 
0.00828222, 8.83419e-06, 6.87e-06, 0.00830397, -5.00389e-05, 2.81801e-05, 0.00831788, 3.59825e-05, -1.41239e-05, 0.00830972, 1.71521e-05, -1.02099e-05, 0.00831705, -2.49338e-05, -2.37904e-06, 0.0083392, 5.41718e-05, -2.70518e-05, 0.0083533, 3.29175e-05, -1.73234e-05, 0.00831357, -0.000107224, 4.4885e-05, 0.00833, 0, 0, 
0.00829341, 0.000112609, -3.90586e-05, 0.00832546, -8.17473e-05, 4.2515e-05, 0.00832031, -2.25407e-05, 7.22071e-06, 0.00830988, 3.7276e-05, -2.90895e-05, 0.00836791, 1.36217e-05, 1.54312e-05, 0.00838658, 1.16839e-05, 4.42164e-05, 0.00840119, 3.24222e-05, -8.10425e-05, 0.00832264, -3.69673e-05, -3.10816e-05, 0.00827119, -2.51098e-05, -4.33744e-06, 0.00833, 0, 0, 
0.00835744, 2.47193e-05, 6.47432e-05, 0.00834009, 3.50649e-05, 7.33507e-06, 0.00828115, -5.03728e-05, -4.5895e-05, 0.00829053, -2.50932e-05, -6.10827e-06, 0.00839864, 3.03522e-05, 4.07672e-05, 0.00840094, 3.09842e-05, -4.05221e-05, 0.00834119, -1.0319e-05, -1.99867e-05, 0.00832213, -1.94336e-05, -6.69315e-06, 0.00832446, -5.10522e-05, 2.69006e-05, 0.00833, 0, 0, 
0.00830151, -6.82753e-05, 5.00515e-05, 0.0083036, 9.18847e-05, -4.11271e-05, 0.00831254, 3.84594e-06, 1.51355e-05, 0.00831734, -6.02829e-05, 1.76846e-05, 0.00831789, 1.34101e-05, -7.53692e-06, 0.00830951, -1.35213e-05, -4.4202e-05, 0.00831103, -3.92143e-05, 2.14819e-05, 0.00835172, 3.83447e-05, 3.24104e-05, 0.00831267, -1.87197e-05, -4.45485e-05, 0.00833, 0, 0, 
0.00829471, -4.10539e-05, -9.19223e-05, 0.00835217, 1.77644e-05, 3.02932e-05, 0.00841984, 3.38244e-05, 2.0797e-05, 0.00836779, 2.45592e-05, 1.20781e-05, 0.00829595, 3.51752e-06, -3.40912e-05, 0.0082915, -9.7751e-05, 2.51234e-05, 0.00830887, -5.49319e-06, 2.07095e-05, 0.00836851, 3.7618e-05, -2.69189e-05, 0.00834331, 3.25037e-06, -9.08327e-06, 0.00833, 0, 0, 
0.00836692, 5.78547e-05, -1.37042e-05, 0.00835982, -5.0967e-05, 6.79891e-06, 0.00833648, 1.3423e-05, 3.76547e-06, 0.00833367, 3.64546e-05, -4.52548e-05, 0.00832901, -2.33812e-05, -1.20478e-05, 0.00826963, -2.16251e-05, 5.90539e-05, 0.00827297, 4.08252e-06, -1.36513e-05, 0.00834709, 1.45997e-05, 2.09209e-05, 0.00836687, 1.96473e-05, 5.76166e-05, 0.00833, 0, 0, 
0.00837536, 2.13909e-05, 1.8999e-05, 0.00836467, -1.43849e-05, -5.1923e-05, 0.00830085, -2.22903e-05, -2.07981e-05, 0.00826734, -6.30906e-07, 5.08013e-05, 0.00830505, -1.78385e-05, 5.44136e-05, 0.00830675, 9.81562e-05, -2.83402e-05, 0.00832669, 8.32374e-06, 6.26065e-06, 0.00831202, -7.76603e-05, -2.28536e-05, 0.00831699, 2.66433e-05, 6.79154e-06, 0.00833, 0, 0, 
0.00838461, 5.6476e-06, 4.46881e-05, 0.00839033, -1.67889e-05, -2.49092e-05, 0.00834593, 4.6221e-06, -8.93829e-06, 0.0082799, -3.19097e-05, 2.36327e-06, 0.00830169, -4.50685e-07, -4.11598e-06, 0.00836895, 7.8796e-05, -1.29159e-05, 0.00840249, 1.67337e-05, 2.11052e-05, 0.00833225, -3.38089e-05, 3.68873e-05, 0.00829278, -9.08977e-06, -3.64472e-05, 0.00833, 0, 0, 
0.00836902, -1.50425e-05, -6.63168e-05, 0.00832578, -5.89961e-06, 6.97056e-05, 0.00828029, -4.07481e-06, 2.00139e-06, 0.00829429, 2.26116e-05, -3.13529e-05, 0.00831736, 1.96872e-05, -2.5131e-05, 0.008333, -6.46111e-05, 2.07744e-05, 0.00834291, 3.63717e-05, -3.8476e-06, 0.00837653, 4.21475e-05, -1.59013e-05, 0.00836264, -1.14505e-05, -8.21387e-06, 0.00833, 0, 0, 
0.00830554, -4.99337e-05, -1.72704e-05, 0.00830463, 1.94712e-05, 1.45971e-05, 0.00832592, 1.1283e-05, 2.67897e-05, 0.00832586, 1.97646e-05, -1.65862e-05, 0.00830132, 2.54979e-05, 4.08506e-06, 0.00831785, -6.56571e-05, -4.64921e-06, 0.00832649, -4.33945e-05, -4.21666e-05, 0.00840416, 7.73182e-05, -1.13156e-05, 0.0084168, -3.57296e-06, 6.70579e-06, 0.00833, 0, 0, 
0.00831349, -3.27588e-05, 9.30241e-05, 0.00833447, 6.2557e-05, -3.60409e-05, 0.008377, -1.81656e-05, -2.32926e-05, 0.00836067, -2.93452e-05, 2.4999e-05, 0.00828867, 2.24517e-06, -1.40085e-06, 0.00831056, 4.38272e-06, -5.53061e-05, 0.00838549, -2.26218e-05, 1.82955e-05, 0.00840646, -2.60834e-06, 1.13108e-05, 0.00837051, 1.8731e-05, 1.96988e-05, 0.00833, 0, 0, 
0.00836322, 5.91978e-05, -2.3454e-06, 0.00833872, -2.27371e-05, -2.15639e-05, 0.00829029, 1.26144e-05, 8.1467e-06, 0.00828331, -2.37544e-05, 2.59637e-05, 0.00830138, -1.30425e-05, -2.98378e-06, 0.0083175, 4.26729e-05, 1.69838e-05, 0.00834276, 8.77209e-06, -1.33288e-05, 0.00833342, -5.37541e-05, -1.96193e-05, 0.00836123, -3.77673e-05, -2.56413e-05, 0.00833, 0, 0, 
0.00842882, 8.42579e-05, -4.8753e-05, 0.00837916, -4.83667e-05, 4.36016e-05, 0.00829054, -9.37406e-06, -4.12279e-06, 0.00827615, 3.18184e-05, -4.6364e-05, 0.00831723, -2.63985e-05, -2.13393e-05, 0.00834457, 4.33917e-06, 5.45414e-05, 0.00834197, 3.95571e-05, 1.80671e-05, 0.00829898, -5.28414e-05, -7.4497e-06, 0.00833138, -6.34181e-06, 1.52678e-05, 0.00833, 0, 0, 
0.00839628, -6.43538e-06, -2.16059e-05, 0.00837635, -1.13738e-05, -1.47436e-05, 0.00835613, 1.61613e-05, 9.62454e-06, 0.0083252, 1.46821e-05, -2.11554e-06, 0.00828028, -1.81637e-05, 2.29635e-05, 0.00832527, 7.82977e-06, -6.77496e-06, 0.0083616, -3.30458e-05, 7.41619e-06, 0.00831788, 1.95472e-05, 1.48353e-05, 0.00829415, 4.40935e-05, -9.91816e-07, 0.00833, 0, 0, 
0.00832826, -9.99191e-05, 1.96178e-05, 0.00831942, 4.6774e-05, -3.74849e-05, 0.00833809, 1.07651e-05, -1.46175e-05, 0.0083322, -5.58e-06, 4.62643e-05, 0.00828061, 1.4143e-05, 2.88608e-05, 0.00829145, -1.97796e-05, -4.73177e-05, 0.00828504, -1.42119e-05, 3.31524e-06, 0.00833006, 2.75645e-05, 2.539e-05, 0.00836621, 3.36455e-05, -3.33788e-06, 0.00833, 0, 0, 
0.00827526, -1.84459e-05, 1.7479e-06, 0.00832725, 4.5664e-06, 1.76579e-05, 0.00837172, 2.28135e-07, -1.06263e-06, 0.00835044, -2.60738e-05, -4.53871e-06, 0.00835388, 2.88812e-05, -6.42743e-05, 0.00835679, -8.41421e-06, -3.15756e-06, 0.00835409, 2.46642e-05, 5.655e-05, 0.0083271, 3.53793e-05, -1.26764e-05, 0.00827564, -2.41241e-05, 2.00931e-05, 0.00828683, -2.88839e-05, 5.35662e-05, 0.00833, 0, 0, 
0.0082389, 2.75182e-06, 1.60226e-05, 0.00825717, -8.93792e-06, -5.80677e-05, 0.00831634, 1.62739e-05, 4.27348e-05, 0.0083877, -5.45116e-06, 3.08173e-05, 0.00838994, -3.93673e-05, -2.38474e-05, 0.00833621, 2.65972e-05, 1.34815e-05, 0.00830006, 3.46234e-05, -1.10706e-05, 0.00832974, -3.33539e-06, 2.24269e-05, 0.00834777, 2.52699e-07, -1.67733e-05, 0.00829414, -2.60957e-05, -3.74887e-05, 0.00833, 0, 0, 
0.00833184, -2.44496e-05, -6.04638e-05, 0.00835357, -1.18033e-05, 4.10964e-05, 0.00836814, 3.67293e-05, -2.94693e-06, 0.0083507, 4.90232e-05, -6.51574e-06, 0.00834504, -5.49147e-05, 1.47542e-06, 0.00830621, -2.7642e-05, -2.76114e-09, 0.00824819, 6.48008e-06, 3.17736e-05, 0.00828768, 1.08268e-05, -2.79191e-05, 0.00836401, 2.00026e-06, -1.1783e-05, 0.00837633, 1.44322e-05, -2.4137e-05, 0.00833, 0, 0, 
0.00831817, 1.50728e-05, -2.19598e-07, 0.00834766, 2.41662e-06, 3.2707e-05, 0.00834057, 4.36668e-06, 7.74539e-06, 0.00827592, 2.20209e-06, -4.68002e-05, 0.0082958, -1.94389e-05, 3.90137e-06, 0.0083322, -2.03073e-05, -4.02597e-05, 0.00832603, 5.40931e-05, -1.50724e-05, 0.00836083, 1.33649e-06, 7.58144e-05, 0.00840581, -7.05242e-05, -3.20598e-08, 0.00840518, 1.36591e-05, -3.60441e-06, 0.00833, 0, 0, 
0.00837181, 2.80904e-05, -5.19174e-05, 0.00835914, -5.97348e-06, 3.06088e-05, 0.00832603, 9.40605e-06, 1.49635e-05, 0.00829506, 9.92721e-06, -9.47605e-06, 0.00829728, -2.97129e-05, -8.32323e-06, 0.00832278, -2.40874e-05, 2.53404e-05, 0.00833351, 4.66434e-05, -1.97724e-05, 0.0083593, -1.51961e-05, -1.43285e-05, 0.00834261, -2.32367e-05, 2.07251e-05, 0.0082632, -7.54168e-06, -6.20763e-05, 0.00833, 0, 0, 
0.00831853, -7.28232e-06, -2.45217e-05, 0.00834357, -1.74595e-05, 7.68683e-06, 0.00833896, 4.95362e-05, 2.00287e-05, 0.00830856, 2.23603e-05, -1.39848e-05, 0.00835379, -4.338e-05, 2.75546e-06, 0.00837325, -7.89503e-06, 2.15419e-05, 0.00835248, -2.08388e-05, -2.54122e-05, 0.00833329, -1.08373e-07, 7.49316e-06, 0.00826429, 1.33631e-05, 2.22358e-06, 0.00823208, 9.18306e-06, -5.63983e-05, 0.00833, 0, 0, 
0.00825219, -2.81825e-07, -3.13258e-06, 0.00829354, 2.26402e-05, 3.37793e-05, 0.00832261, -2.67928e-05, -5.84043e-06, 0.00829849, -4.85538e-06, -3.43712e-05, 0.00835522, 1.83477e-06, 1.9995e-06, 0.0084129, 1.21451e-05, -3.55119e-05, 0.00834852, 1.16377e-05, 4.811e-06, 0.00830256, 6.14492e-08, 4.19659e-05, 0.00830512, -1.78775e-05, 7.79732e-06, 0.00831266, -2.26956e-05, 1.55474e-05, 0.00833, 0, 0, 
0.00836464, -1.31695e-05, -2.82047e-05, 0.00836719, 1.78864e-05, 7.69638e-06, 0.00835622, -1.00604e-05, -4.20413e-06, 0.0083385, -3.06484e-05, 1.40668e-05, 0.00834681, 3.6287e-05, 3.97049e-06, 0.00832343, -5.31703e-06, -9.24453e-07, 0.00825975, -9.23285e-06, 1.86993e-05, 0.00830037, 2.34361e-05, -2.02415e-05, 0.00837456, -4.52937e-06, -1.22432e-05, 0.00833942, -5.25285e-06, -3.08092e-06, 0.00833, 0, 0, 
0.00828661, -4.06075e-05, 3.05023e-05, 0.00832352, 5.23933e-06, -5.60074e-05, 0.00833525, 1.6022e-05, 2.32514e-05, 0.00830769, -8.88843e-06, 2.71381e-05, 0.0083165, 1.85999e-05, -1.69377e-05, 0.00827048, 3.93448e-06, 2.53614e-05, 0.00827536, -3.6185e-05, -4.27827e-06, 0.0083871, -1.7237e-06, -3.44311e-07, 0.0084269, 5.8882e-05, -1.60489e-05, 0.00836914, -7.08174e-06, -6.14305e-06, 0.00833, 0, 0, 
0.00829321, 1.16999e-05, 2.04241e-05, 0.00834995, -2.43659e-06, 5.48251e-06, 0.00840249, -2.68896e-05, -1.91349e-05, 0.00834207, -1.59778e-05, 9.05597e-06, 0.00830474, 2.2812e-05, -3.33502e-05, 0.00833267, 4.3625e-05, -1.25453e-05, 0.00832073, -1.97866e-05, 4.18033e-05, 0.00834492, 6.10023e-06, -1.98136e-05, 0.00836878, 1.52858e-05, 2.40419e-05, 0.00833514, -3.22393e-05, 5.12218e-05, 0.00833, 0, 0, 
0.00829237, -8.24535e-06, 2.367e-05, 0.00831604, 1.48886e-05, -3.46022e-05, 0.0083257, -2.45791e-05, -5.34396e-06, 0.00830334, -1.33526e-05, 2.39159e-05, 0.00833812, 3.00617e-05, 3.10229e-05, 0.00836477, 6.78619e-06, -2.47186e-05, 0.00831157, -1.44719e-05, 7.29928e-06, 0.00828752, 8.35923e-06, 1.30932e-05, 0.00828144, -2.82993e-06, -4.8548e-05, 0.00826506, 2.32278e-05, 2.96795e-05, 0.00833, 0, 0, 
0.00834306, -4.74698e-07, -2.75519e-06, 0.00833571, -7.96141e-06, -5.322e-06, 0.00829099, -2.84519e-06, -5.2291e-06, 0.00830047, 1.97805e-05, 1.26798e-05, 0.00841184, 1.8309e-05, -4.33402e-06, 0.00841773, -2.85354e-05, 2.81523e-05, 0.00836154, -1.1886e-05, 8.46477e-06, 0.00834812, -1.28321e-05, -5.2087e-05, 0.00831162, 2.34236e-05, 3.09014e-06, 0.00827447, 2.65942e-05, 1.57336e-05, 0.00833, 0, 0, 
0.00835222, 6.06695e-05, 6.14506e-05, 0.00835388, -3.37098e-05, -2.08839e-05, 0.00832928, -4.61438e-07, -1.04678e-05, 0.00827164, -3.859e-06, 3.59064e-06, 0.00827969, -7.64941e-06, -9.58052e-06, 0.00833258, 3.29427e-05, -5.81327e-06, 0.00830507, 6.17842e-06, -2.97596e-05, 0.00829845, -3.17112e-05, 2.35399e-05, 0.00832241, -1.41318e-05, 4.06377e-05, 0.00830354, 8.27801e-06, -8.40414e-07, 0.00833, 0, 0, 
0.00831787, 3.88917e-05, -2.91106e-05, 0.00836364, -1.15503e-05, 2.99903e-05, 0.00838926, -2.07186e-05, -8.17162e-06, 0.00832259, 3.48184e-05, -2.77097e-05, 0.00829669, -1.32973e-05, 3.68781e-05, 0.00831842, -1.33276e-05, 1.57559e-05, 0.00833751, 4.75686e-06, -1.94279e-05, 0.0083852, -1.78187e-05, -2.46911e-05, 0.00839803, -7.9049e-06, -1.37248e-05, 0.0083645, 2.42668e-05, 1.95396e-05, 0.00833, 0, 0, 
0.0082933, -4.23762e-06, 9.59078e-07, 0.00829405, -1.35722e-06, 1.19754e-05, 0.00832784, 2.44721e-05, -2.94965e-05, 0.00833105, 1.4607e-05, -4.49634e-06, 0.0083303, -4.81923e-05, 4.5074e-05, 0.00840874, -1.11002e-05, 1.54899e-05, 0.0083947, 3.58725e-05, -1.2071e-05, 0.00837604, -3.15735e-05, -2.71264e-05, 0.00834008, -4.02228e-06, -5.5498e-06, 0.00826284, 2.4323e-05, -3.19433e-05, 0.00825959, -7.25372e-06, 3.64945e-06, 0.00833, 0, 0, 
0.0084032, 1.50784e-05, 5.27067e-05, 0.00837486, -3.46751e-05, -2.12081e-05, 0.00826838, 5.07656e-05, 2.62615e-06, 0.00823055, -9.16472e-06, 2.6873e-07, 0.00832249, -4.55294e-05, 6.28011e-06, 0.00833007, 2.15595e-05, -1.79922e-05, 0.00836094, 2.62672e-05, -3.23154e-05, 0.00836453, -1.18748e-05, 2.97859e-05, 0.00837241, -2.34261e-06, -1.9639e-05, 0.00837083, -1.12226e-05, 4.62537e-06, 0.00831557, -1.02762e-05, 4.2988e-05, 0.00833, 0, 0, 
0.00833951, -1.3744e-05, -1.62098e-05, 0.00830541, -2.34189e-06, 5.19566e-05, 0.0082936, -1.97461e-05, -2.30737e-05, 0.00829542, 4.24344e-05, -2.43478e-05, 0.0082897, 6.30725e-06, -1.06578e-05, 0.00837357, -3.06754e-05, 1.67761e-06, 0.00839939, 7.81161e-06, 6.63167e-06, 0.00837218, -1.2771e-05, -9.59424e-06, 0.00831655, 1.83035e-05, 1.07923e-05, 0.00828312, 2.82111e-05, 4.37609e-06, 0.00832876, -5.26357e-05, -8.64284e-08, 0.00833, 0, 0, 
0.00832617, 2.56365e-05, -3.65741e-05, 0.00832856, -2.36389e-05, -3.57432e-06, 0.0083298, -2.60316e-06, 2.77796e-05, 0.00832066, 8.59697e-06, -1.00315e-06, 0.00830678, -2.13056e-05, 9.46753e-06, 0.00831959, 1.52814e-05, 5.23373e-06, 0.00840423, 1.26904e-06, -1.10118e-05, 0.00842889, 1.41926e-05, 1.59467e-06, 0.00833543, 1.05713e-05, -7.42884e-06, 0.00828833, 2.21836e-06, -1.79288e-05, 0.00830297, -1.91403e-05, -1.26983e-05, 0.00833, 0, 0, 
0.00841158, -1.96445e-05, 6.93386e-06, 0.00834947, -9.24167e-06, -2.6689e-05, 0.00825656, 2.65927e-05, 1.08433e-05, 0.00827566, -1.05308e-05, 2.38475e-05, 0.00831983, -2.24875e-05, -8.40938e-07, 0.00829922, 1.69266e-05, -2.6744e-05, 0.00836392, 1.65662e-05, 7.14038e-06, 0.00840375, -1.3099e-05, 3.12046e-05, 0.00836982, -4.38824e-06, -3.37639e-06, 0.00832364, 1.12727e-05, -2.81779e-05, 0.00831481, 3.36242e-05, -4.83363e-06, 0.00833, 0, 0, 
0.00837214, -1.30829e-05, -2.43907e-05, 0.00829344, 1.12213e-05, 3.31613e-05, 0.00824637, -2.68121e-05, -8.41877e-06, 0.00830263, -5.17371e-06, -9.87154e-06, 0.00834043, 2.7279e-05, -2.42918e-05, 0.00839448, -9.1243e-06, -1.24106e-05, 0.00839751, 2.85206e-05, 1.13619e-05, 0.00837854, -1.3734e-05, 4.63004e-06, 0.00828557, -8.6703e-06, 3.56486e-05, 0.00825449, 1.31576e-05, 1.74246e-05, 0.00833866, -9.24671e-06, -1.99232e-05, 0.00833, 0, 0, 
0.00839141, 3.13041e-05, -1.48704e-05, 0.00837203, -3.0641e-05, -1.39226e-05, 0.00831631, -7.73814e-06, 3.07265e-05, 0.00829123, 7.47075e-06, -1.08892e-05, 0.00827736, 1.96655e-05, -1.88471e-05, 0.00826147, 1.62254e-05, 1.77268e-05, 0.00840815, -4.38981e-05, -2.22879e-06, 0.00843953, 1.49539e-05, 1.28392e-05, 0.00833902, 1.66365e-05, -4.05491e-06, 0.00834469, -8.73248e-06, 1.151e-05, 0.00836241, 5.1816e-06, -7.10704e-06, 0.00833, 0, 0, 
0.00833791, -6.7812e-06, 1.69897e-06, 0.00828343, 2.09286e-05, -2.63324e-05, 0.00826337, -1.89544e-05, -1.3343e-05, 0.00833779, -7.13607e-06, 3.9091e-05, 0.00835286, 1.78573e-06, 6.08526e-06, 0.00834256, 4.79053e-06, -6.2775e-06, 0.0083799, -4.97334e-06, 2.92147e-05, 0.00841639, 2.58344e-06, -9.53132e-06, 0.00833001, -5.16349e-06, -1.09204e-05, 0.00822607, -1.81635e-06, -2.11367e-05, 0.0082842, 2.49984e-05, 3.03549e-06, 0.00833, 0, 0, 
0.00843719, -2.85678e-05, 1.04486e-05, 0.00834642, 3.25053e-05, -5.34294e-06, 0.00824958, 2.82218e-08, -5.38729e-06, 0.00827623, -3.06496e-05, -7.94987e-06, 0.00830362, 1.51627e-05, 9.91542e-06, 0.00831076, -9.65542e-06, 6.93818e-06, 0.00836668, 1.36483e-05, -4.72822e-06, 0.00840226, 2.04288e-06, -2.22143e-05, 0.00834331, -2.97257e-05, 1.50046e-05, 0.0083354, 9.54333e-07, 3.65229e-05, 0.00834972, 1.81623e-05, -1.82753e-05, 0.00833, 0, 0, 
0.00834965, 4.00753e-06, 4.20843e-05, 0.00833852, -8.59294e-06, -1.09728e-05, 0.00829709, 1.32943e-05, -1.97212e-06, 0.008295, -4.61616e-06, -1.63489e-05, 0.00833477, 1.82181e-05, -2.28521e-05, 0.00834547, -2.44867e-06, 2.74202e-05, 0.00842393, -4.12131e-05, 8.92526e-07, 0.00839746, 1.57899e-05, -1.33139e-05, 0.00829056, 1.59998e-05, 3.48571e-06, 0.00829389, -4.08401e-05, 2.33577e-05, 0.00835965, 1.68696e-05, 9.31773e-06, 0.00833, 0, 0, 
0.00835462, -5.62816e-06, 8.8811e-06, 0.00829881, 3.17953e-05, -1.31131e-05, 0.00828873, -2.98151e-05, -1.49548e-05, 0.00833123, -1.97515e-06, 3.92016e-05, 0.00829523, 2.04377e-05, -3.57001e-06, 0.00832388, -2.42789e-05, -5.5267e-06, 0.00837605, -1.77627e-05, 2.14556e-05, 0.00840632, 2.78526e-05, -2.89463e-05, 0.00835021, 3.24345e-06, -2.45534e-05, 0.0082754, -2.15432e-05, 5.54298e-06, 0.00830258, -1.17282e-05, 1.81254e-05, 0.00833, 0, 0, 
0.00837416, -4.05032e-05, 1.54854e-05, 0.00835058, 3.32721e-05, -1.60162e-05, 0.00828486, 1.52145e-05, 1.04011e-05, 0.00827199, -2.27471e-05, -9.16763e-06, 0.00832423, 3.49589e-07, 1.28486e-05, 0.00830026, -1.10501e-05, 1.71124e-05, 0.00834769, -1.52009e-05, -5.53843e-06, 0.00840887, 2.39623e-05, -2.08305e-05, 0.00836869, -1.9942e-05, -7.61193e-06, 0.00833403, -3.0511e-06, 1.2167e-05, 0.0083066, 2.25894e-05, -3.85574e-05, 0.00833, 0, 0, 
0.00833761, -1.40687e-05, 2.01909e-05, 0.00831121, 1.0296e-05, 5.40425e-07, 0.00829379, 9.97373e-06, 4.91168e-06, 0.00831281, -2.11612e-05, 4.44978e-06, 0.00833718, 1.662e-06, -2.74882e-05, 0.00840353, 7.21278e-06, -4.17123e-06, 0.00842445, -5.95623e-06, -1.78762e-06, 0.00834526, 1.53015e-05, -1.70027e-05, 0.00829704, 3.79366e-06, 2.88219e-05, 0.0082899, -4.91941e-05, 4.84795e-06, 0.00833088, 2.8859e-05, -1.77553e-06, 0.00833, 0, 0, 
0.0083555, -1.64796e-05, 1.00922e-05, 0.00834923, 1.37222e-05, -1.42982e-06, 0.0083253, -2.11892e-05, 4.95938e-06, 0.00826526, 6.8371e-07, 1.57397e-05, 0.00825773, 4.54582e-05, -2.73871e-05, 0.00831852, -3.18466e-05, -2.41501e-05, 0.00835773, -1.94996e-05, 2.40869e-05, 0.00841082, 1.88022e-05, 1.23668e-05, 0.00843274, 4.57825e-06, -2.1143e-05, 0.00840767, -4.87256e-06, 6.23995e-06, 0.00832291, -6.0082e-05, -1.8354e-05, 0.0083765, 0.00012251, 3.06025e-05, 0.00833, 0, 0, 
0.00840659, -3.24428e-05, -3.58986e-05, 0.00838408, 8.78873e-06, -6.35206e-06, 0.00834003, 5.34252e-05, 4.32237e-05, 0.0083846, -1.39921e-05, 1.21211e-05, 0.00837065, -0.000108694, -3.68803e-05, 0.00824095, 2.13161e-05, -6.81927e-06, 0.00831402, 2.32231e-05, 8.97614e-06, 0.00832697, -1.65501e-06, 9.37151e-06, 0.00830093, 5.05146e-05, -7.25367e-06, 0.00835995, 8.31056e-06, -1.51372e-06, 0.00839669, 2.38561e-05, 5.07776e-06, 0.00833113, -1.52687e-05, -1.2102e-05, 0.00833, 0, 0, 
0.00834192, -4.77294e-06, -1.75783e-05, 0.00837823, -5.21453e-05, 8.25434e-06, 0.00837092, 3.45465e-05, -4.31136e-06, 0.00829092, 4.72195e-05, -2.59439e-06, 0.00834805, -6.09661e-05, -3.97272e-06, 0.00834555, -4.21949e-05, -6.70547e-06, 0.0082188, 7.40849e-05, 2.56191e-05, 0.00828708, 2.52132e-05, 9.41771e-06, 0.00832216, -1.30049e-05, 5.37614e-06, 0.00830966, 2.78227e-06, -2.74983e-05, 0.00835423, 1.24199e-05, 9.37044e-07, 0.00839958, 2.57602e-05, 9.90891e-07, 0.00833, 0, 0, 
0.0083178, -3.57823e-05, -1.17247e-05, 0.00829477, -3.323e-05, 3.11263e-06, 0.00827818, 3.96307e-06, -5.52498e-06, 0.00828936, 1.01781e-05, -2.17282e-05, 0.00826639, 4.13891e-06, 3.11706e-05, 0.00826655, 1.43814e-05, 9.4715e-06, 0.00834402, 7.80711e-05, -1.06031e-05, 0.00842752, 1.43337e-06, -1.65527e-06, 0.00840306, -7.03476e-05, -1.67726e-05, 0.00834708, 1.3507e-05, 1.06938e-05, 0.0083655, 1.13257e-05, 1.53601e-05, 0.00828788, 1.79236e-05, 3.1311e-05, 0.00833, 0, 0, 
0.00839668, -2.86167e-05, 1.61964e-05, 0.00835349, 7.32953e-06, 5.7824e-06, 0.0083174, -2.49272e-05, -2.59285e-05, 0.00832456, -2.38434e-05, -1.92597e-05, 0.00831761, 8.87729e-06, 2.80124e-06, 0.00833816, 5.85091e-05, 2.49112e-05, 0.00832742, -1.0506e-05, -1.16056e-05, 0.00828748, 2.52988e-05, 1.53766e-05, 0.00828494, 6.96972e-06, 1.6041e-05, 0.00832754, -4.63328e-05, -2.86294e-06, 0.00835132, 5.46902e-05, 8.17076e-06, 0.00834074, -1.32232e-05, -1.45947e-05, 0.00833, 0, 0, 
0.00827896, -4.88039e-05, -2.22663e-05, 0.00834634, 5.07583e-05, -7.19325e-06, 0.00842442, -3.37156e-05, -9.61148e-06, 0.00839478, -2.64877e-05, 3.39462e-05, 0.0083527, 6.28899e-05, 1.70709e-05, 0.00834236, -5.60424e-05, -2.69436e-05, 0.00829278, -4.19773e-05, -1.14844e-05, 0.00825975, 3.2247e-05, -7.50924e-06, 0.00834553, 4.0656e-05, 2.03301e-05, 0.00835276, 4.1937e-05, 2.7674e-05, 0.00828361, -3.01843e-05, -8.20827e-06, 0.00836458, 4.73502e-05, -6.63245e-06, 0.00833, 0, 0, 
0.00836587, 9.59604e-06, 2.75953e-05, 0.00831059, -7.7409e-07, -3.42838e-05, 0.00825725, 2.13678e-05, 1.40461e-05, 0.00830545, -5.07462e-05, -9.20344e-06, 0.00830538, 9.731e-07, -3.9592e-06, 0.00833672, 3.29998e-05, 1.33963e-05, 0.0084666, -5.67672e-05, 5.27147e-06, 0.0083851, 1.42032e-05, 7.33044e-06, 0.00832273, 6.13413e-05, 1.27349e-05, 0.00837514, 9.01446e-06, 1.31079e-05, 0.00835522, 8.05287e-06, -1.75853e-05, 0.00830694, -7.60902e-05, -4.65521e-05, 0.00833, 0, 0, 
0.00827664, 3.55003e-05, 6.64755e-06, 0.00831379, -3.529e-05, -1.07696e-05, 0.00835916, -5.55259e-05, -2.27544e-05, 0.00831785, 8.7797e-05, 3.29372e-05, 0.00831676, 4.21589e-05, 1.31408e-05, 0.00834927, -3.71102e-05, -7.76451e-06, 0.00827839, 1.20608e-05, 2.17164e-06, 0.00831374, -4.27438e-05, -2.8662e-05, 0.00834083, -5.67278e-06, 1.17962e-06, 0.00829948, 7.88529e-06, 7.22684e-06, 0.00825959, -2.15637e-05, 1.08089e-05, 0.00829374, 1.31755e-05, 2.52341e-05, 0.00833, 0, 0, 
0.00828891, 7.83899e-05, 2.23952e-05, 0.00831142, -4.77922e-05, 9.16964e-06, 0.00833173, 1.4865e-05, -5.89958e-06, 0.00835051, -1.16576e-05, -3.33612e-05, 0.00837916, -2.89988e-05, -1.49897e-05, 0.00835336, 6.85009e-05, 3.36641e-05, 0.00830316, 2.69715e-05, 3.88715e-06, 0.00828047, -4.46323e-05, 3.31977e-06, 0.00825833, -5.32472e-05, -5.46685e-06, 0.00824933, 3.89903e-05, -1.11704e-06, 0.0083654, -1.57975e-05, -3.14238e-06, 0.00833634, -6.36073e-05, -1.33889e-06, 0.00833, 0, 0, 
0.0083179, 4.57959e-05, -2.91857e-05, 0.00828596, -1.77669e-05, 8.129e-06, 0.00827719, -6.74977e-07, 1.89309e-05, 0.00833473, 5.93559e-05, 7.65351e-06, 0.00837434, -1.59864e-05, 6.63007e-06, 0.00835553, -5.19741e-05, -2.34828e-05, 0.00837871, -2.48229e-05, -2.0376e-05, 0.0084418, -6.28975e-06, 1.17033e-05, 0.00835656, 1.28936e-05, -1.71837e-06, 0.00834512, -2.3586e-05, -1.2276e-05, 0.00832407, 1.06147e-05, 3.335e-06, 0.00827911, 4.87846e-05, 3.0836e-05, 0.00833, 0, 0, 
0.00830814, -4.92178e-05, -3.14971e-05, 0.00836018, 8.84667e-05, 3.23772e-05, 0.00835738, 2.77405e-05, 9.85576e-06, 0.00831125, -7.27686e-05, -1.70883e-05, 0.0083713, -3.81208e-05, -1.77185e-05, 0.00837687, -2.37983e-06, -7.79137e-06, 0.00835105, 1.22284e-05, 2.53115e-05, 0.00833304, -1.31336e-05, 5.8897e-06, 0.00835265, 2.3512e-05, 2.30072e-06, 0.00826057, 7.18148e-06, -2.00077e-05, 0.00823959, -3.51688e-05, -1.05802e-05, 0.00834669, -2.02202e-05, -2.56028e-05, 0.00833, 0, 0, 
0.00832621, -2.81112e-05, 3.49427e-06, 0.00828055, -2.09997e-06, -1.45048e-05, 0.00829925, 4.22365e-05, 1.97431e-05, 0.00840898, -1.64915e-06, 1.33722e-05, 0.00837939, 3.09062e-05, 1.20549e-06, 0.00832552, -1.86277e-05, -1.26815e-05, 0.00833926, -6.47897e-05, -9.6367e-06, 0.00827693, 5.40674e-05, 1.01654e-05, 0.00823169, -2.08268e-05, -3.01908e-05, 0.00830489, -8.2754e-05, -1.36226e-05, 0.00831304, 2.03055e-05, 2.14514e-05, 0.00832451, 6.13355e-05, 1.70439e-05, 0.00833, 0, 0, 
0.00824789, -5.21613e-05, 2.27884e-05, 0.00824799, 7.51507e-05, 1.58363e-05, 0.00828728, -3.57093e-05, -1.92868e-05, 0.00831897, -3.31427e-05, -1.01944e-05, 0.00831306, -4.60427e-06, -1.49703e-05, 0.00837449, 2.54123e-05, 9.81756e-06, 0.00837061, 7.16697e-05, 2.71758e-05, 0.00834805, -2.87524e-05, -1.34122e-05, 0.0083845, -5.84618e-05, -2.3388e-05, 0.00833604, -4.41809e-06, 1.20143e-05, 0.00829015, -9.7426e-06, -4.57701e-06, 0.00830775, -2.01888e-05, -2.21423e-06, 0.00833, 0, 0, 
0.00833778, 5.08648e-05, 1.55372e-05, 0.00834919, -6.07464e-05, -1.49019e-05, 0.00834916, 2.49529e-05, 5.62411e-06, 0.0083038, 4.245e-05, 1.75735e-05, 0.00830944, -1.2896e-05, -2.72379e-06, 0.00839135, -2.4316e-05, -6.44387e-07, 0.00837717, -1.93487e-05, -2.28568e-05, 0.00832974, 3.20976e-05, -7.89432e-06, 0.00831087, -3.17534e-05, 1.39501e-05, 0.00826523, -2.34953e-05, -1.08657e-05, 0.00828667, 6.27853e-05, 1.21633e-05, 0.00830547, 1.34756e-05, 5.5887e-06, 0.00833, 0, 0, 
0.00828886, 1.29825e-05, -5.16314e-06, 0.0083174, 7.15926e-06, 3.07713e-06, 0.0083946, 1.93043e-06, 6.56167e-06, 0.00844149, -1.1372e-05, -1.3027e-05, 0.00839585, -3.73864e-05, 1.05915e-05, 0.00837233, -2.28361e-05, -4.09778e-06, 0.00839419, 5.12976e-05, -2.61955e-06, 0.00833503, -2.0296e-05, -7.2742e-06, 0.00831011, 5.47392e-06, 1.59323e-05, 0.0083567, 0.000100543, 3.0477e-05, 0.00829488, 3.20125e-05, -8.20619e-06, 0.00827801, -0.000116671, -5.02797e-05, 0.00831835, -3.9984e-05, -2.60159e-05, 0.00833, 0, 0, 
0.00845361, 4.7342e-05, 2.11326e-05, 0.00842738, -4.73281e-05, -1.00978e-05, 0.00835704, -6.41767e-05, -3.78057e-05, 0.00828601, 4.73643e-05, 1.31232e-05, 0.0082371, 5.83355e-05, 4.0292e-05, 0.00827694, 8.38503e-06, 1.03912e-06, 0.00836744, 3.66728e-05, 1.23757e-05, 0.00833621, -3.07396e-06, 1.24045e-05, 0.00839346, -5.56865e-05, -3.66262e-05, 0.00840462, -1.96881e-05, -1.96633e-05, 0.00833122, 1.73811e-05, 7.75353e-06, 0.0083437, -1.83394e-05, -1.36478e-05, 0.00834758, 2.10213e-05, -9.19128e-06, 0.00833, 0, 0, 
0.00831239, -1.97732e-05, -1.74108e-05, 0.00827615, -2.56213e-05, 8.97445e-06, 0.00825562, 5.07156e-06, -3.61734e-06, 0.0083138, -8.03154e-07, -2.97194e-06, 0.00836217, 4.57375e-05, 1.83633e-05, 0.00838001, 6.37e-05, 3.16294e-05, 0.00838191, -4.71355e-05, -2.893e-05, 0.00832655, -3.39031e-05, -2.73473e-05, 0.00831538, 1.97526e-05, -1.69823e-06, 0.00829796, 1.54659e-05, 3.11523e-06, 0.00825551, -6.36804e-05, -4.2969e-06, 0.00834258, 1.41861e-05, 9.18827e-06, 0.00831084, 2.03559e-05, 6.87189e-06, 0.00833, 0, 0, 
0.00825573, 7.26527e-06, 3.06765e-05, 0.00828792, 2.50762e-05, 7.75846e-06, 0.00832891, 8.84647e-06, 8.04519e-06, 0.00837069, -1.37089e-05, -1.83625e-05, 0.00834273, -5.23806e-05, -2.52681e-05, 0.00824506, -1.43683e-05, -1.12685e-05, 0.00825291, -2.97926e-06, -1.49347e-05, 0.00824135, 2.92828e-05, 1.02656e-05, 0.00828472, 4.88712e-05, 3.79591e-05, 0.00828972, -5.67072e-06, 9.2862e-06, 0.008351, 3.23787e-05, 3.13869e-06, 0.00841217, -1.63619e-05, -4.47797e-06, 0.0083202, -0.000120607, -5.81952e-05, 0.00833, 0, 0, 
0.00828246, -2.12327e-05, 7.79308e-06, 0.008306, 4.3423e-05, 3.58174e-06, 0.00829851, -5.59229e-06, -6.06696e-06, 0.0082535, -3.501e-05, -1.28569e-06, 0.008285, 4.72335e-05, 2.4948e-05, 0.00829802, -4.8803e-06, -5.0646e-06, 0.00830527, -4.34741e-05, -2.01056e-05, 0.00833864, -1.86098e-05, -1.72947e-05, 0.00834944, -3.37251e-05, -1.53096e-05, 0.00835689, -4.34243e-05, -2.12525e-05, 0.00832304, 8.15499e-05, 3.76177e-05, 0.00832158, 8.29863e-05, 4.1097e-05, 0.00824254, 2.68681e-05, 9.15913e-06, 0.00833, 0, 0, 
0.00830299, 9.29175e-06, -8.43154e-06, 0.00836459, 6.611e-05, 3.12719e-05, 0.00833524, -3.49034e-05, -2.13388e-05, 0.00824054, -8.86372e-05, -3.59793e-05, 0.00831907, 5.86272e-05, 2.33901e-05, 0.00835, -1.55115e-05, 1.05344e-05, 0.00835521, -4.66687e-05, -6.55907e-06, 0.0083611, 6.76144e-05, 1.74547e-05, 0.00836285, 4.98596e-05, 8.97993e-06, 0.00827085, -2.69961e-05, -5.21185e-06, 0.00824914, -5.61883e-05, -2.07334e-05, 0.00829485, 1.56863e-06, -2.23643e-05, 0.00832599, 2.97296e-06, 4.72507e-06, 0.00833, 0, 0, 
0.00831923, -0.000102787, -4.05201e-05, 0.00837847, 2.1215e-05, -2.32328e-06, 0.00839487, 2.55672e-05, 1.01315e-05, 0.00832089, 3.85146e-05, 2.16911e-05, 0.00837806, 2.3779e-05, 1.41144e-05, 0.00836063, -1.57389e-05, -1.09202e-05, 0.00825767, -5.71374e-05, -1.50381e-05, 0.00829742, 4.92968e-05, 2.27828e-05, 0.00830669, 9.75636e-06, -6.83447e-06, 0.00834961, -8.24249e-05, -1.21411e-05, 0.00839015, 3.20298e-05, 4.07152e-06, 0.00842929, 2.24384e-05, -5.41156e-06, 0.00839096, -9.08203e-05, -4.17956e-05, 0.00833, 0, 0, 
0.00823797, -7.69454e-05, -9.79285e-06, 0.00831412, 5.17462e-05, 6.74611e-07, 0.00836918, 1.79227e-05, 3.3491e-06, 0.00837085, -6.07629e-05, -8.80165e-06, 0.00843397, 1.05241e-05, 1.03764e-06, 0.00840181, 7.06642e-05, 2.70033e-05, 0.00836229, -5.55051e-06, -3.40435e-06, 0.0083826, -3.38374e-06, -1.33086e-05, 0.00836403, -2.4366e-07, 4.08739e-06, 0.00831108, -8.6833e-05, -2.70305e-05, 0.0083648, -1.3709e-05, 7.88798e-07, 0.00829782, 6.78564e-05, 3.12832e-05, 0.00826478, -3.59551e-05, 6.83812e-07, 0.00833, 0, 0, 
0.00845035, 1.72874e-05, 2.60962e-05, 0.00842808, 3.58809e-05, 1.22857e-05, 0.00838845, 1.38561e-06, -4.98095e-06, 0.00831429, -6.52909e-05, -3.23851e-05, 0.00828556, 2.02205e-05, -1.21322e-05, 0.00829426, -2.72115e-05, -3.86172e-06, 0.00828993, -3.14051e-05, 2.43559e-06, 0.00840965, 7.17902e-05, 1.3608e-05, 0.00837912, 4.22473e-05, 2.91918e-05, 0.00832653, -5.74376e-05, -6.7291e-06, 0.00833974, -2.65893e-05, -9.18459e-06, 0.00833457, 2.66981e-05, 6.04925e-06, 0.00829858, -3.65631e-06, 4.5751e-06, 0.00833, 0, 0, 
0.00833703, -7.90737e-05, -3.56162e-05, 0.00831638, 4.45454e-05, 2.40455e-06, 0.00828996, 1.72928e-05, 1.67598e-05, 0.00829855, 4.08161e-05, 2.59998e-05, 0.00834438, 2.0492e-05, 7.06276e-06, 0.00839849, -9.42672e-05, -4.33452e-05, 0.0083503, -5.95401e-05, -1.91307e-05, 0.00831464, 3.28165e-05, 1.26908e-05, 0.00834907, 9.45496e-06, -1.37362e-05, 0.00829372, -3.01066e-05, 9.1965e-06, 0.0083407, 5.11337e-05, 2.99944e-05, 0.00834321, 4.4061e-05, 1.32113e-05, 0.00835378, 1.49618e-05, 4.60178e-06, 0.00833, 0, 0, 
0.00823905, -1.5811e-05, -7.33844e-06, 0.0082456, 5.92716e-05, 1.90062e-05, 0.00833949, 1.06451e-05, -1.18166e-05, 0.00837034, -8.86677e-05, -2.54399e-05, 0.00830911, -5.1216e-05, -1.39802e-05, 0.00836298, 4.60814e-05, 2.15011e-05, 0.00829291, 3.39659e-05, 2.38225e-05, 0.0082692, 3.7874e-05, 1.57349e-05, 0.0082887, -2.92355e-06, -2.16873e-06, 0.00830797, -2.57919e-05, -4.47016e-06, 0.00831501, -2.80048e-05, -2.20302e-05, 0.00835156, 4.41874e-06, -1.33973e-05, 0.0083572, 1.27567e-05, 1.69555e-05, 0.00833, 0, 0, 
0.00836199, -4.20775e-05, -1.36019e-05, 0.0083273, -3.6042e-05, -2.4243e-05, 0.00831704, 3.79632e-05, 1.35111e-05, 0.00831492, 4.44759e-05, 2.02733e-05, 0.00822804, -1.08827e-05, -4.75449e-06, 0.00825193, -3.45375e-06, 8.4685e-06, 0.00828485, 2.10692e-05, 1.33879e-05, 0.00827903, 1.05698e-05, -1.76189e-07, 0.00835595, -1.87374e-05, -4.09604e-06, 0.00834586, -4.81018e-05, -2.0253e-05, 0.00835008, -2.45402e-05, -1.29677e-05, 0.00828802, 5.28881e-05, 1.35476e-05, 0.0082978, -1.61915e-07, 6.79759e-06, 0.00833, 0, 0, 
0.00836069, -3.88601e-05, -1.58386e-05, 0.00826869, -2.70691e-05, -1.82679e-05, 0.00823734, 3.1175e-05, 2.56941e-05, 0.00831168, 5.23439e-05, 2.30871e-05, 0.00830619, -2.07098e-05, -1.4846e-05, 0.00834941, -3.5733e-05, -2.15984e-05, 0.00837466, 6.95807e-06, 5.74056e-06, 0.00839297, 2.26437e-05, 2.25566e-06, 0.00833151, 4.39787e-05, 1.41164e-05, 0.00830612, -2.13651e-05, 5.41257e-07, 0.00827523, -3.77868e-05, -7.64302e-06, 0.00827632, -3.51198e-05, -7.2413e-07, 0.00830516, 3.70876e-05, 1.68925e-08, 0.00833, 0, 0, 
0.0083846, 2.38408e-06, 1.14792e-05, 0.00835416, 2.36569e-05, 1.99726e-05, 0.0083385, 6.44175e-06, -4.58593e-06, 0.00838386, -3.88018e-05, -2.58737e-05, 0.00834584, -4.65431e-05, -2.67579e-05, 0.00828935, -5.40249e-06, 9.97237e-07, 0.00831416, 7.24581e-05, 2.3574e-05, 0.00828063, 1.07464e-05, 7.3837e-06, 0.00827412, -3.0381e-05, -2.72146e-06, 0.00831565, 2.60877e-05, 1.05763e-05, 0.00838814, -2.61818e-05, -8.0075e-06, 0.0083892, -1.14933e-05, -9.36922e-06, 0.00842332, 7.2134e-05, 3.67462e-05, 0.00833, 0, 0, 
0.00842258, -2.96315e-06, -6.51019e-06, 0.00832634, -2.87044e-05, -5.29689e-06, 0.0083007, 3.74543e-05, 6.47281e-06, 0.00838867, 5.06284e-05, 2.56708e-05, 0.0083281, -5.71845e-05, -9.29667e-06, 0.00832688, -4.10794e-05, -2.43049e-05, 0.00840474, 3.60066e-05, 5.36581e-06, 0.00844458, 1.80813e-06, 9.42595e-06, 0.00836634, -6.99964e-05, -2.52996e-05, 0.00830432, 3.27431e-05, -2.31012e-05, 0.00823564, 5.97436e-05, -7.09961e-06, 0.00824228, 2.45023e-05, 6.6358e-05, 0.00831599, 6.32143e-06, 2.87874e-05, 0.00830145, 6.83717e-07, 4.46985e-06, 0.00833, 0, 0, 
0.00833116, 3.40535e-05, -3.88707e-05, 0.00835665, -1.82589e-05, 1.08773e-05, 0.00835173, -5.86553e-06, 4.90365e-05, 0.00831576, 1.62969e-05, -1.78428e-05, 0.00837527, -4.44449e-05, -4.68462e-05, 0.00837402, 1.34057e-05, 1.16155e-05, 0.00832199, 1.60154e-05, -9.88305e-06, 0.00843822, -1.56237e-05, -9.40779e-07, 0.00839248, 2.38625e-05, 2.03168e-05, 0.00825414, 4.27474e-06, 1.08191e-05, 0.0082926, 2.97735e-05, 1.66017e-05, 0.00823843, 4.24637e-06, -6.66214e-06, 0.00825103, -2.53618e-05, -1.17832e-05, 0.00829072, -8.3586e-06, 5.13177e-06, 0.00833, 0, 0, 
0.00841101, 1.32483e-05, 1.25512e-05, 0.00832982, -2.48229e-06, 8.5206e-06, 0.00833348, -2.91098e-05, -2.96219e-05, 0.00839608, -4.99744e-05, -7.68433e-06, 0.00832233, 5.89846e-05, 5.784e-06, 0.00835012, 5.12481e-05, -1.84972e-05, 0.00830064, -1.01365e-05, 3.25828e-05, 0.00828225, -1.64108e-05, 3.03711e-05, 0.00833192, 2.92228e-05, 1.51822e-05, 0.00835855, 1.39997e-06, -2.79589e-05, 0.00830858, -5.80853e-05, -1.86883e-05, 0.00835474, 3.17838e-06, 2.38932e-06, 0.00838254, 4.08828e-05, 9.68995e-06, 0.00825046, -2.31792e-05, -1.33914e-05, 0.00833, 0, 0, 
0.00835328, -4.97505e-05, -4.87618e-05, 0.00834271, -1.28556e-05, -1.63308e-05, 0.00833973, -8.40641e-06, 1.43304e-05, 0.00835541, 3.29244e-05, 1.4288e-05, 0.00837469, 6.93543e-05, 4.28486e-05, 0.00831933, -6.74506e-06, 8.53707e-06, 0.00821047, -4.78201e-05, -1.80327e-05, 0.00828374, -2.64212e-05, -1.54853e-05, 0.00829291, 3.05495e-05, -2.43449e-05, 0.00830605, 4.40036e-05, 2.27896e-05, 0.00848258, -2.55246e-05, 1.03806e-05, 0.00842358, -2.2918e-05, -2.14877e-05, 0.0083676, -6.53605e-06, 3.29561e-06, 0.00834322, -1.81995e-05, 1.45881e-05, 0.00833, 0, 0, 
0.00834955, 8.20717e-05, 4.4454e-05, 0.00827971, -2.79061e-05, -1.19809e-05, 0.00828303, -3.62029e-05, -3.74388e-05, 0.00837474, 1.26603e-05, 1.99457e-07, 0.00836354, -3.26833e-05, 8.41396e-06, 0.00833487, 1.8225e-05, 1.95729e-05, 0.00826627, 3.07618e-05, -6.82409e-06, 0.00829583, 3.3935e-05, 8.82259e-06, 0.00830152, -7.56765e-06, 2.1676e-05, 0.00838637, -2.71903e-05, -7.94635e-06, 0.00841902, 8.23769e-06, -1.22526e-06, 0.00837975, -4.14247e-05, 1.26822e-06, 0.00836294, -5.19035e-06, -3.59889e-05, 0.0082768, 7.51005e-05, 1.69978e-05, 0.00833, 0, 0, 
0.0082618, -2.78323e-05, 1.81788e-05, 0.00825751, 4.28971e-06, 9.05705e-06, 0.00829533, 3.484e-05, -1.7769e-05, 0.00833509, 2.49329e-05, -1.64893e-05, 0.00834, -1.51683e-05, 1.16781e-05, 0.00837736, -5.41266e-05, 7.56062e-06, 0.00832107, -1.30233e-05, -2.21035e-05, 0.00834596, 1.16505e-05, 5.93833e-06, 0.00840182, -1.25883e-05, 4.11604e-06, 0.00834274, 1.36283e-05, 6.34883e-06, 0.00834233, 3.52441e-05, 2.08087e-05, 0.00830356, 1.20259e-05, -8.9551e-06, 0.00827399, -2.51986e-05, 2.66956e-06, 0.00820771, 1.36804e-05, -1.67399e-06, 0.00833, 0, 0, 
0.00829994, -5.11493e-05, -4.07537e-05, 0.00828155, 6.32049e-05, 2.25166e-05, 0.00829275, 2.08794e-05, 8.60523e-06, 0.00831934, -6.24825e-05, -4.75477e-06, 0.00834848, 4.74769e-06, 2.57519e-05, 0.00834508, -6.10285e-06, -2.54852e-05, 0.00828824, -2.05924e-07, -7.20149e-06, 0.0084035, 9.93374e-06, -1.74323e-05, 0.00838396, -1.52547e-05, -1.78283e-05, 0.00832244, -2.63743e-05, 7.63942e-06, 0.00830979, -1.75279e-06, 1.76715e-05, 0.00825066, 4.3108e-05, 2.31025e-05, 0.00823395, 3.90309e-05, 1.18972e-05, 0.00827423, -2.5645e-05, 1.0056e-05, 0.00833, 0, 0, 
0.00838301, -1.65675e-05, 2.53002e-05, 0.00832093, 4.07807e-05, 2.71691e-06, 0.00830915, 1.54922e-07, 6.45819e-06, 0.00838466, -3.59333e-05, -2.29952e-05, 0.00829849, -1.71245e-05, -2.69837e-05, 0.0082388, 1.89617e-05, -3.58458e-06, 0.00830906, -3.6212e-06, 1.02617e-05, 0.00832837, 1.68534e-05, 4.38482e-05, 0.0083133, 1.96931e-05, 7.31739e-06, 0.00830567, -4.69166e-05, -3.52028e-05, 0.00829887, 1.25413e-05, 8.57905e-06, 0.00830061, 2.02401e-05, 4.3296e-06, 0.00837197, -2.27782e-05, -1.13803e-05, 0.00829862, -2.88751e-05, 2.85403e-06, 0.00833, 0, 0, 
0.00835255, -1.62317e-05, -6.10697e-05, 0.00837318, -2.25651e-05, 1.94045e-05, 0.0083681, 1.18587e-05, 1.91445e-05, 0.00829734, 3.55712e-05, 1.25649e-05, 0.00831756, 1.94264e-05, -1.54345e-05, 0.00830587, -4.17186e-06, -2.85427e-07, 0.00819311, -1.18149e-05, 9.90854e-07, 0.00829522, 3.64758e-06, 1.92026e-06, 0.0083162, -3.64694e-05, -7.52591e-07, 0.00824166, 3.62978e-06, -1.36737e-06, 0.00830191, 3.59152e-05, 8.70324e-06, 0.00839343, -2.13144e-05, -1.08625e-05, 0.00840147, -5.98414e-05, -2.74404e-05, 0.00841568, 2.51777e-05, 1.32638e-05, 0.00833, 0, 0, 
0.00836694, 5.09429e-05, -1.149e-05, 0.00832365, -1.0441e-05, -4.88391e-06, 0.0082985, -5.24846e-05, -7.33372e-06, 0.00834247, 2.34398e-06, 5.67824e-06, 0.00829859, 5.10776e-05, 3.47412e-05, 0.00828555, -2.08923e-06, -5.94478e-06, 0.00834789, 1.99873e-05, -1.25943e-06, 0.00830281, 2.0777e-05, 2.52636e-05, 0.00829049, -4.44836e-05, -2.69021e-05, 0.00826839, -1.06445e-05, -2.47507e-05, 0.00826961, -8.31875e-06, -1.8196e-05, 0.00836869, -3.50049e-05, 8.30759e-06, 0.0084403, 1.8689e-06, 2.46016e-05, 0.00833418, 4.66786e-05, -4.72666e-06, 0.00833, 0, 0, 
0.00833642, -1.31202e-05, 1.14319e-05, 0.00830297, 2.45791e-05, 1.3752e-05, 0.00824026, -6.52444e-06, -5.48734e-06, 0.00825532, -7.15637e-06, -2.35881e-05, 0.00835401, 3.12802e-05, 6.59767e-07, 0.00835619, -5.89662e-06, 8.44817e-06, 0.00836321, -6.70702e-05, -2.19788e-06, 0.00842031, -1.60562e-05, -1.55575e-05, 0.00832898, 6.47963e-05, 2.7698e-05, 0.00827434, 1.50155e-05, 1.96932e-05, 0.00829021, 2.49991e-06, 6.10383e-07, 0.00830308, -2.90658e-05, -2.86223e-05, 0.00829256, -2.04707e-05, -3.06489e-05, 0.00835844, -1.54617e-05, 7.61368e-06, 0.00833, 0, 0, 
0.00832718, 1.58548e-05, 4.20133e-05, 0.00830745, 1.74821e-05, -2.04306e-05, 0.00825296, 1.69434e-06, -1.1485e-05, 0.00825309, -3.6898e-05, 1.85524e-05, 0.00830191, 1.25995e-05, 1.48273e-05, 0.00835386, 2.11634e-05, -8.85851e-07, 0.00841938, -3.25559e-05, -2.98792e-05, 0.00838989, -5.86405e-06, -8.8022e-06, 0.00838214, 1.85211e-05, 5.38922e-06, 0.00830271, -3.5449e-05, -1.55254e-05, 0.00828963, -2.28125e-05, 1.63405e-05, 0.00832858, 3.68557e-05, 1.34912e-05, 0.00828719, 3.06029e-05, 6.25014e-06, 0.00826247, 3.3253e-05, 6.55161e-07, 0.00833, 0, 0, 
0.00838879, -1.10485e-05, 7.14532e-06, 0.00835002, 1.50076e-05, 1.5749e-05, 0.00827756, 1.40131e-05, -1.06664e-05, 0.0082697, 1.16422e-05, -8.58268e-06, 0.00831806, -2.12512e-05, 5.08034e-06, 0.00832351, -4.43761e-05, 3.46672e-06, 0.00832976, 1.03695e-05, 5.15001e-06, 0.00832178, 2.40257e-05, -2.02884e-05, 0.00834581, -3.17259e-05, -2.82386e-05, 0.00836776, 1.56189e-05, 2.58768e-05, 0.00831393, 2.10874e-05, -5.86348e-07, 0.00837851, -1.74422e-06, -5.69383e-07, 0.00834102, -9.85654e-06, 1.31834e-05, 0.00830123, 7.12006e-06, 1.99846e-05, 0.00833, 0, 0, 
0.00835165, -1.58453e-05, 1.23169e-05, 0.00837865, 3.9469e-06, 1.05338e-07, 0.00834173, 1.03452e-05, 5.14732e-06, 0.00832556, 1.98453e-05, 3.64743e-06, 0.00836451, -3.75843e-05, -1.5169e-05, 0.00826022, -2.07725e-05, -1.69989e-05, 0.00827045, 3.8944e-05, -3.86554e-06, 0.00830141, 2.35224e-05, 2.01321e-05, 0.00829199, -3.1201e-05, 1.3367e-05, 0.00829369, -8.64637e-06, 4.24071e-06, 0.00840582, 3.37259e-05, -2.43448e-06, 0.00842152, -1.80179e-05, -1.97577e-06, 0.00834235, -2.01333e-05, -1.55644e-05, 0.00836373, -7.64811e-06, -3.6279e-05, 0.00833, 0, 0, 
0.00836221, -2.02493e-05, -2.81455e-05, 0.00839214, -9.62811e-06, -2.02131e-06, 0.00837828, 1.47064e-05, 2.10348e-05, 0.00827293, -1.81389e-05, -8.9948e-08, 0.00822692, 5.00577e-06, -1.53028e-05, 0.00824208, 3.7837e-05, 2.48852e-05, 0.0082656, 1.67786e-05, 2.18469e-05, 0.00825624, 7.98004e-06, -1.49883e-05, 0.008283, 7.64386e-06, 1.20079e-07, 0.00835241, -9.87938e-05, -3.4303e-05, 0.00836711, -4.20378e-05, -1.8708e-05, 0.00839287, 7.62142e-05, 3.93222e-06, 0.00830483, 2.55566e-05, 1.32124e-05, 0.00836762, 1.70374e-05, 9.84571e-06, 0.00837789, -4.02491e-05, 7.05953e-06, 0.00833, 0, 0, 
0.00831644, -0.000106858, -2.79282e-05, 0.00833304, 4.03622e-05, -7.40005e-06, 0.00836751, 5.82208e-05, 2.38185e-05, 0.00838391, -2.92451e-05, 1.5295e-05, 0.00826183, -8.2922e-06, -3.57533e-06, 0.00819123, -2.3664e-05, -1.32305e-05, 0.00826322, -2.64772e-05, 9.7997e-06, 0.00823313, 3.76016e-05, -2.29466e-06, 0.00836965, 1.07334e-05, -1.3899e-05, 0.00837452, -1.0079e-05, -5.82494e-06, 0.00829098, -1.44709e-05, -4.34542e-06, 0.00833058, 4.86777e-05, 2.37449e-05, 0.00833936, 7.85558e-06, -4.30383e-06, 0.00834573, -5.06665e-05, -2.21856e-05, 0.00839186, 9.99242e-06, 1.26456e-05, 0.00833, 0, 0, 
0.00830057, -4.15408e-05, 2.7129e-05, 0.0082868, 6.51941e-05, 1.27431e-05, 0.00828093, -8.02404e-06, -8.36944e-06, 0.00833797, -2.86201e-05, -2.21549e-05, 0.00838191, -5.60271e-05, -2.46927e-05, 0.00830099, -3.35986e-05, 4.47129e-07, 0.00828679, 2.24414e-05, 1.2818e-06, 0.00835539, 7.00819e-05, 2.29559e-05, 0.00830591, 3.40707e-05, 2.2468e-05, 0.00826289, -5.10857e-05, 6.20676e-07, 0.00825384, 2.63224e-06, -1.93204e-05, 0.0083026, 2.63131e-05, 3.91146e-06, 0.00835917, -8.59617e-06, 1.037e-05, 0.00838209, -1.49374e-05, -1.23029e-05, 0.00830606, 3.34584e-05, -2.5994e-05, 0.00833, 0, 0, 
0.00824676, -5.21046e-05, -2.19177e-05, 0.0082851, -7.88079e-06, 5.5865e-06, 0.00830055, 4.13373e-05, 6.44221e-06, 0.00826349, -1.22182e-05, 1.2831e-05, 0.00833678, 6.49148e-06, -4.63474e-06, 0.00841897, 1.44205e-05, -7.90257e-06, 0.00837755, -3.00032e-05, -7.19767e-06, 0.00834163, 2.91185e-07, 8.58305e-07, 0.00826744, -5.77019e-06, -1.10486e-05, 0.00825969, -3.22585e-05, -1.46449e-05, 0.00834644, 1.69683e-05, 2.22535e-05, 0.00829245, 5.01611e-05, 1.58927e-05, 0.00828946, 5.02236e-05, 4.70792e-06, 0.00826415, 4.78442e-07, 4.06277e-06, 0.00822268, -7.50512e-05, -1.08428e-05, 0.00833, 0, 0, 
0.00834398, 8.95181e-06, -2.49445e-05, 0.00829874, -1.2199e-05, 7.95176e-06, 0.00827958, -1.56183e-05, 9.82806e-06, 0.00827735, -1.51764e-06, -1.32967e-05, 0.00825784, -4.46555e-06, 8.48238e-06, 0.00836076, -2.86946e-05, -7.65489e-06, 0.0084049, 7.75509e-05, 1.70959e-05, 0.00837467, 3.05134e-05, 8.6098e-06, 0.00832761, -5.69231e-05, -2.9708e-05, 0.00832514, -1.99738e-05, -1.0724e-05, 0.0083037, -6.86411e-06, 3.1591e-06, 0.00828358, 3.68049e-05, 1.66859e-07, 0.00822039, 3.59736e-05, 2.0115e-05, 0.00818146, 2.9694e-06, 1.96554e-05, 0.00835362, -1.9805e-05, 1.25712e-05, 0.00833, 0, 0, 
0.00829117, -4.90484e-05, -3.35953e-06, 0.00825875, -1.68795e-06, 5.88402e-06, 0.00830474, 3.41776e-05, -1.41123e-07, 0.00837951, 2.26801e-05, -5.88053e-06, 0.00833737, -7.86433e-05, -7.96378e-06, 0.00833179, -1.49742e-05, -1.55061e-05, 0.0082709, 3.65664e-05, -2.939e-06, 0.00829071, 1.41661e-05, 1.23751e-05, 0.00837241, 9.16565e-06, 2.46286e-05, 0.00836773, 3.32559e-05, 8.16803e-06, 0.0082788, 3.25861e-05, 8.10297e-06, 0.0082459, -3.21019e-05, -2.62211e-06, 0.00829417, 3.10155e-06, -7.49959e-06, 0.00830734, -1.7728e-05, -5.5354e-06, 0.00833157, -5.43796e-05, -3.92007e-05, 0.00833, 0, 0, 
0.00829409, -1.45849e-05, 6.47868e-06, 0.00833069, -3.6663e-05, -1.11959e-05, 0.00832392, 2.56962e-05, -8.16796e-06, 0.00831684, 2.34132e-05, 5.68397e-06, 0.00837587, -4.28252e-05, -7.62549e-06, 0.00828134, -3.178e-06, 4.49874e-06, 0.00824995, 3.65953e-05, 8.04789e-06, 0.00832738, 3.49672e-05, 2.54242e-05, 0.00830123, 3.70386e-06, -5.04556e-06, 0.00828122, -1.47965e-05, -1.11361e-05, 0.0082954, -3.46144e-05, -1.84994e-06, 0.00826645, -1.7112e-05, -1.00448e-06, 0.00838737, 3.77231e-05, 7.26534e-06, 0.00844448, 3.60951e-05, -6.51693e-06, 0.00836055, -1.82795e-05, 3.87024e-06, 0.00833, 0, 0, 
0.00836312, -3.79223e-05, -4.87303e-05, 0.00836453, -1.90709e-05, -4.56281e-07, 0.0083592, 6.12216e-06, 1.12472e-05, 0.00831318, 2.95742e-05, 9.38813e-06, 0.00826134, 2.069e-05, 3.7611e-06, 0.00827487, -3.04887e-05, 1.55845e-05, 0.00828972, 2.55274e-05, 1.27883e-05, 0.00825639, -8.59311e-06, -2.70424e-05, 0.00824395, -2.67147e-05, -1.30675e-05, 0.00829255, 2.74364e-06, 6.37631e-06, 0.00839381, -8.35758e-06, -7.48642e-06, 0.00844388, 5.62872e-05, 1.66925e-05, 0.00833257, 1.7208e-05, 5.46803e-06, 0.00833609, -2.71277e-05, 2.25115e-06, 0.00831677, -1.78679e-05, 3.91774e-06, 0.00833, 0, 0, 
0.00840454, 1.37687e-05, 2.80232e-05, 0.00840661, 2.5195e-05, -1.73994e-05, 0.00833724, -3.56454e-07, 4.95218e-06, 0.00825283, -6.87592e-05, -1.02725e-05, 0.00821773, -3.81736e-05, -1.51707e-05, 0.00825868, 5.18762e-05, 4.3623e-07, 0.00836486, 8.58693e-06, 5.59469e-06, 0.00826284, 1.32995e-05, 1.50017e-05, 0.00830313, 1.68542e-05, 1.8558e-05, 0.00833405, -2.67725e-05, -4.51326e-06, 0.00831682, 2.04518e-05, -2.84635e-06, 0.00840949, 1.2395e-05, 4.30385e-06, 0.00838247, 9.85465e-06, -3.40945e-06, 0.0082869, -2.29069e-05, -1.01844e-05, 0.00833589, -8.52654e-06, 5.9628e-06, 0.00833, 0, 0, 
0.00830096, -4.55265e-05, 1.73845e-06, 0.00827775, 2.69308e-05, 4.31716e-06, 0.00828865, 2.1753e-06, -6.70639e-06, 0.00836268, 8.38597e-06, 4.35916e-06, 0.00838488, 5.04948e-06, -5.74665e-06, 0.00830642, -3.0981e-05, -1.21139e-05, 0.00824971, -2.99306e-05, -4.94243e-06, 0.00831953, 1.64757e-05, -3.64179e-06, 0.00834691, 2.54169e-05, 2.24614e-05, 0.0083191, -2.53241e-05, 7.97447e-06, 0.00831575, 1.58685e-05, 4.56304e-07, 0.00833793, 4.53449e-05, 6.67474e-06, 0.00831775, -2.16415e-05, 5.3167e-06, 0.00837808, -1.81471e-05, -1.34809e-05, 0.00830223, 1.91583e-05, -4.9671e-06, 0.00833, 0, 0, 
0.0081931, -3.9849e-05, -1.89579e-05, 0.00826927, 1.77458e-05, 3.98531e-06, 0.00831078, 1.41387e-05, 3.4801e-06, 0.00831116, -2.58233e-05, -4.20041e-06, 0.00838217, 3.39448e-05, 6.15053e-06, 0.00834299, -9.94043e-06, 1.2418e-05, 0.00834546, -2.64596e-05, -4.03238e-07, 0.00837702, 2.87001e-05, -6.20136e-06, 0.00835345, 1.5593e-06, -2.19677e-05, 0.00833355, -1.45274e-05, -3.6918e-06, 0.00829417, -5.39823e-05, 1.23778e-08, 0.00819659, 1.2347e-05, 6.30745e-06, 0.00831675, 3.59456e-05, 1.36088e-05, 0.0083873, 2.2888e-05, 2.0918e-05, 0.0083659, 3.03822e-05, 1.69483e-05, 0.00833, 0, 0, 
