0.0736828, 0, 0, 0.0736828, 0, 0, 
7.03806, 0, 0, -3.26405, 0, 0, -10.4914, 0, 0, -3.57511, 0, 0, 12.3762, 0, 0, 0.0736828, 0, 0, 
-3.2773, 0, 0, -3.14605, 0, 0, 0.63407, 0, 0, 6.11164, 0, 0, 7.08919, 0, 0, -1.3631, 0, 0, 0.426757, 0, 0, -6.67964, 0, 0, 2.93645, 0, 0, 0.0736828, 0, 0, 
-2.27275, 0, 0, -1.969, 0, 0, -1.48517, 0, 0, 1.89376, 0, 0, -1.90581, 0, 0, -3.06998, 0, 0, 2.9111, 0, 0, -1.77984, 0, 0, -0.183642, 0, 0, -2.30475, 0, 0, 0.692807, 0, 0, 2.18871, 0, 0, 0.0736828, 0, 0, 
-0.524707, 0, 0, -0.172068, 0, 0, 0.220714, 0, 0, -1.59634, 0, 0, -0.545945, 0, 0, -1.56029, 0, 0, 0.667485, 0, 0, -1.96232, 0, 0, 0.191049, 0, 0, 1.98482, 0, 0, 2.42804, 0, 0, 0.89722, 0, 0, 0.144426, 0, 0, -0.246504, 0, 0, 0.672466, 0, 0, 0.21436, 0, 0, 0.0736828, 0, 0, 
0.0948448, 0, 0, 0.67042, 0, 0, -0.312383, 0, 0, -1.18546, 0, 0, -0.789825, 0, 0, -1.20555, 0, 0, -0.226736, 0, 0, 0.80031, 0, 0, 0.330606, 0, 0, -0.314025, 0, 0, 0.00417995, 0, 0, -0.969397, 0, 0, 1.01858, 0, 0, 0.463723, 0, 0, 0.504165, 0, 0, -0.975476, 0, 0, 0.28715, 0, 0, 0.298894, 0, 0, 0.545118, 0, 0, 0.120189, 0, 0, 0.0736828, 0, 0, 
-0.179433, 0, 0, -0.0958367, 0, 0, 0.019627, 0, 0, 0.14257, 0, 0, 0.0968532, 0, 0, -0.377056, 0, 0, -0.0299672, 0, 0, 0.0904581, 0, 0, -0.700275, 0, 0, 0.487235, 0, 0, -0.10427, 0, 0, -0.0518232, 0, 0, -0.0772197, 0, 0, -0.239065, 0, 0, 0.278976, 0, 0, 0.563732, 0, 0, -0.811404, 0, 0, -0.419293, 0, 0, -0.266549, 0, 0, 0.442236, 0, 0, -0.0949804, 0, 0, 0.343945, 0, 0, -0.604, 0, 0, 0.0736828, 0, 0, 
0.650893, 0, 0, 0.307485, 0, 0, 0.0180647, 0, 0, -0.00809615, 0, 0, -0.183121, 0, 0, 0.0689829, 0, 0, 0.0694187, 0, 0, 0.213193, 0, 0, 0.539104, 0, 0, -0.310504, 0, 0, -0.0135802, 0, 0, -0.110717, 0, 0, 0.544987, 0, 0, 0.158465, 0, 0, 0.176368, 0, 0, 0.0566958, 0, 0, -0.088113, 0, 0, -0.153192, 0, 0, 0.276267, 0, 0, -0.0109398, 0, 0, 0.142506, 0, 0, 0.0348913, 0, 0, -0.199839, 0, 0, -0.477232, 0, 0, 0.270523, 0, 0, 0.163721, 0, 0, 0.0112003, 0, 0, 0.0736828, 0, 0, 
0.101007, 0, 0, 0.164671, 0, 0, -0.0889313, 0, 0, 0.155139, 0, 0, 0.162661, 0, 0, -0.0105845, 0, 0, 0.250195, 0, 0, 0.14225, 0, 0, 0.306172, 0, 0, 0.086383, 0, 0, 0.148238, 0, 0, -0.22412, 0, 0, 0.141712, 0, 0, -0.072949, 0, 0, 0.305794, 0, 0, 0.042483, 0, 0, 0.0904383, 0, 0, 0.0370219, 0, 0, -0.0345658, 0, 0, 0.0617645, 0, 0, -0.0131618, 0, 0, 0.00548144, 0, 0, -0.00551372, 0, 0, 0.0794083, 0, 0, -0.0236534, 0, 0, 0.121912, 0, 0, 0.063453, 0, 0, 0.175053, 0, 0, 0.307187, 0, 0, 0.0118588, 0, 0, -0.0696125, 0, 0, 0.0736828, 0, 0, 
0.0393397, 0, 0, 0.0659805, 0, 0, 0.0972453, 0, 0, 0.0968473, 0, 0, 0.13205, 0, 0, 0.147157, 0, 0, 0.162958, 0, 0, 0.0541137, 0, 0, 0.0590871, 0, 0, 0.0625905, 0, 0, 0.143797, 0, 0, 0.106498, 0, 0, 0.0263965, 0, 0, -0.03025, 0, 0, 0.0623549, 0, 0, 0.160288, 0, 0, 0.0531316, 0, 0, 0.069019, 0, 0, 0.00385269, 0, 0, 0.0235385, 0, 0, 0.00591121, 0, 0, 0.007533, 0, 0, 0.185887, 0, 0, 0.0467086, 0, 0, -0.00229688, 0, 0, 0.15644, 0, 0, 0.158064, 0, 0, 0.0121661, 0, 0, 0.188295, 0, 0, -0.0792512, 0, 0, 0.0310695, 0, 0, 0.126595, 0, 0, 0.165829, 0, 0, 0.273691, 0, 0, 0.0736828, 0, 0, 
0.120898, 0, 0, 0.134977, 0, 0, -0.0433724, 0, 0, 0.0758178, 0, 0, 0.0515296, 0, 0, 0.0659848, 0, 0, 0.100557, 0, 0, 0.0167861, 0, 0, 0.0306641, 0, 0, 0.117042, 0, 0, 0.175982, 0, 0, 0.173668, 0, 0, 0.0235338, 0, 0, 0.0589436, 0, 0, 0.0849653, 0, 0, 0.0174366, 0, 0, 0.154369, 0, 0, 0.0533687, 0, 0, 0.085094, 0, 0, 0.074859, 0, 0, 0.0555351, 0, 0, 0.0823536, 0, 0, 0.123677, 0, 0, 0.112964, 0, 0, 0.0903428, 0, 0, 0.0230978, 0, 0, 0.0822872, 0, 0, 0.0970226, 0, 0, 0.10298, 0, 0, 0.135548, 0, 0, 0.0953292, 0, 0, 0.0611674, 0, 0, 0.121141, 0, 0, 0.0428326, 0, 0, 0.0442442, 0, 0, 0.0828503, 0, 0, 0.0799655, 0, 0, 0.0628991, 0, 0, 0.0736828, 0, 0, 
0.14622, 0, 0, 0.0413161, 0, 0, 0.0621677, 0, 0, 0.0873282, 0, 0, 0.0784419, 0, 0, 0.0703198, 0, 0, 0.0804524, 0, 0, 0.013937, 0, 0, 0.107663, 0, 0, 0.0975402, 0, 0, 0.105893, 0, 0, 0.0597652, 0, 0, 0.120089, 0, 0, 0.0196014, 0, 0, 0.106031, 0, 0, 0.0353851, 0, 0, 0.0621355, 0, 0, 0.0744735, 0, 0, 0.106492, 0, 0, 0.00725982, 0, 0, 0.0777138, 0, 0, 0.0104395, 0, 0, 0.059563, 0, 0, 0.0929162, 0, 0, 0.085305, 0, 0, 0.103391, 0, 0, 0.00297392, 0, 0, 0.0490608, 0, 0, 0.0568362, 0, 0, 0.0443569, 0, 0, 0.0785005, 0, 0, 0.0711704, 0, 0, 0.051999, 0, 0, 0.0575986, 0, 0, 0.0288468, 0, 0, 0.0714513, 0, 0, 0.115787, 0, 0, 0.107317, 0, 0, 0.047016, 0, 0, 0.0295322, 0, 0, 0.116193, 0, 0, 0.0812184, 0, 0, 0.0736828, 0, 0, 
0.0329732, 0, 0, 0.0866074, 0, 0, 0.0978661, 0, 0, 0.107215, 0, 0, 0.0799904, 0, 0, 0.0669028, 0, 0, 0.065703, 0, 0, 0.0815326, 0, 0, 0.083673, 0, 0, 0.0985476, 0, 0, 0.103494, 0, 0, 0.0781666, 0, 0, 0.0670852, 0, 0, 0.101832, 0, 0, 0.0195301, 0, 0, 0.0483531, 0, 0, 0.0600856, 0, 0, 0.0286794, 0, 0, 0.0922178, 0, 0, 0.083817, 0, 0, 0.0772393, 0, 0, 0.0795882, 0, 0, 0.109284, 0, 0, 0.050189, 0, 0, 0.0795171, 0, 0, 0.035865, 0, 0, 0.0542333, 0, 0, 0.0330271, 0, 0, 0.0987396, 0, 0, 0.0297787, 0, 0, 0.0863537, 0, 0, 0.0175349, 0, 0, 0.102153, 0, 0, 0.0450362, 0, 0, 0.0580206, 0, 0, 0.0487828, 0, 0, 0.0443076, 0, 0, 0.0715058, 0, 0, 0.0988599, 0, 0, 0.0652092, 0, 0, 0.0651736, 0, 0, 0.0853195, 0, 0, 0.063196, 0, 0, 0.0519455, 0, 0, 0.0641479, 0, 0, 0.0736828, 0, 0, 
0.0523685, 0, 0, 0.10395, 0, 0, 0.0868394, 0, 0, 0.0599753, 0, 0, 0.0581228, 0, 0, 0.0644402, 0, 0, 0.0832787, 0, 0, 0.0618286, 0, 0, 0.068552, 0, 0, 0.0284221, 0, 0, 0.0726439, 0, 0, 0.0392195, 0, 0, 0.0728727, 0, 0, 0.0771187, 0, 0, 0.110523, 0, 0, 0.08352, 0, 0, 0.10485, 0, 0, 0.0936232, 0, 0, 0.0886455, 0, 0, 0.041205, 0, 0, 0.0882671, 0, 0, 0.0602904, 0, 0, 0.104058, 0, 0, 0.0997513, 0, 0, 0.0677247, 0, 0, 0.0972334, 0, 0, 0.077592, 0, 0, 0.0520858, 0, 0, 0.0618992, 0, 0, 0.0734074, 0, 0, 0.0912206, 0, 0, 0.0773208, 0, 0, 0.0711508, 0, 0, 0.0853932, 0, 0, 0.0551829, 0, 0, 0.0859994, 0, 0, 0.0788921, 0, 0, 0.0720383, 0, 0, 0.0768873, 0, 0, 0.0813138, 0, 0, 0.0537162, 0, 0, 0.0581235, 0, 0, 0.0723657, 0, 0, 0.0547733, 0, 0, 0.102732, 0, 0, 0.0859141, 0, 0, 0.0782731, 0, 0, 0.0697646, 0, 0, 0.0567792, 0, 0, 0.0736828, 0, 0, 
0.0581526, 0, 0, 0.0946565, 0, 0, 0.0812471, 0, 0, 0.0789456, 0, 0, 0.0427868, 0, 0, 0.058793, 0, 0, 0.0988987, 0, 0, 0.0867813, 0, 0, 0.109486, 0, 0, 0.0809319, 0, 0, 0.0826672, 0, 0, 0.0871747, 0, 0, 0.0668024, 0, 0, 0.0377889, 0, 0, 0.0493078, 0, 0, 0.0801561, 0, 0, 0.0607002, 0, 0, 0.0845509, 0, 0, 0.0626591, 0, 0, 0.0657626, 0, 0, 0.0716107, 0, 0, 0.0729702, 0, 0, 0.0516957, 0, 0, 0.0640804, 0, 0, 0.0689214, 0, 0, 0.0907352, 0, 0, 0.066385, 0, 0, 0.0792793, 0, 0, 0.0646517, 0, 0, 0.0823932, 0, 0, 0.0704521, 0, 0, 0.0678566, 0, 0, 0.0919962, 0, 0, 0.0619091, 0, 0, 0.0533439, 0, 0, 0.0541811, 0, 0, 0.0607539, 0, 0, 0.0581324, 0, 0, 0.0673653, 0, 0, 0.0618874, 0, 0, 0.0510468, 0, 0, 0.0596318, 0, 0, 0.10029, 0, 0, 0.0931241, 0, 0, 0.0820948, 0, 0, 0.0996401, 0, 0, 0.0887924, 0, 0, 0.0586676, 0, 0, 0.0838157, 0, 0, 0.0892607, 0, 0, 0.0850782, 0, 0, 0.0748013, 0, 0, 0.0673417, 0, 0, 0.0736828, 0, 0, 
0.0657072, 0, 0, 0.0678509, 0, 0, 0.0958778, 0, 0, 0.0854128, 0, 0, 0.07419, 0, 0, 0.0727506, 0, 0, 0.0678149, 0, 0, 0.0662442, 0, 0, 0.0801921, 0, 0, 0.0756031, 0, 0, 0.0767073, 0, 0, 0.0717013, 0, 0, 0.0829113, 0, 0, 0.0929517, 0, 0, 0.0632101, 0, 0, 0.0761658, 0, 0, 0.0720208, 0, 0, 0.0685134, 0, 0, 0.0664114, 0, 0, 0.0814763, 0, 0, 0.0599267, 0, 0, 0.0806882, 0, 0, 0.0499155, 0, 0, 0.0542581, 0, 0, 0.0506886, 0, 0, 0.0817205, 0, 0, 0.0634275, 0, 0, 0.058851, 0, 0, 0.0543871, 0, 0, 0.0589126, 0, 0, 0.0780162, 0, 0, 0.10013, 0, 0, 0.0867384, 0, 0, 0.0736941, 0, 0, 0.0717138, 0, 0, 0.0886701, 0, 0, 0.0660441, 0, 0, 0.0760139, 0, 0, 0.0794283, 0, 0, 0.075673, 0, 0, 0.088717, 0, 0, 0.0817435, 0, 0, 0.0662938, 0, 0, 0.0616746, 0, 0, 0.0764598, 0, 0, 0.0565296, 0, 0, 0.0753267, 0, 0, 0.0808949, 0, 0, 0.0787553, 0, 0, 0.0845376, 0, 0, 0.0693263, 0, 0, 0.0553864, 0, 0, 0.0831634, 0, 0, 0.0833561, 0, 0, 0.0593262, 0, 0, 0.0603094, 0, 0, 0.0736828, 0, 0, 
0.0803134, 0, 0, 0.0690775, 0, 0, 0.0735968, 0, 0, 0.083769, 0, 0, 0.0716408, 0, 0, 0.0626205, 0, 0, 0.0660249, 0, 0, 0.0873512, 0, 0, 0.0740883, 0, 0, 0.0562284, 0, 0, 0.0638301, 0, 0, 0.0668701, 0, 0, 0.0888353, 0, 0, 0.0928374, 0, 0, 0.0707031, 0, 0, 0.0840622, 0, 0, 0.089201, 0, 0, 0.0725857, 0, 0, 0.0545324, 0, 0, 0.0703011, 0, 0, 0.101712, 0, 0, 0.0941857, 0, 0, 0.0716673, 0, 0, 0.0739687, 0, 0, 0.0884296, 0, 0, 0.0897784, 0, 0, 0.0727972, 0, 0, 0.0586299, 0, 0, 0.077309, 0, 0, 0.0879476, 0, 0, 0.0774234, 0, 0, 0.0884935, 0, 0, 0.0888215, 0, 0, 0.0741341, 0, 0, 0.0577864, 0, 0, 0.0615921, 0, 0, 0.0467418, 0, 0, 0.0573784, 0, 0, 0.0807281, 0, 0, 0.0612697, 0, 0, 0.0698036, 0, 0, 0.0882116, 0, 0, 0.0618531, 0, 0, 0.0625602, 0, 0, 0.0704386, 0, 0, 0.0920526, 0, 0, 0.0867596, 0, 0, 0.0704951, 0, 0, 0.0666294, 0, 0, 0.0585205, 0, 0, 0.0820528, 0, 0, 0.0837593, 0, 0, 0.070867, 0, 0, 0.0547392, 0, 0, 0.0716919, 0, 0, 0.0836288, 0, 0, 0.07741, 0, 0, 0.0813164, 0, 0, 0.0775524, 0, 0, 0.0747524, 0, 0, 0.0736828, 0, 0, 
